     1  0.21046E+02  0.10598E+02   537544  0.44886E+06  0.78793E-01
     2  0.21046E+02  0.10598E+02   803498  0.11156E+07  0.13102E+00
     3  0.21046E+02  0.10598E+02  1067852  0.19316E+07  0.17068E+00
     4  0.21046E+02  0.10598E+02  2126152  0.49618E+07  0.22021E+00
     5  0.21046E+02  0.10598E+02  1853792  0.50650E+07  0.25782E+00
     6  0.21046E+02  0.10598E+02  2637452  0.83463E+07  0.29861E+00
     7  0.21046E+02  0.10598E+02  2628811  0.93087E+07  0.33414E+00
     8  0.21046E+02  0.10598E+02  6285862  0.24631E+08  0.36975E+00
     9  0.21046E+02  0.10598E+02  4434321  0.19580E+08  0.41667E+00
    10  0.21046E+02  0.10598E+02  3640131  0.17661E+08  0.45782E+00
    11  0.21046E+02  0.10598E+02  4660670  0.24199E+08  0.48993E+00
    12  0.21046E+02  0.10598E+02  4389230  0.24212E+08  0.52053E+00
    13  0.21046E+02  0.10598E+02  5655805  0.32880E+08  0.54857E+00
    14  0.21046E+02  0.10598E+02  5636108  0.34359E+08  0.57525E+00
    15  0.21046E+02  0.10598E+02  5364687  0.34027E+08  0.59850E+00
    16  0.21046E+02  0.10598E+02  7121932  0.46896E+08  0.62134E+00
    17  0.21046E+02  0.10598E+02  7094999  0.48451E+08  0.64439E+00
    18  0.21046E+02  0.10598E+02  7068336  0.49989E+08  0.66734E+00
    19  0.21046E+02  0.10598E+02  7296216  0.53098E+08  0.68671E+00
    20  0.21046E+02  0.10598E+02  7024803  0.52565E+08  0.70608E+00
    21  0.21046E+02  0.10598E+02  8986802  0.68695E+08  0.72130E+00
    22  0.21046E+02  0.10598E+02  8710985  0.68457E+08  0.74155E+00
    23  0.21046E+02  0.10598E+02  8923528  0.71577E+08  0.75689E+00
    24  0.21046E+02  0.10598E+02  8895477  0.72851E+08  0.77279E+00
    25  0.21046E+02  0.10598E+02 10338198  0.85303E+08  0.77860E+00
    26  0.21046E+02  0.10598E+02 10052001  0.84202E+08  0.79043E+00
    27  0.21046E+02  0.10598E+02  9776932  0.83054E+08  0.80159E+00
    28  0.21046E+02  0.10598E+02 11195509  0.96295E+08  0.81163E+00
    29  0.21046E+02  0.10598E+02 10434650  0.91315E+08  0.82577E+00
    30  0.21046E+02  0.10598E+02 12078860  0.10685E+09  0.83469E+00
    31  0.21046E+02  0.10598E+02 11558813  0.10426E+09  0.85115E+00
    32  0.21046E+02  0.10598E+02 11284578  0.10319E+09  0.86287E+00
    33  0.21046E+02  0.10598E+02 12428318  0.11448E+09  0.86921E+00
    34  0.21046E+02  0.10598E+02 13339710  0.12382E+09  0.87584E+00
    35  0.21046E+02  0.10598E+02 13284166  0.12488E+09  0.88704E+00
    36  0.21046E+02  0.10598E+02 13480809  0.12862E+09  0.90030E+00
    37  0.21046E+02  0.10598E+02 13188660  0.12761E+09  0.91305E+00
    38  0.21046E+02  0.10598E+02 14536836  0.14185E+09  0.92077E+00
    39  0.21046E+02  0.10598E+02 13790377  0.13696E+09  0.93719E+00
    40  0.21046E+02  0.10598E+02 15351300  0.15363E+09  0.94436E+00
    41  0.21046E+02  0.10598E+02 14385478  0.14661E+09  0.96166E+00
    42  0.21046E+02  0.10598E+02 15239683  0.15718E+09  0.97322E+00
    43  0.21046E+02  0.10598E+02 15868753  0.16495E+09  0.98088E+00
    44  0.21046E+02  0.10598E+02 15130910  0.16073E+09  0.10024E+01
    45  0.21046E+02  0.10598E+02 16424092  0.17523E+09  0.10067E+01
    46  0.21046E+02  0.10598E+02 15702318  0.17051E+09  0.10246E+01
    47  0.21046E+02  0.10598E+02 17205369  0.18749E+09  0.10283E+01
    48  0.21046E+02  0.10598E+02 17143561  0.18926E+09  0.10417E+01
    49  0.21046E+02  0.10598E+02 17543687  0.19585E+09  0.10534E+01
    50  0.21046E+02  0.10598E+02 17670812  0.19872E+09  0.10612E+01
    51  0.21046E+02  0.10598E+02 17836500  0.20313E+09  0.10746E+01
    52  0.21046E+02  0.10598E+02 19076790  0.21795E+09  0.10781E+01
    53  0.21046E+02  0.10598E+02 17484640  0.20385E+09  0.11002E+01
    54  0.21046E+02  0.10598E+02 18497456  0.21628E+09  0.11033E+01
    55  0.21046E+02  0.10598E+02 19297232  0.22736E+09  0.11118E+01
    56  0.21046E+02  0.10598E+02 18584805  0.22190E+09  0.11267E+01
    57  0.21046E+02  0.10598E+02 20441135  0.24453E+09  0.11288E+01
    58  0.21046E+02  0.10598E+02 18228481  0.22201E+09  0.11492E+01
    59  0.21046E+02  0.10598E+02 21145702  0.25674E+09  0.11457E+01
    60  0.21046E+02  0.10598E+02 20419348  0.25045E+09  0.11574E+01
    61  0.21046E+02  0.10598E+02 19717357  0.24493E+09  0.11721E+01
    62  0.21046E+02  0.10598E+02 21305293  0.26512E+09  0.11742E+01
    63  0.21046E+02  0.10598E+02 19358612  0.24470E+09  0.11928E+01
    64  0.21046E+02  0.10598E+02 23254598  0.29235E+09  0.11863E+01
    65  0.21046E+02  0.10598E+02 21077864  0.26967E+09  0.12072E+01
    66  0.21046E+02  0.10598E+02 22256749  0.28570E+09  0.12113E+01
    67  0.21046E+02  0.10598E+02 21930735  0.28300E+09  0.12177E+01
    68  0.21046E+02  0.10598E+02 21658592  0.28191E+09  0.12282E+01
    69  0.21046E+02  0.10598E+02 23189706  0.30137E+09  0.12263E+01
    70  0.21046E+02  0.10598E+02 22087399  0.29038E+09  0.12406E+01
    71  0.21046E+02  0.10598E+02 22213319  0.29380E+09  0.12480E+01
    72  0.21046E+02  0.10598E+02 24536756  0.32132E+09  0.12357E+01
    73  0.21046E+02  0.10598E+02 22646637  0.30270E+09  0.12613E+01
    74  0.21046E+02  0.10598E+02 23933436  0.31792E+09  0.12534E+01
    75  0.21046E+02  0.10598E+02 23048248  0.31001E+09  0.12692E+01
    76  0.21046E+02  0.10598E+02 24549868  0.32852E+09  0.12627E+01
    77  0.21046E+02  0.10598E+02 25045683  0.33523E+09  0.12630E+01
    78  0.21046E+02  0.10598E+02 23557201  0.31943E+09  0.12795E+01
    79  0.21046E+02  0.10598E+02 24632124  0.33283E+09  0.12750E+01
    80  0.21046E+02  0.10598E+02 24341819  0.33082E+09  0.12824E+01
    81  0.21046E+02  0.10598E+02 26395076  0.35431E+09  0.12667E+01
    82  0.21046E+02  0.10598E+02 25104095  0.34095E+09  0.12816E+01
    83  0.21046E+02  0.10598E+02 25002944  0.34106E+09  0.12872E+01
    84  0.21046E+02  0.10598E+02 25099719  0.34337E+09  0.12909E+01
    85  0.21046E+02  0.10598E+02 26708495  0.36258E+09  0.12810E+01
    86  0.21046E+02  0.10598E+02 26211459  0.35808E+09  0.12891E+01
    87  0.21046E+02  0.10598E+02 25912065  0.35559E+09  0.12949E+01
    88  0.21046E+02  0.10598E+02 25609639  0.35321E+09  0.13014E+01
    89  0.21046E+02  0.10598E+02 27766558  0.37965E+09  0.12902E+01
    90  0.21046E+02  0.10598E+02 26345084  0.36455E+09  0.13057E+01
    91  0.21046E+02  0.10598E+02 27141470  0.37490E+09  0.13034E+01
    92  0.21046E+02  0.10598E+02 26665516  0.37040E+09  0.13107E+01
    93  0.21046E+02  0.10598E+02 27638750  0.38218E+09  0.13048E+01
    94  0.21046E+02  0.10598E+02 26984610  0.37603E+09  0.13149E+01
    95  0.21046E+02  0.10598E+02 27414151  0.38142E+09  0.13129E+01
    96  0.21046E+02  0.10598E+02 27672289  0.38526E+09  0.13137E+01
    97  0.21046E+02  0.10598E+02 28104902  0.39136E+09  0.13140E+01
    98  0.21046E+02  0.10598E+02 30292685  0.41972E+09  0.13074E+01
    99  0.21046E+02  0.10598E+02 26946466  0.37994E+09  0.13305E+01
   100  0.21046E+02  0.10598E+02 28971227  0.40525E+09  0.13199E+01
   101  0.21046E+02  0.10598E+02 26895800  0.38128E+09  0.13377E+01
   102  0.21046E+02  0.10598E+02 29781812  0.41846E+09  0.13259E+01
   103  0.21046E+02  0.10598E+02 29962973  0.42187E+09  0.13286E+01
   104  0.21046E+02  0.10598E+02 27588271  0.39282E+09  0.13436E+01
   105  0.21046E+02  0.10598E+02 29357754  0.41703E+09  0.13404E+01
   106  0.21046E+02  0.10598E+02 28915637  0.41283E+09  0.13472E+01
   107  0.21046E+02  0.10598E+02 29806038  0.42584E+09  0.13481E+01
   108  0.21046E+02  0.10598E+02 30170316  0.43171E+09  0.13502E+01
   109  0.21046E+02  0.10598E+02 29233606  0.42147E+09  0.13604E+01
   110  0.21046E+02  0.10598E+02 31074466  0.44674E+09  0.13566E+01
   111  0.21046E+02  0.10598E+02 28769533  0.41818E+09  0.13716E+01
   112  0.21046E+02  0.10598E+02 30121438  0.43738E+09  0.13702E+01
   113  0.21046E+02  0.10598E+02 29998576  0.43739E+09  0.13758E+01
   114  0.21046E+02  0.10598E+02 30403042  0.44419E+09  0.13786E+01
   115  0.21046E+02  0.10598E+02 31358296  0.45836E+09  0.13793E+01
   116  0.21046E+02  0.10598E+02 30617751  0.44991E+09  0.13866E+01
   117  0.21046E+02  0.10598E+02 30420660  0.44870E+09  0.13918E+01
   118  0.21046E+02  0.10598E+02 30136189  0.44619E+09  0.13971E+01
   119  0.21046E+02  0.10598E+02 30495030  0.45232E+09  0.13996E+01
   120  0.21046E+02  0.10598E+02 31937966  0.47298E+09  0.13974E+01
   121  0.21046E+02  0.10598E+02 31710588  0.47133E+09  0.14025E+01
   122  0.21046E+02  0.10598E+02 31324091  0.46710E+09  0.14071E+01
   123  0.21046E+02  0.10598E+02 32151815  0.48026E+09  0.14095E+01
   124  0.21046E+02  0.10598E+02 30719092  0.46161E+09  0.14179E+01
   125  0.21046E+02  0.10598E+02 31346068  0.47166E+09  0.14198E+01
   126  0.21046E+02  0.10598E+02 31099064  0.46922E+09  0.14237E+01
   127  0.21046E+02  0.10598E+02 33078394  0.49922E+09  0.14241E+01
   128  0.21046E+02  0.10598E+02 31227621  0.47410E+09  0.14326E+01
   129  0.21046E+02  0.10598E+02 32145940  0.48885E+09  0.14350E+01
   130  0.21046E+02  0.10598E+02 31396255  0.47912E+09  0.14400E+01
   131  0.21046E+02  0.10598E+02 31722902  0.48520E+09  0.14433E+01
   132  0.21046E+02  0.10598E+02 32876352  0.50384E+09  0.14461E+01
   133  0.21046E+02  0.10598E+02 32158994  0.49418E+09  0.14500E+01
   134  0.21046E+02  0.10598E+02 32907158  0.50680E+09  0.14532E+01
   135  0.21046E+02  0.10598E+02 31668740  0.48992E+09  0.14598E+01
   136  0.21046E+02  0.10598E+02 33465881  0.51834E+09  0.14615E+01
   137  0.21046E+02  0.10598E+02 32095163  0.49914E+09  0.14675E+01
   138  0.21046E+02  0.10598E+02 31814461  0.49608E+09  0.14714E+01
   139  0.21046E+02  0.10598E+02 33265506  0.51946E+09  0.14735E+01
   140  0.21046E+02  0.10598E+02 33368240  0.52284E+09  0.14785E+01
   141  0.21046E+02  0.10598E+02 32907612  0.51709E+09  0.14827E+01
   142  0.21046E+02  0.10598E+02 32323280  0.50968E+09  0.14879E+01
   143  0.21046E+02  0.10598E+02 31731934  0.50199E+09  0.14928E+01
   144  0.21046E+02  0.10598E+02 34131581  0.54048E+09  0.14942E+01
   145  0.21046E+02  0.10598E+02 33832050  0.53697E+09  0.14977E+01
   146  0.21046E+02  0.10598E+02 33199757  0.52862E+09  0.15025E+01
   147  0.21046E+02  0.10598E+02 32513127  0.51941E+09  0.15075E+01
   148  0.21046E+02  0.10598E+02 33752514  0.53974E+09  0.15089E+01
   149  0.21046E+02  0.10598E+02 33922816  0.54362E+09  0.15122E+01
   150  0.21046E+02  0.10598E+02 32262365  0.51956E+09  0.15196E+01
   151  0.21046E+02  0.10598E+02 33984375  0.54729E+09  0.15196E+01
   152  0.21046E+02  0.10598E+02 32083917  0.51964E+09  0.15283E+01
   153  0.21046E+02  0.10598E+02 34447910  0.55659E+09  0.15246E+01
   154  0.21046E+02  0.10598E+02 33204033  0.53998E+09  0.15345E+01
   155  0.21046E+02  0.10598E+02 32640425  0.53280E+09  0.15403E+01
   156  0.21046E+02  0.10598E+02 33894015  0.55276E+09  0.15389E+01
   157  0.21046E+02  0.10598E+02 34305211  0.56050E+09  0.15417E+01
   158  0.21046E+02  0.10598E+02 34081855  0.55858E+09  0.15465E+01
   159  0.21046E+02  0.10598E+02 32722856  0.54018E+09  0.15577E+01
   160  0.21046E+02  0.10598E+02 32690020  0.54147E+09  0.15630E+01
   161  0.21046E+02  0.10598E+02 34785454  0.57258E+09  0.15532E+01
   162  0.21046E+02  0.10598E+02 33252035  0.55301E+09  0.15693E+01
   163  0.21046E+02  0.10598E+02 34453362  0.57156E+09  0.15654E+01
   164  0.21046E+02  0.10598E+02 32993446  0.55259E+09  0.15804E+01
   165  0.21046E+02  0.10598E+02 34060539  0.56985E+09  0.15787E+01
   166  0.21046E+02  0.10598E+02 33989221  0.57078E+09  0.15846E+01
   167  0.21046E+02  0.10598E+02 32714250  0.55469E+09  0.16000E+01
   168  0.21046E+02  0.10598E+02 33977518  0.57507E+09  0.15971E+01
   169  0.21046E+02  0.10598E+02 34219512  0.58195E+09  0.16047E+01
   170  0.21046E+02  0.10598E+02 34354306  0.58592E+09  0.16094E+01
   171  0.21046E+02  0.10598E+02 34165749  0.58519E+09  0.16162E+01
   172  0.21046E+02  0.10598E+02 31914267  0.55386E+09  0.16376E+01
   173  0.21046E+02  0.10598E+02 34473564  0.59374E+09  0.16252E+01
   174  0.21046E+02  0.10598E+02 33806782  0.58632E+09  0.16365E+01
   175  0.21046E+02  0.10598E+02 33370769  0.58206E+09  0.16459E+01
   176  0.21046E+02  0.10598E+02 34011364  0.59363E+09  0.16470E+01
   177  0.21046E+02  0.10598E+02 33056396  0.58265E+09  0.16632E+01
   178  0.21046E+02  0.10598E+02 34654761  0.60765E+09  0.16546E+01
   179  0.21046E+02  0.10598E+02 33429306  0.59154E+09  0.16698E+01
   180  0.21046E+02  0.10598E+02 34039621  0.60285E+09  0.16711E+01
   181  0.21046E+02  0.10598E+02 33381051  0.59475E+09  0.16812E+01
   182  0.21046E+02  0.10598E+02 33867388  0.60465E+09  0.16847E+01
   183  0.21046E+02  0.10598E+02 33536306  0.60123E+09  0.16917E+01
   184  0.21046E+02  0.10598E+02 33242435  0.59904E+09  0.17004E+01
   185  0.21046E+02  0.10598E+02 33006265  0.59604E+09  0.17040E+01
   186  0.21046E+02  0.10598E+02 33605109  0.60810E+09  0.17075E+01
   187  0.21046E+02  0.10598E+02 33967446  0.61619E+09  0.17118E+01
   188  0.21046E+02  0.10598E+02 33553380  0.61197E+09  0.17210E+01
   189  0.21046E+02  0.10598E+02 33239202  0.60856E+09  0.17276E+01
   190  0.21046E+02  0.10598E+02 32666922  0.59977E+09  0.17325E+01
   191  0.21046E+02  0.10598E+02 34210500  0.62740E+09  0.17305E+01
   192  0.21046E+02  0.10598E+02 32903266  0.60681E+09  0.17402E+01
   193  0.21046E+02  0.10598E+02 33497432  0.61959E+09  0.17454E+01
   194  0.21046E+02  0.10598E+02 33142327  0.61469E+09  0.17501E+01
   195  0.21046E+02  0.10598E+02 33581894  0.62420E+09  0.17539E+01
   196  0.21046E+02  0.10598E+02 33282621  0.62186E+09  0.17631E+01
   197  0.21046E+02  0.10598E+02 33538838  0.62603E+09  0.17613E+01
   198  0.21046E+02  0.10598E+02 32325680  0.60919E+09  0.17783E+01
   199  0.21046E+02  0.10598E+02 33712639  0.63226E+09  0.17697E+01
   200  0.21046E+02  0.10598E+02 32200931  0.61053E+09  0.17891E+01
   201  0.21046E+02  0.10598E+02 32509098  0.61757E+09  0.17926E+01
   202  0.21046E+02  0.10598E+02 33261991  0.62990E+09  0.17870E+01
   203  0.21046E+02  0.10598E+02 32371782  0.61858E+09  0.18031E+01
   204  0.21046E+02  0.10598E+02 33426101  0.63658E+09  0.17970E+01
   205  0.21046E+02  0.10598E+02 31656298  0.61074E+09  0.18205E+01
   206  0.21046E+02  0.10598E+02 32810299  0.63083E+09  0.18143E+01
   207  0.21046E+02  0.10598E+02 32287042  0.62360E+09  0.18225E+01
   208  0.21046E+02  0.10598E+02 32963267  0.63703E+09  0.18236E+01
   209  0.21046E+02  0.10598E+02 33088616  0.63900E+09  0.18223E+01
   210  0.21046E+02  0.10598E+02 31264851  0.61201E+09  0.18471E+01
   211  0.21046E+02  0.10598E+02 32062623  0.62524E+09  0.18401E+01
   212  0.21046E+02  0.10598E+02 32607545  0.63593E+09  0.18403E+01
   213  0.21046E+02  0.10598E+02 31746598  0.62404E+09  0.18549E+01
   214  0.21046E+02  0.10598E+02 32683411  0.63841E+09  0.18432E+01
   215  0.21046E+02  0.10598E+02 30660306  0.60808E+09  0.18715E+01
   216  0.21046E+02  0.10598E+02 32583375  0.63843E+09  0.18489E+01
   217  0.21046E+02  0.10598E+02 31934073  0.63026E+09  0.18623E+01
   218  0.21046E+02  0.10598E+02 30536106  0.60815E+09  0.18793E+01
   219  0.21046E+02  0.10598E+02 32835719  0.64655E+09  0.18580E+01
   220  0.21046E+02  0.10598E+02 30916445  0.61715E+09  0.18836E+01
   221  0.21046E+02  0.10598E+02 32138749  0.63604E+09  0.18674E+01
   222  0.21046E+02  0.10598E+02 31044748  0.62005E+09  0.18847E+01
   223  0.21046E+02  0.10598E+02 30649924  0.61433E+09  0.18913E+01
   224  0.21046E+02  0.10598E+02 30498167  0.61207E+09  0.18937E+01
   225  0.21046E+02  0.10598E+02 31774141  0.63583E+09  0.18882E+01
   226  0.21046E+02  0.10598E+02 31315797  0.62680E+09  0.18887E+01
   227  0.21046E+02  0.10598E+02 30521237  0.61606E+09  0.19046E+01
   228  0.21046E+02  0.10598E+02 30692058  0.61900E+09  0.19031E+01
   229  0.21046E+02  0.10598E+02 30764941  0.62068E+09  0.19037E+01
   230  0.21046E+02  0.10598E+02 30503502  0.61848E+09  0.19132E+01
   231  0.21046E+02  0.10598E+02 30455141  0.61700E+09  0.19117E+01
   232  0.21046E+02  0.10598E+02 30101685  0.61346E+09  0.19230E+01
   233  0.21046E+02  0.10598E+02 30622745  0.62166E+09  0.19156E+01
   234  0.21046E+02  0.10598E+02 29840534  0.61063E+09  0.19309E+01
   235  0.21046E+02  0.10598E+02 29529304  0.60642E+09  0.19378E+01
   236  0.21046E+02  0.10598E+02 29616084  0.60920E+09  0.19410E+01
   237  0.21046E+02  0.10598E+02 29777460  0.61336E+09  0.19437E+01
   238  0.21046E+02  0.10598E+02 30051855  0.61775E+09  0.19397E+01
   239  0.21046E+02  0.10598E+02 29368484  0.60754E+09  0.19520E+01
   240  0.21046E+02  0.10598E+02 28961467  0.60130E+09  0.19591E+01
   241  0.21046E+02  0.10598E+02 29402212  0.61002E+09  0.19577E+01
   242  0.21046E+02  0.10598E+02 28665708  0.59881E+09  0.19711E+01
   243  0.21046E+02  0.10598E+02 29141271  0.60835E+09  0.19699E+01
   244  0.21046E+02  0.10598E+02 29300100  0.61313E+09  0.19746E+01
   245  0.21046E+02  0.10598E+02 28667481  0.60367E+09  0.19870E+01
   246  0.21046E+02  0.10598E+02 29143075  0.61284E+09  0.19843E+01
   247  0.21046E+02  0.10598E+02 27751987  0.58957E+09  0.20046E+01
   248  0.21046E+02  0.10598E+02 28441536  0.60365E+09  0.20027E+01
   249  0.21046E+02  0.10598E+02 27707539  0.59188E+09  0.20157E+01
   250  0.21046E+02  0.10598E+02 28701805  0.61178E+09  0.20113E+01
   251  0.21046E+02  0.10598E+02 27835804  0.59746E+09  0.20254E+01
   252  0.21046E+02  0.10598E+02 27800163  0.59908E+09  0.20334E+01
   253  0.21046E+02  0.10598E+02 27292020  0.59103E+09  0.20435E+01
   254  0.21046E+02  0.10598E+02 27515112  0.59712E+09  0.20478E+01
   255  0.21046E+02  0.10598E+02 27710548  0.60253E+09  0.20518E+01
   256  0.21046E+02  0.10598E+02 27233152  0.59598E+09  0.20650E+01
   257  0.21046E+02  0.10598E+02 27206788  0.59701E+09  0.20706E+01
   258  0.21046E+02  0.10598E+02 26788569  0.59084E+09  0.20812E+01
   259  0.21046E+02  0.10598E+02 26719906  0.59086E+09  0.20866E+01
   260  0.21046E+02  0.10598E+02 26980871  0.59865E+09  0.20937E+01
   261  0.21046E+02  0.10598E+02 25782251  0.57618E+09  0.21088E+01
   262  0.21046E+02  0.10598E+02 26975430  0.60235E+09  0.21070E+01
   263  0.21046E+02  0.10598E+02 26088908  0.58552E+09  0.21178E+01
   264  0.21046E+02  0.10598E+02 26075900  0.58713E+09  0.21246E+01
   265  0.21046E+02  0.10598E+02 25521242  0.57772E+09  0.21360E+01
   266  0.21046E+02  0.10598E+02 24994386  0.56840E+09  0.21459E+01
   267  0.21046E+02  0.10598E+02 26259812  0.59594E+09  0.21414E+01
   268  0.21046E+02  0.10598E+02 25608432  0.58422E+09  0.21527E+01
   269  0.21046E+02  0.10598E+02 25285281  0.57891E+09  0.21604E+01
   270  0.21046E+02  0.10598E+02 24910357  0.57308E+09  0.21709E+01
   271  0.21046E+02  0.10598E+02 24487355  0.56499E+09  0.21772E+01
   272  0.21046E+02  0.10598E+02 25070970  0.57785E+09  0.21749E+01
   273  0.21046E+02  0.10598E+02 24038132  0.55686E+09  0.21859E+01
   274  0.21046E+02  0.10598E+02 24558898  0.56848E+09  0.21842E+01
   275  0.21046E+02  0.10598E+02 24252777  0.56290E+09  0.21901E+01
   276  0.21046E+02  0.10598E+02 23828097  0.55465E+09  0.21965E+01
   277  0.21046E+02  0.10598E+02 24320881  0.56680E+09  0.21991E+01
   278  0.21046E+02  0.10598E+02 23274426  0.54536E+09  0.22111E+01
   279  0.21046E+02  0.10598E+02 23170025  0.54318E+09  0.22121E+01
   280  0.21046E+02  0.10598E+02 24056727  0.56123E+09  0.22014E+01
   281  0.21046E+02  0.10598E+02 23072797  0.54124E+09  0.22135E+01
   282  0.21046E+02  0.10598E+02 23057771  0.54068E+09  0.22127E+01
   283  0.21046E+02  0.10598E+02 22146545  0.52003E+09  0.22157E+01
   284  0.21046E+02  0.10598E+02 22987727  0.54061E+09  0.22191E+01
   285  0.21046E+02  0.10598E+02 22375273  0.52575E+09  0.22172E+01
   286  0.21046E+02  0.10598E+02 21876420  0.51667E+09  0.22286E+01
   287  0.21046E+02  0.10598E+02 22094103  0.52034E+09  0.22223E+01
   288  0.21046E+02  0.10598E+02 22018138  0.51860E+09  0.22225E+01
   289  0.21046E+02  0.10598E+02 22093219  0.52301E+09  0.22338E+01
   290  0.21046E+02  0.10598E+02 21117676  0.49893E+09  0.22294E+01
   291  0.21046E+02  0.10598E+02 21326146  0.50655E+09  0.22413E+01
   292  0.21046E+02  0.10598E+02 21181729  0.50190E+09  0.22359E+01
   293  0.21046E+02  0.10598E+02 21137769  0.50243E+09  0.22429E+01
   294  0.21046E+02  0.10598E+02 20696824  0.49355E+09  0.22502E+01
   295  0.21046E+02  0.10598E+02 20117231  0.47884E+09  0.22460E+01
   296  0.21046E+02  0.10598E+02 20089809  0.48218E+09  0.22648E+01
   297  0.21046E+02  0.10598E+02 20156980  0.48288E+09  0.22605E+01
   298  0.21046E+02  0.10598E+02 20147362  0.48512E+09  0.22721E+01
   299  0.21046E+02  0.10598E+02 19494277  0.46929E+09  0.22716E+01
   300  0.21046E+02  0.10598E+02 19102180  0.45986E+09  0.22716E+01
   301  0.21046E+02  0.10598E+02 19993371  0.48499E+09  0.22890E+01
   302  0.21046E+02  0.10598E+02 18848527  0.45446E+09  0.22752E+01
   303  0.21046E+02  0.10598E+02 19196715  0.46675E+09  0.22943E+01
   304  0.21046E+02  0.10598E+02 17994724  0.43725E+09  0.22929E+01
   305  0.21046E+02  0.10598E+02 19211643  0.46696E+09  0.22935E+01
   306  0.21046E+02  0.10598E+02 18331309  0.44855E+09  0.23090E+01
   307  0.21046E+02  0.10598E+02 17450972  0.42644E+09  0.23058E+01
   308  0.21046E+02  0.10598E+02 18227962  0.44981E+09  0.23286E+01
   309  0.21046E+02  0.10598E+02 17846456  0.43819E+09  0.23169E+01
   310  0.21046E+02  0.10598E+02 17913895  0.44410E+09  0.23393E+01
   311  0.21046E+02  0.10598E+02 17391348  0.43107E+09  0.23389E+01
   312  0.21046E+02  0.10598E+02 16859261  0.41865E+09  0.23432E+01
   313  0.21046E+02  0.10598E+02 17683843  0.44301E+09  0.23639E+01
   314  0.21046E+02  0.10598E+02 16766090  0.41917E+09  0.23591E+01
   315  0.21046E+02  0.10598E+02 17065527  0.43092E+09  0.23827E+01
   316  0.21046E+02  0.10598E+02 16472643  0.41585E+09  0.23821E+01
   317  0.21046E+02  0.10598E+02 16188390  0.41012E+09  0.23906E+01
   318  0.21046E+02  0.10598E+02 17205592  0.43630E+09  0.23928E+01
   319  0.21046E+02  0.10598E+02 15888186  0.40440E+09  0.24018E+01
   320  0.21046E+02  0.10598E+02 16389509  0.42108E+09  0.24243E+01
   321  0.21046E+02  0.10598E+02 15810330  0.40507E+09  0.24176E+01
   322  0.21046E+02  0.10598E+02 15980812  0.41068E+09  0.24249E+01
   323  0.21046E+02  0.10598E+02 15714513  0.40645E+09  0.24406E+01
   324  0.21046E+02  0.10598E+02 15410446  0.39700E+09  0.24309E+01
   325  0.21046E+02  0.10598E+02 15568328  0.40581E+09  0.24597E+01
   326  0.21046E+02  0.10598E+02 15484580  0.40149E+09  0.24467E+01
   327  0.21046E+02  0.10598E+02 15169802  0.39522E+09  0.24584E+01
   328  0.21046E+02  0.10598E+02 15003908  0.39295E+09  0.24713E+01
   329  0.21046E+02  0.10598E+02 14388558  0.37631E+09  0.24679E+01
   330  0.21046E+02  0.10598E+02 15281381  0.40313E+09  0.24893E+01
   331  0.21046E+02  0.10598E+02 14602588  0.38263E+09  0.24726E+01
   332  0.21046E+02  0.10598E+02 14413366  0.38167E+09  0.24987E+01
   333  0.21046E+02  0.10598E+02 14268783  0.37883E+09  0.25052E+01
   334  0.21046E+02  0.10598E+02 14070642  0.37468E+09  0.25127E+01
   335  0.21046E+02  0.10598E+02 14453159  0.38601E+09  0.25202E+01
   336  0.21046E+02  0.10598E+02 13742139  0.36711E+09  0.25208E+01
   337  0.21046E+02  0.10598E+02 13942759  0.37593E+09  0.25442E+01
   338  0.21046E+02  0.10598E+02 13715360  0.37086E+09  0.25515E+01
   339  0.21046E+02  0.10598E+02 13658117  0.37031E+09  0.25584E+01
   340  0.21046E+02  0.10598E+02 13540240  0.37013E+09  0.25794E+01
   341  0.21046E+02  0.10598E+02 13123134  0.35897E+09  0.25812E+01
   342  0.21046E+02  0.10598E+02 13502098  0.37240E+09  0.26026E+01
   343  0.21046E+02  0.10598E+02 12948018  0.35765E+09  0.26065E+01
   344  0.21046E+02  0.10598E+02 13145106  0.36585E+09  0.26263E+01
   345  0.21046E+02  0.10598E+02 12854878  0.35954E+09  0.26392E+01
   346  0.21046E+02  0.10598E+02 12425201  0.34897E+09  0.26502E+01
   347  0.21046E+02  0.10598E+02 12599037  0.35581E+09  0.26648E+01
   348  0.21046E+02  0.10598E+02 12455298  0.35234E+09  0.26693E+01
   349  0.21046E+02  0.10598E+02 12632824  0.36129E+09  0.26987E+01
   350  0.21046E+02  0.10598E+02 12187561  0.34879E+09  0.27005E+01
   351  0.21046E+02  0.10598E+02 11935008  0.34509E+09  0.27284E+01
   352  0.21046E+02  0.10598E+02 12181144  0.35213E+09  0.27278E+01
   353  0.21046E+02  0.10598E+02 11718383  0.34041E+09  0.27411E+01
   354  0.21046E+02  0.10598E+02 11926141  0.35132E+09  0.27797E+01
   355  0.21046E+02  0.10598E+02 11499835  0.33759E+09  0.27701E+01
   356  0.21046E+02  0.10598E+02 11596182  0.34453E+09  0.28035E+01
   357  0.21046E+02  0.10598E+02 11416505  0.33876E+09  0.28000E+01
   358  0.21046E+02  0.10598E+02 11045781  0.32921E+09  0.28124E+01
   359  0.21046E+02  0.10598E+02 11414111  0.34528E+09  0.28545E+01
   360  0.21046E+02  0.10598E+02 11011462  0.33046E+09  0.28319E+01
   361  0.21046E+02  0.10598E+02 11102127  0.33826E+09  0.28750E+01
   362  0.21046E+02  0.10598E+02 10814941  0.32882E+09  0.28689E+01
   363  0.21046E+02  0.10598E+02 10665583  0.32730E+09  0.28957E+01
   364  0.21046E+02  0.10598E+02 10542031  0.32480E+09  0.29073E+01
   365  0.21046E+02  0.10598E+02 10410077  0.32116E+09  0.29111E+01
   366  0.21046E+02  0.10598E+02 10443781  0.32615E+09  0.29469E+01
   367  0.21046E+02  0.10598E+02 10264806  0.31999E+09  0.29415E+01
   368  0.21046E+02  0.10598E+02 10062325  0.31719E+09  0.29745E+01
   369  0.21046E+02  0.10598E+02 10141217  0.32130E+09  0.29896E+01
   370  0.21046E+02  0.10598E+02  9779049  0.30935E+09  0.29850E+01
   371  0.21046E+02  0.10598E+02  9864695  0.31787E+09  0.30406E+01
   372  0.21046E+02  0.10598E+02  9381754  0.30123E+09  0.30298E+01
   373  0.21046E+02  0.10598E+02  9882119  0.32042E+09  0.30596E+01
   374  0.21046E+02  0.10598E+02  9445072  0.30682E+09  0.30653E+01
   375  0.21046E+02  0.10598E+02  9301903  0.30345E+09  0.30783E+01
   376  0.21046E+02  0.10598E+02  9206443  0.30422E+09  0.31181E+01
   377  0.21046E+02  0.10598E+02  9093646  0.30071E+09  0.31204E+01
   378  0.21046E+02  0.10598E+02  9017897  0.30228E+09  0.31630E+01
   379  0.21046E+02  0.10598E+02  8854142  0.29585E+09  0.31529E+01
   380  0.21046E+02  0.10598E+02  8739348  0.29443E+09  0.31790E+01
   381  0.21046E+02  0.10598E+02  8749597  0.29799E+09  0.32138E+01
   382  0.21046E+02  0.10598E+02  8540616  0.29087E+09  0.32137E+01
   383  0.21046E+02  0.10598E+02  8410592  0.29052E+09  0.32595E+01
   384  0.21046E+02  0.10598E+02  8183192  0.28273E+09  0.32602E+01
   385  0.21046E+02  0.10598E+02  8207025  0.28615E+09  0.32900E+01
   386  0.21046E+02  0.10598E+02  8325011  0.29271E+09  0.33178E+01
   387  0.21046E+02  0.10598E+02  8010624  0.28234E+09  0.33258E+01
   388  0.21046E+02  0.10598E+02  7935769  0.28184E+09  0.33513E+01
   389  0.21046E+02  0.10598E+02  7647291  0.27237E+09  0.33608E+01
   390  0.21046E+02  0.10598E+02  7750672  0.27903E+09  0.33971E+01
   391  0.21046E+02  0.10598E+02  7667669  0.27704E+09  0.34094E+01
   392  0.21046E+02  0.10598E+02  7450011  0.27156E+09  0.34396E+01
   393  0.21046E+02  0.10598E+02  7264586  0.26656E+09  0.34624E+01
   394  0.21046E+02  0.10598E+02  7265451  0.26832E+09  0.34848E+01
   395  0.21046E+02  0.10598E+02  7152464  0.26623E+09  0.35124E+01
   396  0.21046E+02  0.10598E+02  6898208  0.25827E+09  0.35330E+01
   397  0.21046E+02  0.10598E+02  6895098  0.26105E+09  0.35726E+01
   398  0.21046E+02  0.10598E+02  6873855  0.25977E+09  0.35660E+01
   399  0.21046E+02  0.10598E+02  6712139  0.25626E+09  0.36026E+01
   400  0.21046E+02  0.10598E+02  6744077  0.26055E+09  0.36456E+01
   401  0.21046E+02  0.10598E+02  6326126  0.24473E+09  0.36504E+01
   402  0.21046E+02  0.10598E+02  6459786  0.25345E+09  0.37023E+01
   403  0.21046E+02  0.10598E+02  6275653  0.24819E+09  0.37318E+01
   404  0.21046E+02  0.10598E+02  6222495  0.24769E+09  0.37561E+01
   405  0.21046E+02  0.10598E+02  6035714  0.24300E+09  0.37991E+01
   406  0.21046E+02  0.10598E+02  5836223  0.23535E+09  0.38051E+01
   407  0.21046E+02  0.10598E+02  6055064  0.25020E+09  0.38990E+01
   408  0.21046E+02  0.10598E+02  5601306  0.23047E+09  0.38826E+01
   409  0.21046E+02  0.10598E+02  5725535  0.23942E+09  0.39458E+01
   410  0.21046E+02  0.10598E+02  5481219  0.23076E+09  0.39726E+01
   411  0.21046E+02  0.10598E+02  5413639  0.23157E+09  0.40364E+01
   412  0.21046E+02  0.10598E+02  5442982  0.23532E+09  0.40796E+01
   413  0.21046E+02  0.10598E+02  5106121  0.22230E+09  0.41081E+01
   414  0.21046E+02  0.10598E+02  5080524  0.22471E+09  0.41735E+01
   415  0.21046E+02  0.10598E+02  5031199  0.22531E+09  0.42257E+01
   416  0.21046E+02  0.10598E+02  4889455  0.22055E+09  0.42563E+01
   417  0.21046E+02  0.10598E+02  4883658  0.22447E+09  0.43372E+01
   418  0.21046E+02  0.10598E+02  4596038  0.21240E+09  0.43609E+01
   419  0.21046E+02  0.10598E+02  4590088  0.21672E+09  0.44552E+01
   420  0.21046E+02  0.10598E+02  4542462  0.21687E+09  0.45051E+01
   421  0.21046E+02  0.10598E+02  4298635  0.20728E+09  0.45501E+01
   422  0.21046E+02  0.10598E+02  4327463  0.21208E+09  0.46246E+01
   423  0.21046E+02  0.10598E+02  4148478  0.20431E+09  0.46472E+01
   424  0.21046E+02  0.10598E+02  4180990  0.21091E+09  0.47601E+01
   425  0.21046E+02  0.10598E+02  3955070  0.20145E+09  0.48064E+01
   426  0.21046E+02  0.10598E+02  3784017  0.19554E+09  0.48761E+01
   427  0.21046E+02  0.10598E+02  3764456  0.19770E+09  0.49555E+01
   428  0.21046E+02  0.10598E+02  3685607  0.19510E+09  0.49951E+01
   429  0.21046E+02  0.10598E+02  3574805  0.19273E+09  0.50874E+01
   430  0.21046E+02  0.10598E+02  3490683  0.18953E+09  0.51234E+01
   431  0.21046E+02  0.10598E+02  3300085  0.18094E+09  0.51738E+01
   432  0.21046E+02  0.10598E+02  3315924  0.18576E+09  0.52862E+01
   433  0.21046E+02  0.10598E+02  3141781  0.17744E+09  0.53292E+01
   434  0.21046E+02  0.10598E+02  3097338  0.17804E+09  0.54240E+01
   435  0.21046E+02  0.10598E+02  2958789  0.17174E+09  0.54770E+01
   436  0.21046E+02  0.10598E+02  2857922  0.16751E+09  0.55308E+01
   437  0.21046E+02  0.10598E+02  2759536  0.16626E+09  0.56853E+01
   438  0.21046E+02  0.10598E+02  2633819  0.15929E+09  0.57069E+01
   439  0.21046E+02  0.10598E+02  2545304  0.15755E+09  0.58407E+01
   440  0.21046E+02  0.10598E+02  2432612  0.15306E+09  0.59372E+01
   441  0.21046E+02  0.10598E+02  2446121  0.15489E+09  0.59750E+01
   442  0.21046E+02  0.10598E+02  2253674  0.14777E+09  0.61871E+01
   443  0.21046E+02  0.10598E+02  2155321  0.14270E+09  0.62475E+01
   444  0.21046E+02  0.10598E+02  2001512  0.13591E+09  0.64076E+01
   445  0.21046E+02  0.10598E+02  2019350  0.13986E+09  0.65354E+01
   446  0.21046E+02  0.10598E+02  1819075  0.12907E+09  0.66955E+01
   447  0.21046E+02  0.10598E+02  1805746  0.13071E+09  0.68303E+01
