     1  0.19181E+02  0.33721E+02   723247  0.12532E+07  0.51384E-01
     2  0.19181E+02  0.33721E+02  1079798  0.31840E+07  0.87445E-01
     3  0.19181E+02  0.33721E+02  1433867  0.55582E+07  0.11496E+00
     4  0.19181E+02  0.33721E+02  2851861  0.14194E+08  0.14760E+00
     5  0.19181E+02  0.33721E+02  2484845  0.14167E+08  0.16908E+00
     6  0.19181E+02  0.33721E+02  3532749  0.23079E+08  0.19374E+00
     7  0.19181E+02  0.33721E+02  7038996  0.49508E+08  0.20858E+00
     8  0.19181E+02  0.33721E+02  8410498  0.64463E+08  0.22730E+00
     9  0.19181E+02  0.33721E+02  5929547  0.49393E+08  0.24703E+00
    10  0.19181E+02  0.33721E+02  4866326  0.42549E+08  0.25929E+00
    11  0.19181E+02  0.33721E+02  6228289  0.58249E+08  0.27735E+00
    12  0.19181E+02  0.33721E+02  5865706  0.57222E+08  0.28930E+00
    13  0.19181E+02  0.33721E+02  7557408  0.77495E+08  0.30409E+00
    14  0.19181E+02  0.33721E+02  7531987  0.80656E+08  0.31756E+00
    15  0.19181E+02  0.33721E+02  7171227  0.79436E+08  0.32850E+00
    16  0.19181E+02  0.33721E+02  9520694  0.10972E+09  0.34175E+00
    17  0.19181E+02  0.33721E+02  9487897  0.11395E+09  0.35617E+00
    18  0.19181E+02  0.33721E+02  9455508  0.11774E+09  0.36926E+00
    19  0.19181E+02  0.33721E+02  9764525  0.12570E+09  0.38176E+00
    20  0.19181E+02  0.33721E+02  9406115  0.12560E+09  0.39599E+00
    21  0.19181E+02  0.33721E+02 12036584  0.16507E+09  0.40669E+00
    22  0.19181E+02  0.33721E+02 11673468  0.16713E+09  0.42458E+00
    23  0.19181E+02  0.33721E+02 11963637  0.17714E+09  0.43909E+00
    24  0.19181E+02  0.33721E+02 11930692  0.18282E+09  0.45443E+00
    25  0.19181E+02  0.33721E+02 13870537  0.21772E+09  0.46550E+00
    26  0.19181E+02  0.33721E+02 13492124  0.21819E+09  0.47957E+00
    27  0.19181E+02  0.33721E+02 13127789  0.21852E+09  0.49363E+00
    28  0.19181E+02  0.33721E+02 15039925  0.25642E+09  0.50561E+00
    29  0.19181E+02  0.33721E+02 14022781  0.24554E+09  0.51926E+00
    30  0.19181E+02  0.33721E+02 16240457  0.28821E+09  0.52628E+00
    31  0.19181E+02  0.33721E+02 15546361  0.28304E+09  0.53991E+00
    32  0.19181E+02  0.33721E+02 15182063  0.28277E+09  0.55234E+00
    33  0.19181E+02  0.33721E+02 16730976  0.31696E+09  0.56181E+00
    34  0.19181E+02  0.33721E+02 17963158  0.34521E+09  0.56991E+00
    35  0.19181E+02  0.33721E+02 17898316  0.35055E+09  0.58083E+00
    36  0.19181E+02  0.33721E+02 18169068  0.36127E+09  0.58967E+00
    37  0.19181E+02  0.33721E+02 17783814  0.36006E+09  0.60042E+00
    38  0.19181E+02  0.33721E+02 19611957  0.40153E+09  0.60716E+00
    39  0.19181E+02  0.33721E+02 18609399  0.38701E+09  0.61673E+00
    40  0.19181E+02  0.33721E+02 20728271  0.43632E+09  0.62423E+00
    41  0.19181E+02  0.33721E+02 19424207  0.41458E+09  0.63295E+00
    42  0.19181E+02  0.33721E+02 20592679  0.44548E+09  0.64154E+00
    43  0.19181E+02  0.33721E+02 21452305  0.46985E+09  0.64951E+00
    44  0.19181E+02  0.33721E+02 20460543  0.45459E+09  0.65888E+00
    45  0.19181E+02  0.33721E+02 22228323  0.50077E+09  0.66809E+00
    46  0.19181E+02  0.33721E+02 21252604  0.48423E+09  0.67568E+00
    47  0.19181E+02  0.33721E+02 23308609  0.53816E+09  0.68469E+00
    48  0.19181E+02  0.33721E+02 23237284  0.54437E+09  0.69472E+00
    49  0.19181E+02  0.33721E+02 23790459  0.56534E+09  0.70471E+00
    50  0.19181E+02  0.33721E+02 23989188  0.57893E+09  0.71567E+00
    51  0.19181E+02  0.33721E+02 24225150  0.59273E+09  0.72560E+00
    52  0.19181E+02  0.33721E+02 25936153  0.64114E+09  0.73308E+00
    53  0.19181E+02  0.33721E+02 23780858  0.60037E+09  0.74867E+00
    54  0.19181E+02  0.33721E+02 25182286  0.64088E+09  0.75472E+00
    55  0.19181E+02  0.33721E+02 26292458  0.67604E+09  0.76250E+00
    56  0.19181E+02  0.33721E+02 25337449  0.66215E+09  0.77499E+00
    57  0.19181E+02  0.33721E+02 27894471  0.73231E+09  0.77854E+00
    58  0.19181E+02  0.33721E+02 24886712  0.66830E+09  0.79636E+00
    59  0.19181E+02  0.33721E+02 28897083  0.77501E+09  0.79535E+00
    60  0.19181E+02  0.33721E+02 27921036  0.75903E+09  0.80618E+00
    61  0.19181E+02  0.33721E+02 26973317  0.74380E+09  0.81776E+00
    62  0.19181E+02  0.33721E+02 29171385  0.80686E+09  0.82024E+00
    63  0.19181E+02  0.33721E+02 26511096  0.74460E+09  0.83291E+00
    64  0.19181E+02  0.33721E+02 31879728  0.89072E+09  0.82858E+00
    65  0.19181E+02  0.33721E+02 28905421  0.81932E+09  0.84058E+00
    66  0.19181E+02  0.33721E+02 30539151  0.86875E+09  0.84361E+00
    67  0.19181E+02  0.33721E+02 30119672  0.86520E+09  0.85187E+00
    68  0.19181E+02  0.33721E+02 29758711  0.86311E+09  0.86011E+00
    69  0.19181E+02  0.33721E+02 31894595  0.92965E+09  0.86439E+00
    70  0.19181E+02  0.33721E+02 30390172  0.89445E+09  0.87283E+00
    71  0.19181E+02  0.33721E+02 30579022  0.90791E+09  0.88048E+00
    72  0.19181E+02  0.33721E+02 33813674  0.10109E+10  0.88659E+00
    73  0.19181E+02  0.33721E+02 31215018  0.94370E+09  0.89655E+00
    74  0.19181E+02  0.33721E+02 33026131  0.10053E+10  0.90268E+00
    75  0.19181E+02  0.33721E+02 31818237  0.97797E+09  0.91149E+00
    76  0.19181E+02  0.33721E+02 33919854  0.10487E+10  0.91686E+00
    77  0.19181E+02  0.33721E+02 34626583  0.10791E+10  0.92415E+00
    78  0.19181E+02  0.33721E+02 32586820  0.10253E+10  0.93304E+00
    79  0.19181E+02  0.33721E+02 34104025  0.10799E+10  0.93901E+00
    80  0.19181E+02  0.33721E+02 33719750  0.10756E+10  0.94600E+00
    81  0.19181E+02  0.33721E+02 36594146  0.11752E+10  0.95238E+00
    82  0.19181E+02  0.33721E+02 34825589  0.11268E+10  0.95951E+00
    83  0.19181E+02  0.33721E+02 34705061  0.11297E+10  0.96532E+00
    84  0.19181E+02  0.33721E+02 34856941  0.11403E+10  0.97012E+00
    85  0.19181E+02  0.33721E+02 37122987  0.12158E+10  0.97119E+00
    86  0.19181E+02  0.33721E+02 36452661  0.12020E+10  0.97783E+00
    87  0.19181E+02  0.33721E+02 36056189  0.11968E+10  0.98432E+00
    88  0.19181E+02  0.33721E+02 35655805  0.11904E+10  0.99009E+00
    89  0.19181E+02  0.33721E+02 38687591  0.12919E+10  0.99030E+00
    90  0.19181E+02  0.33721E+02 36719073  0.12362E+10  0.99840E+00
    91  0.19181E+02  0.33721E+02 37862815  0.12790E+10  0.10018E+01
    92  0.19181E+02  0.33721E+02 37215282  0.12660E+10  0.10088E+01
    93  0.19181E+02  0.33721E+02 38607484  0.13161E+10  0.10109E+01
    94  0.19181E+02  0.33721E+02 37706357  0.12952E+10  0.10186E+01
    95  0.19181E+02  0.33721E+02 38332516  0.13218E+10  0.10226E+01
    96  0.19181E+02  0.33721E+02 38711691  0.13409E+10  0.10272E+01
    97  0.19181E+02  0.33721E+02 39338746  0.13689E+10  0.10319E+01
    98  0.19181E+02  0.33721E+02 42448858  0.14698E+10  0.10268E+01
    99  0.19181E+02  0.33721E+02 37758547  0.13329E+10  0.10468E+01
   100  0.19181E+02  0.33721E+02 40631147  0.14316E+10  0.10449E+01
   101  0.19181E+02  0.33721E+02 37727007  0.13469E+10  0.10587E+01
   102  0.19181E+02  0.33721E+02 41816802  0.14826E+10  0.10514E+01
   103  0.19181E+02  0.33721E+02 42110347  0.15019E+10  0.10577E+01
   104  0.19181E+02  0.33721E+02 38767031  0.14056E+10  0.10752E+01
   105  0.19181E+02  0.33721E+02 41298801  0.14942E+10  0.10729E+01
   106  0.19181E+02  0.33721E+02 40683780  0.14842E+10  0.10818E+01
   107  0.19181E+02  0.33721E+02 41974454  0.15367E+10  0.10857E+01
   108  0.19181E+02  0.33721E+02 42523166  0.15662E+10  0.10922E+01
   109  0.19181E+02  0.33721E+02 41203418  0.15325E+10  0.11030E+01
   110  0.19181E+02  0.33721E+02 43868871  0.16335E+10  0.11042E+01
   111  0.19181E+02  0.33721E+02 40617060  0.15341E+10  0.11201E+01
   112  0.19181E+02  0.33721E+02 42577168  0.16093E+10  0.11209E+01
   113  0.19181E+02  0.33721E+02 42425700  0.16130E+10  0.11275E+01
   114  0.19181E+02  0.33721E+02 43014081  0.16427E+10  0.11325E+01
   115  0.19181E+02  0.33721E+02 44424244  0.16974E+10  0.11331E+01
   116  0.19181E+02  0.33721E+02 43375731  0.16722E+10  0.11433E+01
   117  0.19181E+02  0.33721E+02 43142555  0.16715E+10  0.11490E+01
   118  0.19181E+02  0.33721E+02 42760220  0.16666E+10  0.11558E+01
   119  0.19181E+02  0.33721E+02 43299349  0.16926E+10  0.11592E+01
   120  0.19181E+02  0.33721E+02 45397286  0.17718E+10  0.11574E+01
   121  0.19181E+02  0.33721E+02 45076082  0.17693E+10  0.11640E+01
   122  0.19181E+02  0.33721E+02 44580421  0.17565E+10  0.11685E+01
   123  0.19181E+02  0.33721E+02 45798198  0.18060E+10  0.11694E+01
   124  0.19181E+02  0.33721E+02 43782813  0.17417E+10  0.11797E+01
   125  0.19181E+02  0.33721E+02 44721976  0.17807E+10  0.11808E+01
   126  0.19181E+02  0.33721E+02 44385013  0.17760E+10  0.11866E+01
   127  0.19181E+02  0.33721E+02 47279691  0.18855E+10  0.11826E+01
   128  0.19181E+02  0.33721E+02 44655683  0.17986E+10  0.11945E+01
   129  0.19181E+02  0.33721E+02 46015271  0.18539E+10  0.11948E+01
   130  0.19181E+02  0.33721E+02 44968769  0.18234E+10  0.12024E+01
   131  0.19181E+02  0.33721E+02 45473730  0.18482E+10  0.12053E+01
   132  0.19181E+02  0.33721E+02 47189540  0.19182E+10  0.12055E+01
   133  0.19181E+02  0.33721E+02 46180478  0.18890E+10  0.12131E+01
   134  0.19181E+02  0.33721E+02 47294625  0.19382E+10  0.12153E+01
   135  0.19181E+02  0.33721E+02 45552752  0.18812E+10  0.12247E+01
   136  0.19181E+02  0.33721E+02 48183149  0.19876E+10  0.12233E+01
   137  0.19181E+02  0.33721E+02 46241216  0.19213E+10  0.12322E+01
   138  0.19181E+02  0.33721E+02 45863413  0.19143E+10  0.12378E+01
   139  0.19181E+02  0.33721E+02 48002792  0.20039E+10  0.12380E+01
   140  0.19181E+02  0.33721E+02 48197286  0.20189E+10  0.12422E+01
   141  0.19181E+02  0.33721E+02 47563691  0.20029E+10  0.12488E+01
   142  0.19181E+02  0.33721E+02 46749126  0.19783E+10  0.12550E+01
   143  0.19181E+02  0.33721E+02 45923164  0.19539E+10  0.12617E+01
   144  0.19181E+02  0.33721E+02 49453078  0.21036E+10  0.12615E+01
   145  0.19181E+02  0.33721E+02 49055107  0.20946E+10  0.12663E+01
   146  0.19181E+02  0.33721E+02 48175633  0.20682E+10  0.12731E+01
   147  0.19181E+02  0.33721E+02 47202784  0.20357E+10  0.12790E+01
   148  0.19181E+02  0.33721E+02 49047334  0.21190E+10  0.12812E+01
   149  0.19181E+02  0.33721E+02 49357283  0.21411E+10  0.12864E+01
   150  0.19181E+02  0.33721E+02 46959362  0.20498E+10  0.12945E+01
   151  0.19181E+02  0.33721E+02 49526301  0.21649E+10  0.12963E+01
   152  0.19181E+02  0.33721E+02 46771235  0.20582E+10  0.13050E+01
   153  0.19181E+02  0.33721E+02 50290286  0.22118E+10  0.13043E+01
   154  0.19181E+02  0.33721E+02 48499837  0.21471E+10  0.13129E+01
   155  0.19181E+02  0.33721E+02 47709875  0.21206E+10  0.13181E+01
   156  0.19181E+02  0.33721E+02 49601480  0.22091E+10  0.13208E+01
   157  0.19181E+02  0.33721E+02 50234748  0.22435E+10  0.13244E+01
   158  0.19181E+02  0.33721E+02 49955163  0.22399E+10  0.13297E+01
   159  0.19181E+02  0.33721E+02 47993299  0.21640E+10  0.13372E+01
   160  0.19181E+02  0.33721E+02 47981743  0.21698E+10  0.13411E+01
   161  0.19181E+02  0.33721E+02 51128603  0.23116E+10  0.13407E+01
   162  0.19181E+02  0.33721E+02 48887095  0.22279E+10  0.13514E+01
   163  0.19181E+02  0.33721E+02 50710802  0.23107E+10  0.13513E+01
   164  0.19181E+02  0.33721E+02 48591071  0.22320E+10  0.13622E+01
   165  0.19181E+02  0.33721E+02 50212491  0.23075E+10  0.13628E+01
   166  0.19181E+02  0.33721E+02 50149265  0.23135E+10  0.13681E+01
   167  0.19181E+02  0.33721E+02 48288866  0.22460E+10  0.13793E+01
   168  0.19181E+02  0.33721E+02 50212580  0.23342E+10  0.13786E+01
   169  0.19181E+02  0.33721E+02 50595785  0.23592E+10  0.13828E+01
   170  0.19181E+02  0.33721E+02 50847175  0.23777E+10  0.13867E+01
   171  0.19181E+02  0.33721E+02 50603345  0.23736E+10  0.13910E+01
   172  0.19181E+02  0.33721E+02 47285548  0.22396E+10  0.14046E+01
   173  0.19181E+02  0.33721E+02 51143715  0.24139E+10  0.13997E+01
   174  0.19181E+02  0.33721E+02 50179675  0.23814E+10  0.14074E+01
   175  0.19181E+02  0.33721E+02 49569955  0.23612E+10  0.14126E+01
   176  0.19181E+02  0.33721E+02 50561059  0.24123E+10  0.14149E+01
   177  0.19181E+02  0.33721E+02 49159475  0.23584E+10  0.14227E+01
   178  0.19181E+02  0.33721E+02 51604651  0.24772E+10  0.14236E+01
   179  0.19181E+02  0.33721E+02 49806719  0.24063E+10  0.14327E+01
   180  0.19181E+02  0.33721E+02 50772300  0.24588E+10  0.14361E+01
   181  0.19181E+02  0.33721E+02 49824895  0.24253E+10  0.14435E+01
   182  0.19181E+02  0.33721E+02 50604206  0.24726E+10  0.14490E+01
   183  0.19181E+02  0.33721E+02 50155441  0.24620E+10  0.14557E+01
   184  0.19181E+02  0.33721E+02 49756619  0.24541E+10  0.14627E+01
   185  0.19181E+02  0.33721E+02 49460044  0.24487E+10  0.14682E+01
   186  0.19181E+02  0.33721E+02 50398812  0.25050E+10  0.14740E+01
   187  0.19181E+02  0.33721E+02 50994695  0.25423E+10  0.14784E+01
   188  0.19181E+02  0.33721E+02 50415853  0.25281E+10  0.14871E+01
   189  0.19181E+02  0.33721E+02 49990686  0.25187E+10  0.14942E+01
   190  0.19181E+02  0.33721E+02 49184133  0.24887E+10  0.15005E+01
   191  0.19181E+02  0.33721E+02 51556111  0.26164E+10  0.15050E+01
   192  0.19181E+02  0.33721E+02 49636349  0.25322E+10  0.15129E+01
   193  0.19181E+02  0.33721E+02 50574351  0.25899E+10  0.15186E+01
   194  0.19181E+02  0.33721E+02 50093292  0.25773E+10  0.15257E+01
   195  0.19181E+02  0.33721E+02 50805469  0.26240E+10  0.15317E+01
   196  0.19181E+02  0.33721E+02 50396613  0.26149E+10  0.15387E+01
   197  0.19181E+02  0.33721E+02 50847065  0.26466E+10  0.15436E+01
   198  0.19181E+02  0.33721E+02 49051597  0.25697E+10  0.15536E+01
   199  0.19181E+02  0.33721E+02 51211930  0.26876E+10  0.15563E+01
   200  0.19181E+02  0.33721E+02 48962576  0.25881E+10  0.15675E+01
   201  0.19181E+02  0.33721E+02 49485915  0.26264E+10  0.15739E+01
   202  0.19181E+02  0.33721E+02 50690604  0.26941E+10  0.15761E+01
   203  0.19181E+02  0.33721E+02 49383676  0.26420E+10  0.15865E+01
   204  0.19181E+02  0.33721E+02 51053433  0.27364E+10  0.15895E+01
   205  0.19181E+02  0.33721E+02 48404153  0.26135E+10  0.16012E+01
   206  0.19181E+02  0.33721E+02 50227570  0.27170E+10  0.16042E+01
   207  0.19181E+02  0.33721E+02 49486568  0.26897E+10  0.16119E+01
   208  0.19181E+02  0.33721E+02 50583458  0.27601E+10  0.16181E+01
   209  0.19181E+02  0.33721E+02 50833727  0.27796E+10  0.16216E+01
   210  0.19181E+02  0.33721E+02 48093393  0.26508E+10  0.16346E+01
   211  0.19181E+02  0.33721E+02 49377065  0.27246E+10  0.16364E+01
   212  0.19181E+02  0.33721E+02 50281124  0.27846E+10  0.16423E+01
   213  0.19181E+02  0.33721E+02 49020544  0.27295E+10  0.16512E+01
   214  0.19181E+02  0.33721E+02 50521375  0.28160E+10  0.16530E+01
   215  0.19181E+02  0.33721E+02 47462582  0.26655E+10  0.16654E+01
   216  0.19181E+02  0.33721E+02 50490905  0.28355E+10  0.16654E+01
   217  0.19181E+02  0.33721E+02 49558851  0.27958E+10  0.16730E+01
   218  0.19181E+02  0.33721E+02 47451457  0.26918E+10  0.16823E+01
   219  0.19181E+02  0.33721E+02 51093104  0.29011E+10  0.16838E+01
   220  0.19181E+02  0.33721E+02 48181190  0.27497E+10  0.16924E+01
   221  0.19181E+02  0.33721E+02 50133235  0.28657E+10  0.16951E+01
   222  0.19181E+02  0.33721E+02 48501333  0.27870E+10  0.17041E+01
   223  0.19181E+02  0.33721E+02 47950415  0.27654E+10  0.17103E+01
   224  0.19181E+02  0.33721E+02 47770002  0.27625E+10  0.17149E+01
   225  0.19181E+02  0.33721E+02 49858230  0.28918E+10  0.17200E+01
   226  0.19181E+02  0.33721E+02 49181374  0.28559E+10  0.17221E+01
   227  0.19181E+02  0.33721E+02 48027052  0.28016E+10  0.17299E+01
   228  0.19181E+02  0.33721E+02 48350584  0.28252E+10  0.17328E+01
   229  0.19181E+02  0.33721E+02 48526088  0.28421E+10  0.17369E+01
   230  0.19181E+02  0.33721E+02 48210163  0.28347E+10  0.17437E+01
   231  0.19181E+02  0.33721E+02 48160157  0.28372E+10  0.17471E+01
   232  0.19181E+02  0.33721E+02 47699796  0.28229E+10  0.17550E+01
   233  0.19181E+02  0.33721E+02 48564139  0.28771E+10  0.17569E+01
   234  0.19181E+02  0.33721E+02 47408417  0.28215E+10  0.17649E+01
   235  0.19181E+02  0.33721E+02 46978928  0.28059E+10  0.17712E+01
   236  0.19181E+02  0.33721E+02 47181323  0.28269E+10  0.17768E+01
   237  0.19181E+02  0.33721E+02 47526633  0.28564E+10  0.17823E+01
   238  0.19181E+02  0.33721E+02 48005068  0.28912E+10  0.17860E+01
   239  0.19181E+02  0.33721E+02 47007006  0.28431E+10  0.17936E+01
   240  0.19181E+02  0.33721E+02 46405856  0.28150E+10  0.17989E+01
   241  0.19181E+02  0.33721E+02 47184226  0.28701E+10  0.18039E+01
   242  0.19181E+02  0.33721E+02 46107005  0.28159E+10  0.18112E+01
   243  0.19181E+02  0.33721E+02 46901114  0.28707E+10  0.18151E+01
   244  0.19181E+02  0.33721E+02 47265528  0.29035E+10  0.18217E+01
   245  0.19181E+02  0.33721E+02 46303306  0.28544E+10  0.18281E+01
   246  0.19181E+02  0.33721E+02 47158828  0.29147E+10  0.18329E+01
   247  0.19181E+02  0.33721E+02 44996510  0.27941E+10  0.18415E+01
   248  0.19181E+02  0.33721E+02 46167609  0.28744E+10  0.18464E+01
   249  0.19181E+02  0.33721E+02 45076778  0.28174E+10  0.18536E+01
   250  0.19181E+02  0.33721E+02 46744199  0.29233E+10  0.18546E+01
   251  0.19181E+02  0.33721E+02 45427738  0.28560E+10  0.18644E+01
   252  0.19181E+02  0.33721E+02 45447592  0.28662E+10  0.18702E+01
   253  0.19181E+02  0.33721E+02 44700852  0.28314E+10  0.18784E+01
   254  0.19181E+02  0.33721E+02 45155240  0.28647E+10  0.18814E+01
   255  0.19181E+02  0.33721E+02 45511493  0.28935E+10  0.18854E+01
   256  0.19181E+02  0.33721E+02 44862444  0.28649E+10  0.18938E+01
   257  0.19181E+02  0.33721E+02 44850193  0.28705E+10  0.18980E+01
   258  0.19181E+02  0.33721E+02 44287951  0.28455E+10  0.19053E+01
   259  0.19181E+02  0.33721E+02 44257625  0.28490E+10  0.19090E+01
   260  0.19181E+02  0.33721E+02 44732120  0.28859E+10  0.19132E+01
   261  0.19181E+02  0.33721E+02 42875966  0.27805E+10  0.19232E+01
   262  0.19181E+02  0.33721E+02 44904915  0.29098E+10  0.19216E+01
   263  0.19181E+02  0.33721E+02 43558298  0.28337E+10  0.19292E+01
   264  0.19181E+02  0.33721E+02 43599440  0.28431E+10  0.19338E+01
   265  0.19181E+02  0.33721E+02 42762020  0.27983E+10  0.19406E+01
   266  0.19181E+02  0.33721E+02 42022230  0.27592E+10  0.19472E+01
   267  0.19181E+02  0.33721E+02 44145344  0.28964E+10  0.19457E+01
   268  0.19181E+02  0.33721E+02 43225955  0.28465E+10  0.19528E+01
   269  0.19181E+02  0.33721E+02 42763868  0.28233E+10  0.19579E+01
   270  0.19181E+02  0.33721E+02 42222055  0.27946E+10  0.19628E+01
   271  0.19181E+02  0.33721E+02 41633090  0.27622E+10  0.19675E+01
   272  0.19181E+02  0.33721E+02 42649226  0.28309E+10  0.19684E+01
   273  0.19181E+02  0.33721E+02 41048793  0.27328E+10  0.19743E+01
   274  0.19181E+02  0.33721E+02 42009348  0.27980E+10  0.19752E+01
   275  0.19181E+02  0.33721E+02 41618141  0.27769E+10  0.19787E+01
   276  0.19181E+02  0.33721E+02 41003444  0.27412E+10  0.19825E+01
   277  0.19181E+02  0.33721E+02 41913192  0.28061E+10  0.19855E+01
   278  0.19181E+02  0.33721E+02 40295118  0.27051E+10  0.19909E+01
   279  0.19181E+02  0.33721E+02 40158084  0.27022E+10  0.19955E+01
   280  0.19181E+02  0.33721E+02 41837392  0.28204E+10  0.19992E+01
   281  0.19181E+02  0.33721E+02 40244039  0.27235E+10  0.20069E+01
   282  0.19181E+02  0.33721E+02 40318688  0.27378E+10  0.20137E+01
   283  0.19181E+02  0.33721E+02 38879439  0.26472E+10  0.20192E+01
   284  0.19181E+02  0.33721E+02 40413608  0.27564E+10  0.20226E+01
   285  0.19181E+02  0.33721E+02 39505867  0.27022E+10  0.20284E+01
   286  0.19181E+02  0.33721E+02 38693487  0.26541E+10  0.20341E+01
   287  0.19181E+02  0.33721E+02 39226986  0.26968E+10  0.20387E+01
   288  0.19181E+02  0.33721E+02 39238648  0.27037E+10  0.20434E+01
   289  0.19181E+02  0.33721E+02 39437391  0.27245E+10  0.20487E+01
   290  0.19181E+02  0.33721E+02 37885752  0.26223E+10  0.20526E+01
   291  0.19181E+02  0.33721E+02 38333757  0.26592E+10  0.20572E+01
   292  0.19181E+02  0.33721E+02 38220093  0.26581E+10  0.20625E+01
   293  0.19181E+02  0.33721E+02 38265801  0.26663E+10  0.20663E+01
   294  0.19181E+02  0.33721E+02 37593816  0.26251E+10  0.20708E+01
   295  0.19181E+02  0.33721E+02 36738376  0.25700E+10  0.20745E+01
   296  0.19181E+02  0.33721E+02 36729180  0.25762E+10  0.20801E+01
   297  0.19181E+02  0.33721E+02 37007495  0.26029E+10  0.20858E+01
   298  0.19181E+02  0.33721E+02 37110645  0.26146E+10  0.20894E+01
   299  0.19181E+02  0.33721E+02 36121014  0.25483E+10  0.20922E+01
   300  0.19181E+02  0.33721E+02 35556827  0.25131E+10  0.20960E+01
   301  0.19181E+02  0.33721E+02 37226661  0.26388E+10  0.21021E+01
   302  0.19181E+02  0.33721E+02 35376725  0.25077E+10  0.21021E+01
   303  0.19181E+02  0.33721E+02 36061629  0.25606E+10  0.21058E+01
   304  0.19181E+02  0.33721E+02 34046629  0.24155E+10  0.21040E+01
   305  0.19181E+02  0.33721E+02 36361114  0.25832E+10  0.21068E+01
   306  0.19181E+02  0.33721E+02 34773119  0.24740E+10  0.21099E+01
   307  0.19181E+02  0.33721E+02 33320726  0.23700E+10  0.21093E+01
   308  0.19181E+02  0.33721E+02 34711615  0.24785E+10  0.21174E+01
   309  0.19181E+02  0.33721E+02 34298685  0.24439E+10  0.21131E+01
   310  0.19181E+02  0.33721E+02 34359678  0.24590E+10  0.21224E+01
   311  0.19181E+02  0.33721E+02 33563206  0.24001E+10  0.21207E+01
   312  0.19181E+02  0.33721E+02 32716197  0.23399E+10  0.21210E+01
   313  0.19181E+02  0.33721E+02 34249126  0.24589E+10  0.21291E+01
   314  0.19181E+02  0.33721E+02 32734866  0.23466E+10  0.21258E+01
   315  0.19181E+02  0.33721E+02 33273405  0.23956E+10  0.21351E+01
   316  0.19181E+02  0.33721E+02 32350467  0.23260E+10  0.21322E+01
   317  0.19181E+02  0.33721E+02 31936933  0.22966E+10  0.21326E+01
   318  0.19181E+02  0.33721E+02 33976653  0.24496E+10  0.21380E+01
   319  0.19181E+02  0.33721E+02 31590899  0.22754E+10  0.21360E+01
   320  0.19181E+02  0.33721E+02 32528517  0.23535E+10  0.21456E+01
   321  0.19181E+02  0.33721E+02 31672017  0.22850E+10  0.21395E+01
   322  0.19181E+02  0.33721E+02 32014399  0.23193E+10  0.21484E+01
   323  0.19181E+02  0.33721E+02 31584380  0.22912E+10  0.21512E+01
   324  0.19181E+02  0.33721E+02 31249899  0.22588E+10  0.21435E+01
   325  0.19181E+02  0.33721E+02 31501337  0.22896E+10  0.21555E+01
   326  0.19181E+02  0.33721E+02 31565492  0.22922E+10  0.21535E+01
   327  0.19181E+02  0.33721E+02 31012604  0.22534E+10  0.21548E+01
   328  0.19181E+02  0.33721E+02 30759242  0.22414E+10  0.21610E+01
   329  0.19181E+02  0.33721E+02 29733281  0.21580E+10  0.21524E+01
   330  0.19181E+02  0.33721E+02 31506968  0.23010E+10  0.21657E+01
   331  0.19181E+02  0.33721E+02 30411501  0.22118E+10  0.21568E+01
   332  0.19181E+02  0.33721E+02 30019324  0.21915E+10  0.21650E+01
   333  0.19181E+02  0.33721E+02 29888216  0.21816E+10  0.21647E+01
   334  0.19181E+02  0.33721E+02 29587816  0.21594E+10  0.21644E+01
   335  0.19181E+02  0.33721E+02 30465479  0.22329E+10  0.21735E+01
   336  0.19181E+02  0.33721E+02 29225119  0.21306E+10  0.21620E+01
   337  0.19181E+02  0.33721E+02 29674229  0.21709E+10  0.21696E+01
   338  0.19181E+02  0.33721E+02 29359374  0.21493E+10  0.21709E+01
   339  0.19181E+02  0.33721E+02 29328863  0.21502E+10  0.21741E+01
   340  0.19181E+02  0.33721E+02 29185462  0.21448E+10  0.21793E+01
   341  0.19181E+02  0.33721E+02 28534468  0.20909E+10  0.21730E+01
   342  0.19181E+02  0.33721E+02 29380038  0.21610E+10  0.21813E+01
   343  0.19181E+02  0.33721E+02 28361614  0.20868E+10  0.21820E+01
   344  0.19181E+02  0.33721E+02 28842594  0.21296E+10  0.21896E+01
   345  0.19181E+02  0.33721E+02 28398729  0.20984E+10  0.21913E+01
   346  0.19181E+02  0.33721E+02 27602272  0.20422E+10  0.21941E+01
   347  0.19181E+02  0.33721E+02 28061712  0.20806E+10  0.21988E+01
   348  0.19181E+02  0.33721E+02 27942405  0.20697E+10  0.21966E+01
   349  0.19181E+02  0.33721E+02 28383188  0.21124E+10  0.22071E+01
   350  0.19181E+02  0.33721E+02 27636917  0.20530E+10  0.22029E+01
   351  0.19181E+02  0.33721E+02 27144039  0.20272E+10  0.22148E+01
   352  0.19181E+02  0.33721E+02 27852557  0.20766E+10  0.22110E+01
   353  0.19181E+02  0.33721E+02 26994780  0.20156E+10  0.22143E+01
   354  0.19181E+02  0.33721E+02 27456777  0.20667E+10  0.22322E+01
   355  0.19181E+02  0.33721E+02 26767158  0.20047E+10  0.22211E+01
   356  0.19181E+02  0.33721E+02 26995463  0.20375E+10  0.22383E+01
   357  0.19181E+02  0.33721E+02 26826399  0.20169E+10  0.22296E+01
   358  0.19181E+02  0.33721E+02 26163245  0.19689E+10  0.22317E+01
   359  0.19181E+02  0.33721E+02 27005920  0.20515E+10  0.22528E+01
   360  0.19181E+02  0.33721E+02 26354437  0.19881E+10  0.22371E+01
   361  0.19181E+02  0.33721E+02 26596303  0.20239E+10  0.22567E+01
   362  0.19181E+02  0.33721E+02 26149652  0.19859E+10  0.22521E+01
   363  0.19181E+02  0.33721E+02 25909506  0.19762E+10  0.22619E+01
   364  0.19181E+02  0.33721E+02 25786436  0.19700E+10  0.22656E+01
   365  0.19181E+02  0.33721E+02 25616027  0.19579E+10  0.22667E+01
   366  0.19181E+02  0.33721E+02 25789561  0.19831E+10  0.22803E+01
   367  0.19181E+02  0.33721E+02 25591195  0.19639E+10  0.22758E+01
   368  0.19181E+02  0.33721E+02 25196784  0.19443E+10  0.22883E+01
   369  0.19181E+02  0.33721E+02 25542656  0.19755E+10  0.22935E+01
   370  0.19181E+02  0.33721E+02 24900057  0.19219E+10  0.22889E+01
   371  0.19181E+02  0.33721E+02 25118934  0.19620E+10  0.23164E+01
   372  0.19181E+02  0.33721E+02 24177972  0.18833E+10  0.23099E+01
   373  0.19181E+02  0.33721E+02 25525692  0.19959E+10  0.23188E+01
   374  0.19181E+02  0.33721E+02 24660263  0.19295E+10  0.23204E+01
   375  0.19181E+02  0.33721E+02 24471253  0.19210E+10  0.23279E+01
   376  0.19181E+02  0.33721E+02 24313315  0.19238E+10  0.23465E+01
   377  0.19181E+02  0.33721E+02 24237255  0.19156E+10  0.23439E+01
   378  0.19181E+02  0.33721E+02 24107320  0.19242E+10  0.23671E+01
   379  0.19181E+02  0.33721E+02 23992098  0.19072E+10  0.23574E+01
   380  0.19181E+02  0.33721E+02 23817683  0.19082E+10  0.23759E+01
   381  0.19181E+02  0.33721E+02 23961228  0.19295E+10  0.23880E+01
   382  0.19181E+02  0.33721E+02 23678136  0.19053E+10  0.23862E+01
   383  0.19181E+02  0.33721E+02 23392930  0.19053E+10  0.24153E+01
   384  0.19181E+02  0.33721E+02 23051541  0.18738E+10  0.24106E+01
   385  0.19181E+02  0.33721E+02 23240887  0.19055E+10  0.24314E+01
   386  0.19181E+02  0.33721E+02 23728839  0.19506E+10  0.24377E+01
   387  0.19181E+02  0.33721E+02 23109880  0.19060E+10  0.24458E+01
   388  0.19181E+02  0.33721E+02 23067243  0.19184E+10  0.24663E+01
   389  0.19181E+02  0.33721E+02 22513257  0.18735E+10  0.24679E+01
   390  0.19181E+02  0.33721E+02 22882162  0.19235E+10  0.24929E+01
   391  0.19181E+02  0.33721E+02 22913285  0.19260E+10  0.24927E+01
   392  0.19181E+02  0.33721E+02 22441389  0.19010E+10  0.25121E+01
   393  0.19181E+02  0.33721E+02 22113444  0.18819E+10  0.25237E+01
   394  0.19181E+02  0.33721E+02 22319828  0.19050E+10  0.25312E+01
   395  0.19181E+02  0.33721E+02 22133018  0.19076E+10  0.25560E+01
   396  0.19181E+02  0.33721E+02 21636661  0.18688E+10  0.25614E+01
   397  0.19181E+02  0.33721E+02 21760994  0.18953E+10  0.25828E+01
   398  0.19181E+02  0.33721E+02 22016266  0.19181E+10  0.25836E+01
   399  0.19181E+02  0.33721E+02 21740322  0.19035E+10  0.25965E+01
   400  0.19181E+02  0.33721E+02 21975812  0.19455E+10  0.26254E+01
   401  0.19181E+02  0.33721E+02 20992893  0.18591E+10  0.26263E+01
   402  0.19181E+02  0.33721E+02 21535392  0.19267E+10  0.26531E+01
   403  0.19181E+02  0.33721E+02 21219264  0.19053E+10  0.26627E+01
   404  0.19181E+02  0.33721E+02 21267032  0.19181E+10  0.26746E+01
   405  0.19181E+02  0.33721E+02 20862483  0.18994E+10  0.26999E+01
   406  0.19181E+02  0.33721E+02 20592427  0.18766E+10  0.27026E+01
   407  0.19181E+02  0.33721E+02 21276776  0.19658E+10  0.27399E+01
   408  0.19181E+02  0.33721E+02 20230999  0.18712E+10  0.27429E+01
   409  0.19181E+02  0.33721E+02 20842532  0.19439E+10  0.27658E+01
   410  0.19181E+02  0.33721E+02 20273270  0.19016E+10  0.27817E+01
   411  0.19181E+02  0.33721E+02 20259098  0.19137E+10  0.28013E+01
   412  0.19181E+02  0.33721E+02 20544591  0.19594E+10  0.28283E+01
   413  0.19181E+02  0.33721E+02 19751103  0.18916E+10  0.28401E+01
   414  0.19181E+02  0.33721E+02 19829810  0.19165E+10  0.28661E+01
   415  0.19181E+02  0.33721E+02 19918340  0.19376E+10  0.28848E+01
   416  0.19181E+02  0.33721E+02 19751031  0.19315E+10  0.29001E+01
   417  0.19181E+02  0.33721E+02 19896660  0.19663E+10  0.29307E+01
   418  0.19181E+02  0.33721E+02 19238435  0.19086E+10  0.29421E+01
   419  0.19181E+02  0.33721E+02 19365136  0.19429E+10  0.29753E+01
   420  0.19181E+02  0.33721E+02 19478277  0.19668E+10  0.29944E+01
   421  0.19181E+02  0.33721E+02 18861911  0.19179E+10  0.30155E+01
   422  0.19181E+02  0.33721E+02 19240276  0.19724E+10  0.30401E+01
   423  0.19181E+02  0.33721E+02 18972640  0.19543E+10  0.30547E+01
   424  0.19181E+02  0.33721E+02 19229116  0.20078E+10  0.30965E+01
   425  0.19181E+02  0.33721E+02 18654981  0.19584E+10  0.31133E+01
   426  0.19181E+02  0.33721E+02 18304020  0.19368E+10  0.31379E+01
   427  0.19181E+02  0.33721E+02 18462280  0.19708E+10  0.31656E+01
   428  0.19181E+02  0.33721E+02 18448690  0.19856E+10  0.31918E+01
   429  0.19181E+02  0.33721E+02 18337681  0.19903E+10  0.32186E+01
   430  0.19181E+02  0.33721E+02 18315133  0.20017E+10  0.32412E+01
   431  0.19181E+02  0.33721E+02 17912403  0.19704E+10  0.32621E+01
   432  0.19181E+02  0.33721E+02 18142480  0.20197E+10  0.33013E+01
   433  0.19181E+02  0.33721E+02 17780266  0.19921E+10  0.33226E+01
   434  0.19181E+02  0.33721E+02 17912559  0.20245E+10  0.33517E+01
   435  0.19181E+02  0.33721E+02 17664756  0.20091E+10  0.33728E+01
   436  0.19181E+02  0.33721E+02 17617127  0.20196E+10  0.33997E+01
   437  0.19181E+02  0.33721E+02 17319998  0.20066E+10  0.34357E+01
   438  0.19181E+02  0.33721E+02 17196004  0.20034E+10  0.34549E+01
   439  0.19181E+02  0.33721E+02 17164446  0.20149E+10  0.34811E+01
   440  0.19181E+02  0.33721E+02 16911836  0.20011E+10  0.35089E+01
   441  0.19181E+02  0.33721E+02 17600530  0.20980E+10  0.35349E+01
   442  0.19181E+02  0.33721E+02 16777035  0.20173E+10  0.35659E+01
   443  0.19181E+02  0.33721E+02 16853293  0.20373E+10  0.35849E+01
   444  0.19181E+02  0.33721E+02 16349641  0.19916E+10  0.36124E+01
   445  0.19181E+02  0.33721E+02 16765915  0.20662E+10  0.36546E+01
   446  0.19181E+02  0.33721E+02 16153567  0.19989E+10  0.36697E+01
   447  0.19181E+02  0.33721E+02 16554441  0.20675E+10  0.37037E+01
   448  0.19181E+02  0.33721E+02 16325571  0.20478E+10  0.37197E+01
   449  0.19181E+02  0.33721E+02 16326061  0.20710E+10  0.37619E+01
   450  0.19181E+02  0.33721E+02 16016317  0.20435E+10  0.37836E+01
   451  0.19181E+02  0.33721E+02 15703685  0.20175E+10  0.38099E+01
   452  0.19181E+02  0.33721E+02 15765637  0.20409E+10  0.38389E+01
   453  0.19181E+02  0.33721E+02 15822711  0.20661E+10  0.38723E+01
   454  0.19181E+02  0.33721E+02 15605273  0.20526E+10  0.39007E+01
   455  0.19181E+02  0.33721E+02 15423557  0.20346E+10  0.39120E+01
   456  0.19181E+02  0.33721E+02 15252853  0.20264E+10  0.39398E+01
   457  0.19181E+02  0.33721E+02 15351932  0.20543E+10  0.39684E+01
   458  0.19181E+02  0.33721E+02 15259439  0.20621E+10  0.40075E+01
   459  0.19181E+02  0.33721E+02 15182636  0.20570E+10  0.40177E+01
   460  0.19181E+02  0.33721E+02 15000716  0.20456E+10  0.40440E+01
   461  0.19181E+02  0.33721E+02 14635681  0.19990E+10  0.40504E+01
   462  0.19181E+02  0.33721E+02 14984300  0.20758E+10  0.41082E+01
   463  0.19181E+02  0.33721E+02 14755237  0.20438E+10  0.41077E+01
   464  0.19181E+02  0.33721E+02 14381071  0.20037E+10  0.41318E+01
   465  0.19181E+02  0.33721E+02 14346462  0.20097E+10  0.41543E+01
   466  0.19181E+02  0.33721E+02 14426748  0.20324E+10  0.41778E+01
   467  0.19181E+02  0.33721E+02 14348837  0.20358E+10  0.42075E+01
   468  0.19181E+02  0.33721E+02 13912966  0.19771E+10  0.42141E+01
   469  0.19181E+02  0.33721E+02 13856404  0.19800E+10  0.42376E+01
   470  0.19181E+02  0.33721E+02 14035693  0.20188E+10  0.42655E+01
   471  0.19181E+02  0.33721E+02 13915203  0.20074E+10  0.42781E+01
   472  0.19181E+02  0.33721E+02 13924646  0.20190E+10  0.42998E+01
   473  0.19181E+02  0.33721E+02 13461774  0.19541E+10  0.43047E+01
   474  0.19181E+02  0.33721E+02 13514376  0.19731E+10  0.43298E+01
   475  0.19181E+02  0.33721E+02 13409701  0.19758E+10  0.43694E+01
   476  0.19181E+02  0.33721E+02 13141893  0.19348E+10  0.43659E+01
   477  0.19181E+02  0.33721E+02 13092976  0.19368E+10  0.43868E+01
   478  0.19181E+02  0.33721E+02 13034399  0.19341E+10  0.44005E+01
   479  0.19181E+02  0.33721E+02 13006941  0.19444E+10  0.44332E+01
   480  0.19181E+02  0.33721E+02 13036359  0.19526E+10  0.44418E+01
   481  0.19181E+02  0.33721E+02 12739836  0.19053E+10  0.44350E+01
   482  0.19181E+02  0.33721E+02 12739665  0.19197E+10  0.44686E+01
   483  0.19181E+02  0.33721E+02 12530609  0.19006E+10  0.44980E+01
   484  0.19181E+02  0.33721E+02 12609897  0.19148E+10  0.45032E+01
   485  0.19181E+02  0.33721E+02 12406716  0.18934E+10  0.45258E+01
   486  0.19181E+02  0.33721E+02 12104146  0.18470E+10  0.45253E+01
   487  0.19181E+02  0.33721E+02 12273802  0.18892E+10  0.45647E+01
   488  0.19181E+02  0.33721E+02 12064130  0.18621E+10  0.45773E+01
   489  0.19181E+02  0.33721E+02 11740846  0.18107E+10  0.45735E+01
   490  0.19181E+02  0.33721E+02 11922519  0.18509E+10  0.46038E+01
   491  0.19181E+02  0.33721E+02 11788399  0.18340E+10  0.46136E+01
   492  0.19181E+02  0.33721E+02 11632652  0.18225E+10  0.46462E+01
   493  0.19181E+02  0.33721E+02 11441351  0.17955E+10  0.46537E+01
   494  0.19181E+02  0.33721E+02 11210287  0.17589E+10  0.46530E+01
   495  0.19181E+02  0.33721E+02 11292117  0.17831E+10  0.46829E+01
   496  0.19181E+02  0.33721E+02 11417925  0.18126E+10  0.47078E+01
   497  0.19181E+02  0.33721E+02 11158568  0.17697E+10  0.47031E+01
   498  0.19181E+02  0.33721E+02 10984129  0.17527E+10  0.47321E+01
   499  0.19181E+02  0.33721E+02 10810766  0.17199E+10  0.47179E+01
   500  0.19181E+02  0.33721E+02 10930572  0.17611E+10  0.47780E+01
   501  0.19181E+02  0.33721E+02 10757895  0.17266E+10  0.47596E+01
   502  0.19181E+02  0.33721E+02 10568674  0.16984E+10  0.47657E+01
   503  0.19181E+02  0.33721E+02 10416859  0.16825E+10  0.47900E+01
   504  0.19181E+02  0.33721E+02 10472387  0.17015E+10  0.48183E+01
   505  0.19181E+02  0.33721E+02 10384897  0.16919E+10  0.48315E+01
   506  0.19181E+02  0.33721E+02 10109914  0.16493E+10  0.48380E+01
   507  0.19181E+02  0.33721E+02  9908665  0.16148E+10  0.48329E+01
   508  0.19181E+02  0.33721E+02 10186677  0.16715E+10  0.48660E+01
   509  0.19181E+02  0.33721E+02  9919390  0.16323E+10  0.48799E+01
   510  0.19181E+02  0.33721E+02  9808862  0.16171E+10  0.48890E+01
   511  0.19181E+02  0.33721E+02  9569873  0.15819E+10  0.49019E+01
   512  0.19181E+02  0.33721E+02  9474703  0.15634E+10  0.48935E+01
   513  0.19181E+02  0.33721E+02  9674478  0.16163E+10  0.49546E+01
   514  0.19181E+02  0.33721E+02  9323601  0.15492E+10  0.49277E+01
   515  0.19181E+02  0.33721E+02  9266623  0.15478E+10  0.49535E+01
   516  0.19181E+02  0.33721E+02  9192265  0.15336E+10  0.49477E+01
   517  0.19181E+02  0.33721E+02  9113072  0.15339E+10  0.49915E+01
   518  0.19181E+02  0.33721E+02  8907379  0.15000E+10  0.49940E+01
   519  0.19181E+02  0.33721E+02  8763310  0.14749E+10  0.49912E+01
   520  0.19181E+02  0.33721E+02  8859804  0.14838E+10  0.49667E+01
   521  0.19181E+02  0.33721E+02  8820907  0.14958E+10  0.50289E+01
   522  0.19181E+02  0.33721E+02  8621815  0.14599E+10  0.50214E+01
   523  0.19181E+02  0.33721E+02  8428307  0.14295E+10  0.50296E+01
   524  0.19181E+02  0.33721E+02  8317011  0.14090E+10  0.50238E+01
   525  0.19181E+02  0.33721E+02  8194066  0.13968E+10  0.50552E+01
   526  0.19181E+02  0.33721E+02  8166227  0.13929E+10  0.50583E+01
   527  0.19181E+02  0.33721E+02  8083980  0.13771E+10  0.50518E+01
   528  0.19181E+02  0.33721E+02  7985403  0.13596E+10  0.50492E+01
   529  0.19181E+02  0.33721E+02  7887740  0.13443E+10  0.50541E+01
   530  0.19181E+02  0.33721E+02  7844743  0.13498E+10  0.51026E+01
   531  0.19181E+02  0.33721E+02  7743611  0.13236E+10  0.50690E+01
   532  0.19181E+02  0.33721E+02  7532296  0.12885E+10  0.50731E+01
   533  0.19181E+02  0.33721E+02  7475641  0.12779E+10  0.50695E+01
   534  0.19181E+02  0.33721E+02  7524968  0.13016E+10  0.51296E+01
   535  0.19181E+02  0.33721E+02  7291196  0.12522E+10  0.50929E+01
   536  0.19181E+02  0.33721E+02  7169009  0.12316E+10  0.50948E+01
   537  0.19181E+02  0.33721E+02  7058233  0.12106E+10  0.50862E+01
   538  0.19181E+02  0.33721E+02  6951863  0.12035E+10  0.51341E+01
   539  0.19181E+02  0.33721E+02  6949330  0.12013E+10  0.51264E+01
   540  0.19181E+02  0.33721E+02  6790972  0.11700E+10  0.51092E+01
   541  0.19181E+02  0.33721E+02  6691548  0.11517E+10  0.51039E+01
   542  0.19181E+02  0.33721E+02  6658809  0.11536E+10  0.51377E+01
   543  0.19181E+02  0.33721E+02  6474340  0.11250E+10  0.51530E+01
   544  0.19181E+02  0.33721E+02  6454975  0.11155E+10  0.51248E+01
   545  0.19181E+02  0.33721E+02  6309855  0.10918E+10  0.51315E+01
   546  0.19181E+02  0.33721E+02  6260351  0.10842E+10  0.51357E+01
   547  0.19181E+02  0.33721E+02  6191801  0.10806E+10  0.51753E+01
   548  0.19181E+02  0.33721E+02  6017610  0.10460E+10  0.51549E+01
   549  0.19181E+02  0.33721E+02  5871760  0.10151E+10  0.51270E+01
   550  0.19181E+02  0.33721E+02  5809178  0.10044E+10  0.51272E+01
   551  0.19181E+02  0.33721E+02  5779269  0.10108E+10  0.51866E+01
   552  0.19181E+02  0.33721E+02  5802165  0.10058E+10  0.51409E+01
   553  0.19181E+02  0.33721E+02  5576198  0.96610E+09  0.51379E+01
   554  0.19181E+02  0.33721E+02  5481529  0.94903E+09  0.51343E+01
   555  0.19181E+02  0.33721E+02  5429775  0.95010E+09  0.51891E+01
   556  0.19181E+02  0.33721E+02  5326574  0.92478E+09  0.51486E+01
   557  0.19181E+02  0.33721E+02  5202363  0.90806E+09  0.51763E+01
   558  0.19181E+02  0.33721E+02  5161062  0.89638E+09  0.51506E+01
   559  0.19181E+02  0.33721E+02  5120489  0.89886E+09  0.52058E+01
   560  0.19181E+02  0.33721E+02  4976692  0.87395E+09  0.52078E+01
   561  0.19181E+02  0.33721E+02  4992882  0.87298E+09  0.51851E+01
   562  0.19181E+02  0.33721E+02  4800016  0.84155E+09  0.51993E+01
   563  0.19181E+02  0.33721E+02  4798632  0.84437E+09  0.52182E+01
   564  0.19181E+02  0.33721E+02  4696780  0.83306E+09  0.52599E+01
   565  0.19181E+02  0.33721E+02  4567104  0.81024E+09  0.52611E+01
   566  0.19181E+02  0.33721E+02  4502434  0.79820E+09  0.52574E+01
   567  0.19181E+02  0.33721E+02  4366384  0.77320E+09  0.52514E+01
   568  0.19181E+02  0.33721E+02  4379916  0.78835E+09  0.53378E+01
   569  0.19181E+02  0.33721E+02  4274277  0.76353E+09  0.52974E+01
   570  0.19181E+02  0.33721E+02  4256747  0.76317E+09  0.53168E+01
   571  0.19181E+02  0.33721E+02  4115867  0.73827E+09  0.53194E+01
   572  0.19181E+02  0.33721E+02  4047163  0.73667E+09  0.53979E+01
   573  0.19181E+02  0.33721E+02  3979855  0.72490E+09  0.54015E+01
   574  0.19181E+02  0.33721E+02  3863831  0.70352E+09  0.53996E+01
   575  0.19181E+02  0.33721E+02  3753925  0.68570E+09  0.54169E+01
   576  0.19181E+02  0.33721E+02  3791287  0.70081E+09  0.54818E+01
   577  0.19181E+02  0.33721E+02  3731396  0.69044E+09  0.54873E+01
   578  0.19181E+02  0.33721E+02  3608005  0.66901E+09  0.54988E+01
   579  0.19181E+02  0.33721E+02  3511866  0.65562E+09  0.55363E+01
   580  0.19181E+02  0.33721E+02  3455272  0.64748E+09  0.55571E+01
   581  0.19181E+02  0.33721E+02  3463541  0.65313E+09  0.55922E+01
   582  0.19181E+02  0.33721E+02  3307312  0.62513E+09  0.56053E+01
   583  0.19181E+02  0.33721E+02  3271464  0.61973E+09  0.56177E+01
   584  0.19181E+02  0.33721E+02  3193579  0.60640E+09  0.56310E+01
   585  0.19181E+02  0.33721E+02  3224677  0.61965E+09  0.56985E+01
   586  0.19181E+02  0.33721E+02  3038877  0.58344E+09  0.56936E+01
   587  0.19181E+02  0.33721E+02  3016239  0.57975E+09  0.57001E+01
   588  0.19181E+02  0.33721E+02  2908042  0.55990E+09  0.57097E+01
   589  0.19181E+02  0.33721E+02  2931460  0.57066E+09  0.57730E+01
   590  0.19181E+02  0.33721E+02  2811796  0.54642E+09  0.57630E+01
   591  0.19181E+02  0.33721E+02  2768628  0.53809E+09  0.57636E+01
   592  0.19181E+02  0.33721E+02  2702251  0.52648E+09  0.57777E+01
   593  0.19181E+02  0.33721E+02  2651375  0.51977E+09  0.58136E+01
   594  0.19181E+02  0.33721E+02  2596841  0.51003E+09  0.58245E+01
   595  0.19181E+02  0.33721E+02  2524604  0.49510E+09  0.58157E+01
   596  0.19181E+02  0.33721E+02  2477282  0.48741E+09  0.58348E+01
   597  0.19181E+02  0.33721E+02  2378444  0.47044E+09  0.58656E+01
   598  0.19181E+02  0.33721E+02  2338326  0.46438E+09  0.58895E+01
   599  0.19181E+02  0.33721E+02  2297065  0.45510E+09  0.58754E+01
   600  0.19181E+02  0.33721E+02  2198653  0.43639E+09  0.58861E+01
   601  0.19181E+02  0.33721E+02  2185762  0.43403E+09  0.58887E+01
   602  0.19181E+02  0.33721E+02  2156567  0.43348E+09  0.59609E+01
   603  0.19181E+02  0.33721E+02  2049634  0.41031E+09  0.59367E+01
   604  0.19181E+02  0.33721E+02  2023329  0.40607E+09  0.59516E+01
   605  0.19181E+02  0.33721E+02  1944671  0.39055E+09  0.59558E+01
   606  0.19181E+02  0.33721E+02  1901376  0.38591E+09  0.60190E+01
   607  0.19181E+02  0.33721E+02  1854787  0.37712E+09  0.60297E+01
   608  0.19181E+02  0.33721E+02  1778196  0.36142E+09  0.60276E+01
   609  0.19181E+02  0.33721E+02  1748974  0.35747E+09  0.60613E+01
   610  0.19181E+02  0.33721E+02  1683391  0.34701E+09  0.61132E+01
   611  0.19181E+02  0.33721E+02  1658006  0.34113E+09  0.61015E+01
   612  0.19181E+02  0.33721E+02  1572334  0.32515E+09  0.61326E+01
   613  0.19181E+02  0.33721E+02  1542174  0.31837E+09  0.61222E+01
   614  0.19181E+02  0.33721E+02  1503242  0.31383E+09  0.61911E+01
   615  0.19181E+02  0.33721E+02  1424910  0.29807E+09  0.62035E+01
   616  0.19181E+02  0.33721E+02  1382973  0.28890E+09  0.61950E+01
   617  0.19181E+02  0.33721E+02  1338944  0.28138E+09  0.62322E+01
   618  0.19181E+02  0.33721E+02  1292611  0.27207E+09  0.62418E+01
   619  0.19181E+02  0.33721E+02  1257285  0.26676E+09  0.62921E+01
   620  0.19181E+02  0.33721E+02  1199108  0.25504E+09  0.63075E+01
   621  0.19181E+02  0.33721E+02  1149956  0.24389E+09  0.62894E+01
   622  0.19181E+02  0.33721E+02  1091144  0.23237E+09  0.63155E+01
   623  0.19181E+02  0.33721E+02  1061401  0.22759E+09  0.63588E+01
   624  0.19181E+02  0.33721E+02  1011719  0.21666E+09  0.63507E+01
   625  0.19181E+02  0.33721E+02   971017  0.20870E+09  0.63739E+01
   626  0.19181E+02  0.33721E+02   934550  0.20046E+09  0.63611E+01
   627  0.19181E+02  0.33721E+02   896163  0.19432E+09  0.64304E+01
   628  0.19181E+02  0.33721E+02   839513  0.18089E+09  0.63899E+01
   629  0.19181E+02  0.33721E+02   793085  0.17118E+09  0.64009E+01
   630  0.19181E+02  0.33721E+02   747919  0.16180E+09  0.64153E+01
   631  0.19181E+02  0.33721E+02   722813  0.15707E+09  0.64443E+01
   632  0.19181E+02  0.33721E+02   683369  0.14939E+09  0.64828E+01
   633  0.19181E+02  0.33721E+02   635010  0.13869E+09  0.64769E+01
   634  0.19181E+02  0.33721E+02   606041  0.13247E+09  0.64819E+01
   635  0.19181E+02  0.33721E+02   566617  0.12465E+09  0.65240E+01
   636  0.19181E+02  0.33721E+02   533426  0.11805E+09  0.65630E+01
   637  0.19181E+02  0.33721E+02   492427  0.10878E+09  0.65510E+01
   638  0.19181E+02  0.33721E+02   468708  0.10462E+09  0.66191E+01
   639  0.19181E+02  0.33721E+02   423887  0.94386E+08  0.66033E+01
   640  0.19181E+02  0.33721E+02   404921  0.91546E+08  0.67046E+01
   641  0.19181E+02  0.33721E+02   369697  0.83258E+08  0.66786E+01
   642  0.19181E+02  0.33721E+02   342945  0.77571E+08  0.67078E+01
   643  0.19181E+02  0.33721E+02   308106  0.70543E+08  0.67898E+01
   644  0.19181E+02  0.33721E+02   294178  0.69055E+08  0.69613E+01
   645  0.19181E+02  0.33721E+02   264087  0.62310E+08  0.69971E+01
   646  0.19181E+02  0.33721E+02   239573  0.57342E+08  0.70980E+01
