amplitude_0	mean_0	stddev_0	amplitude_1	mean_1	stddev_1	amplitude_2	mean_2	stddev_2	amplitude_3
359.9079569441023	12.549113367117474	5.0	833.489837304635	20.727192848187798	5.0	286.7465015239233	23.15377211301251	14.0	-0.5603612511311189
281.1259835448306	10.461404887559869	5.0	1013.1623263913268	20.440067078902597	5.0	254.6221091963016	24.046104065282055	14.0	-0.6287493994906549
309.1650310253613	11.068196269686263	5.0	964.5161582292923	20.520018219141356	5.0	246.73531955988057	24.367478577201734	14.0	-0.804647898221394
289.943790241622	10.425575014011368	5.0	979.792127246818	20.339903124627853	5.0	254.05166267849881	24.194509850919474	14.0	-1.485070614011945
241.12684495958877	9.265805573164252	5.0	1068.5683035460866	20.298165448126284	5.0	252.2854063234017	24.42157947735232	14.0	-1.8588298268964878
284.5888151269423	10.751728967810527	5.0	1061.2347683250732	20.59346433975458	5.0	255.43670225430884	24.068953555408687	14.0	-0.21235782028117228
238.46214607865784	11.591952302394274	5.0	1043.7502601553301	20.592318014881066	5.0	274.44048604901144	23.239769221682113	14.0	0.15278378941385437
256.5553063426223	10.903371527283271	5.0	1091.921335256172	20.576101694532273	5.0	269.1804868732202	23.743843005292263	14.0	-0.8243048468548074
232.0392324902315	10.708448151261951	5.0	1112.842948977689	20.44565924821555	5.0	271.9604410502308	24.225155608708647	14.0	-2.531639249325799
231.57619563530727	10.937452138414526	5.0	1065.9403867334963	20.517466605189597	5.0	267.04815234263515	23.33577211329575	14.0	-2.865974424576709
247.07608806721154	12.320933749568539	5.0	1004.7740703903304	20.700171088290894	5.0	274.6406639082719	23.261116786895762	14.0	-1.0806116636505905
190.33082814656248	9.998598888033113	5.0	1140.8391385259124	20.47820621767598	5.0	243.65444407370592	24.014977718094126	14.0	-1.9081892709976207
201.30374570567747	9.223991331119384	5.0	1193.3303260870841	20.487764860186743	5.0	224.63182579686685	24.22229931568602	14.0	-1.8560215625646257
216.02671373190898	10.767674158290578	5.0	1082.823290604981	20.38767775094843	5.0	225.52120866017333	24.262664266850898	14.0	1.4558993556118638
267.4482330816477	12.232172791117906	5.0	1076.1050476936239	20.601339767523775	5.0	237.8315913943624	23.261942221793596	14.0	-0.4350075856995356
247.196535598999	11.649194823765535	5.0	1156.388732047503	20.523458558531104	5.0	226.35026721223105	23.0474682989861	14.0	1.1512059091846931
359.20221885754546	14.739093177529453	5.0	960.7334658289491	20.997697771496522	5.0	259.0545582575463	21.62367545368918	14.0	0.05735710829552295
210.0398836351968	13.00129103226559	5.0	1179.5368319436514	20.19659934850855	5.0	270.5797182173069	22.4363352230239	14.0	-2.0593083674864814
225.3317212010837	12.586891151604338	5.0	1220.0280846635296	20.20838167228595	5.0	270.55390593712406	22.90156200475991	14.0	0.6060998431381064
640.6759482272183	16.45992975708854	5.0	706.1110134977013	21.785312113979487	5.0	280.42859009880516	21.832309342690216	14.0	0.8305780965055495
1041.8737462800948	18.148180038215898	5.0	421.24524490794477	23.091150805499062	5.0	271.97104137742554	21.42256371499196	14.0	0.18773168067469484
146.7851975436325	10.696518120346783	5.0	1323.7548189146614	19.937037928849016	5.0	249.481585170276	23.20686649313416	14.0	-1.3143724179541707
185.32652186533647	10.8424024768185	5.0	1333.2897984941374	20.073913124233197	5.0	221.3206521631223	23.433732801484595	14.0	3.266615512677445
170.9380199263338	9.549274059056428	5.0	1384.4203394264691	20.07082476140515	5.0	210.1659832354349	23.791963328253217	14.0	0.2704816145332546
220.50003760065474	9.663362028850583	5.0	1443.8486803659905	20.021944441247978	5.0	179.23442182623097	25.37165910264987	14.0	0.8260079934910204
234.02689612087585	9.334783862482356	5.0	1408.1119700556335	19.985721146062392	5.0	183.61476038230614	26.03609042322857	14.0	3.24376187006785
220.80483772071332	9.543998970265411	5.0	1462.6234943064073	19.93585029327548	5.0	188.74467172190097	24.628413012689386	14.0	2.9450518542484385
195.99820475725875	8.815656186228685	5.0	1527.1966945921204	19.529680257712588	5.0	206.93650867001733	24.262982355239203	14.0	0.32848102442906757
214.34631935597892	8.434312859601317	5.0	1495.923736764837	19.417425629345185	5.0	224.0870259138252	24.49667832501461	14.0	-1.245312472969238
171.63917723291837	7.940158860215122	5.0	1487.8166022903927	19.329428578944576	5.0	240.52694486410465	24.611986850561646	14.0	0.4960515144424865
175.10444556901464	7.6096347212366915	5.0	1586.033889142462	19.21946973054284	5.0	245.17720091138915	25.178338651249724	14.0	0.7070483482688766
189.92344417080193	7.643128901640424	5.0	1604.185581979121	19.315098741965087	5.0	216.87074051054432	25.887661108497326	14.0	-0.799811539756857
185.03324161061116	7.391379307821903	5.0	1664.9409628416117	19.391223503066858	5.0	214.23788205294824	27.01110214997071	14.0	-0.7005441956302838
203.3496682526049	7.601090938795428	5.0	1714.0142555459513	19.508208141782394	5.0	212.48698571944527	27.46773697658449	14.0	0.06128323347166572
219.1429850073175	7.027797184160001	5.0	1734.7709100109062	19.618352717884896	5.0	195.4524001621299	28.712402034033474	14.0	-0.6166051439550105
216.32973553362223	7.495591181407684	5.0	1702.5664517402531	19.755533961887803	5.0	197.1721687551562	27.938467201988196	14.0	1.2530913976295897
222.17025750563252	7.4178553346836	5.0	1718.721307880731	19.78662062018132	5.0	179.25629266617673	28.311969316194812	14.0	-0.7348282569824042
203.3208235768347	7.262324886427784	5.0	1764.9787480612551	19.568173800231882	5.0	181.02631848657717	28.03321207739409	14.0	0.16086895576664903
202.58582800912654	7.097105979179393	5.0	1831.1470040132406	19.538987070689082	5.0	177.98043931686863	28.773075323840573	14.0	0.6363396975572434
198.17080477041623	7.466907380345657	5.0	1747.3976035455073	19.59836743657523	5.0	194.63947432683673	28.028669879366095	14.0	-0.23386753776533248
184.7550037700938	7.466371151066011	5.0	1811.3387002905056	19.646881790468022	5.0	173.54268022094695	27.877282032093223	14.0	0.18603822624019123
182.66440357226162	7.519173560562166	5.0	1766.0157588845755	19.57327454985809	5.0	175.3315056865168	27.64972319819361	14.0	1.1072527480540604
177.0607590380187	7.485739160745652	5.0	1835.1468750764884	19.68870061904961	5.0	189.66239670921084	26.45742131842335	14.0	1.1216900159850742
187.90497845800328	7.550247834775278	5.0	1915.643128178517	19.884427061229424	5.0	170.35144045538232	28.068753510215718	14.0	0.8276466768447083
174.54818429452064	7.786775058668827	5.0	1877.7917325022736	19.94196995843764	5.0	190.79180980517256	27.015167309504573	14.0	0.706184132333051
123.68381603054576	8.594062016543502	5.0	1797.5522240183348	19.882836434580717	5.0	235.41634609270238	24.729715707957133	14.0	0.8142120765934467
144.03233450673446	7.639293885022298	5.0	1933.093658718128	19.908327759396762	5.0	207.00013253464752	27.017827476382152	14.0	1.2760063444007106
160.98279587609244	8.195250060036457	5.0	1819.358194256094	19.95702448278773	5.0	214.16942198405732	26.01927079701187	14.0	0.7078565666087304
162.53129428553373	8.817924836749564	5.0	1850.1983729953015	19.97532968874836	5.0	197.09001456075998	25.954870142903456	14.0	1.5317730979108188
174.01047532754615	8.00055929444008	5.0	1977.1981469542866	20.024029206451324	5.0	166.68572340400036	28.568112275453984	14.0	2.083642768806165
209.98750499997274	7.933714431258935	5.0	2098.438243370817	20.21554045085994	5.0	139.19575566308538	30.467269146180804	14.0	2.826766880348797
213.7827475955191	7.737429553278335	5.0	2151.6193481244827	20.24348434481895	5.0	132.93383794353318	31.61044337282338	14.0	0.257751569666182
223.35941781155725	7.675534211378408	5.0	2236.6596808231016	20.440090486497706	5.0	112.20812798534888	34.21661438420984	14.0	0.9653671264596426
193.4205421959348	6.960729276113881	5.0	2242.3826918848904	20.250669981783002	5.0	123.64232340323231	32.811297958288286	14.0	-0.06099975248024751
232.5562435203437	7.968504338310358	5.0	2249.8934928620424	20.471999336079733	5.0	111.67083291002297	31.967035450760388	14.0	2.752463552548956
248.28941615026895	8.214336018010071	5.0	2271.9079950622518	20.497372986091634	5.0	110.46921928333909	33.140580145758165	14.0	1.083182240931917
244.22248925026705	8.209697037958382	5.0	2244.8273674639545	20.362606051180304	5.0	130.3906632381214	29.87220983566429	14.0	1.4740024257359914
264.1439823772987	8.6810809399805	5.0	2206.441461146763	20.391709645374682	5.0	131.26594917053973	29.3151517347272	14.0	3.54909337408799
275.94484650995554	9.061295991486686	5.0	2222.7222888005444	20.393527829176914	5.0	148.2532843320689	28.28994024549958	14.0	2.227926414102833
279.54021186593593	8.997772628808438	5.0	2198.1898500269776	20.27732826558891	5.0	142.24233103673748	29.255894765005362	14.0	3.148645149147126
334.17306771315793	9.497150700177176	5.0	2195.2411712294224	20.43133836392926	5.0	107.13537772035191	32.3169640490244	14.0	3.500788287411278
312.81596055764237	10.656293225910717	5.0	2059.4419798746194	20.40755891417262	5.0	153.3722848875895	26.42489856600147	14.0	3.840732592526646
284.4843486308125	9.829162978245332	5.0	2022.2829569293247	20.10067660331867	5.0	175.75788354825215	25.69380601220739	14.0	2.9662924350815225
345.5634896362532	10.863124341701155	5.0	1933.0305962850284	20.140257191137927	5.0	188.20868392990585	25.476623887996812	14.0	1.7452622761774443
335.95460849070514	10.90775839508948	5.0	1890.6138972411895	20.031051014055297	5.0	198.38115035171666	25.136987908205903	14.0	2.231984334359535
368.33715687929947	11.521657157441556	5.0	1803.3007136594338	19.893145433826763	5.0	207.47516216837332	24.70631748319608	14.0	3.6470622748377663
362.1679683763107	10.960203999763314	5.0	1790.124273988083	20.002865273232956	5.0	212.24407876163335	24.67506842618754	14.0	2.7910618659450264
368.16628404127397	11.389546078387317	5.0	1679.9640784028913	20.092497749933706	5.0	236.64120414719315	23.71430962351699	14.0	1.608154792125006
343.41462047095246	11.132824811256924	5.0	1705.5609811542552	20.02212832808416	5.0	220.44762400830743	23.979285718202522	14.0	3.4721031111926273
350.5625271501989	11.270339351929392	5.0	1605.4858760782597	20.127155812455754	5.0	225.80122237607972	23.585903319825803	14.0	2.4629588383002616
420.0699854111514	11.836804050713116	5.0	1495.1387830567396	20.338511269240048	5.0	221.53621437226897	23.37166929951366	14.0	2.34500207639551
545.5625082358052	12.889457806566732	5.0	1378.8271578657482	20.79542886738315	5.0	230.03622249289646	23.521050060060738	14.0	3.0165406197673734
499.04141663352834	12.712832249850267	5.0	1357.029861961734	20.58144143822877	5.0	245.1614654079569	23.287418302307483	14.0	1.312844516560529
544.513015202355	12.892046323141336	5.0	1317.9333763106433	20.754188453807448	5.0	251.81522310447463	23.129805143130774	14.0	2.3712141444048354
711.2312662724337	13.791154456635509	5.0	1216.6802943570544	21.17101616869536	5.0	247.54333201755313	22.656461341313623	14.0	2.9285012309653107
715.2124350257237	14.071599413442302	5.0	1172.601971505264	20.938075670380695	5.0	274.2172317928588	22.00656384125552	14.0	1.623028786382702
595.1599792671905	13.070340387292779	5.0	1306.0092824911897	20.404699993470146	5.0	269.03136960342084	22.153168929457998	14.0	2.042178447946151
518.8308137223778	12.70917898612369	5.0	1378.0185481790506	19.916556553019443	5.0	267.42305745680767	22.192291951382575	14.0	1.2467617217637612
497.40411049547697	12.647554103390316	5.0	1435.9354850643729	19.99568784267566	5.0	264.3727840162063	21.868613726122057	14.0	2.346752269456051
384.70555856977603	11.636513537904866	5.0	1606.0327899752485	19.780373855574926	5.0	285.153702545833	22.209966422824294	14.0	1.8711853177731617
420.54092793383194	10.776680154893032	5.0	1671.2328430995985	19.826575128496344	5.0	242.2128142801644	23.291331848491737	14.0	2.7200274757179175
501.573931764951	11.07399357060824	5.0	1680.4901872105868	20.15507653671833	5.0	212.67286906120108	24.429870812911854	14.0	3.0260649990502975
490.20200728718424	10.96082827223174	5.0	1698.468565986965	20.199277870437932	5.0	215.21559567763526	24.27419491970417	14.0	3.8021404010793187
428.80658138472074	10.757611121395334	5.0	1659.9367724664721	20.03268912672478	5.0	243.95683604704567	23.365454476353786	14.0	2.773077791402872
481.7766334145594	11.544814839217686	5.0	1582.7230923372076	20.207852568871708	5.0	255.90910921852768	23.17000874319476	14.0	3.023815158616869
520.7603750914747	11.508148066320096	5.0	1565.9050100147406	20.37906573894864	5.0	256.36554795304386	23.565353382200275	14.0	3.1196526035453465
546.5239164521171	11.430588871843558	5.0	1528.430389951863	20.43955856574898	5.0	248.24213802607275	24.50673566911062	14.0	4.092229191976523
583.5431301418424	12.258224750293282	5.0	1453.3861257358924	20.57691247256981	5.0	293.4432448073142	23.067584238439967	14.0	2.8861948775159965
586.0011485718063	11.843737973472036	5.0	1473.3216982803303	20.453995567038746	5.0	307.02631989423935	23.334269317343313	14.0	3.0500808493063176
531.8712856447403	11.335773427272365	5.0	1463.9666641940198	20.247226282538037	5.0	322.17673855151827	23.231663580625295	14.0	3.057108945570423
525.8286669110098	10.90447941806917	5.0	1512.108362064911	19.883257512376126	5.0	325.2550309554201	23.538432648519574	14.0	2.48637451998154
517.9607554870074	10.526834571958357	5.0	1587.317659837554	19.729151709594163	5.0	339.76282396817754	23.783467067432248	14.0	-0.05546940759172727
596.0183049734459	11.343453381936692	5.0	1550.2899993866044	19.94519701335095	5.0	354.13827374547907	23.244256491368073	14.0	0.9229061429643602
584.8678755381311	10.689099014988901	5.0	1706.9917606276936	19.67001522581636	5.0	329.75176889989086	23.97479920535172	14.0	2.0510751266464493
601.5049013302804	10.448120313145449	5.0	1852.3846608351457	19.59296792006236	5.0	325.2538306474975	24.55355621362507	14.0	3.0131173752972873
733.2638626685336	11.1883523865402	5.0	1907.924041192013	20.206002558218522	5.0	320.18835317532114	24.38353361745769	14.0	2.970828400702882
739.2517198387304	11.366473378165653	5.0	1974.427289323381	20.19865332826044	5.0	345.8829742461786	24.573680554476923	14.0	2.1170246566855764
717.0442834275801	11.683951431108719	5.0	1972.119097450098	20.111221606796118	5.0	361.1209003490461	23.81257018551795	14.0	1.6994601325644654
684.7482554413552	11.030055636483889	5.0	2137.5646788390018	20.056816380850314	5.0	337.0379058523315	24.645487003979742	14.0	2.3078842714002787
586.3313363529834	10.555923466502309	5.0	2310.6559046136035	19.711354123369837	5.0	345.51363210050454	24.57999296144816	14.0	1.4791211998755915
580.2107770800094	9.950429155756892	5.0	2391.6558510704804	19.557349277169198	5.0	317.1669498720589	25.44957620635077	14.0	2.9806569429612217
590.5237175890315	10.665152559285112	5.0	2241.4061766367668	19.52578339593301	5.0	359.33504615105005	24.46245278483638	14.0	0.7634600927904585
590.844177841173	10.695740926039228	5.0	2250.556380345348	19.546913725439794	5.0	344.42921709872144	24.68220747200199	14.0	2.799992707063007
613.3931143443025	11.038966819789099	5.0	2148.8212342431516	19.524168942901078	5.0	345.22520012681855	23.990959121182158	14.0	3.5610061189507305
580.1223536063744	10.862609044911778	5.0	2140.8209528962434	19.404193502029322	5.0	347.63490862700587	24.611550989355695	14.0	1.7192248920369875
535.3221176868286	10.284904895452469	5.0	2185.23375552825	19.294582258414195	5.0	365.47036537615924	24.550129795461004	14.0	2.247010396671346
493.6277141859802	10.027863669320924	5.0	2230.280523693407	19.200713886552652	5.0	387.1095941339206	24.23416398398536	14.0	2.013811913314494
532.2583362579462	10.111321259096094	5.0	2157.1614813748174	19.11747141601336	5.0	390.86153542398847	24.55424998304163	14.0	2.2421255990954045
680.9908160916857	11.790924261373037	5.0	1829.7990757059458	19.673052726562506	5.0	458.09095918922895	22.823104137816856	14.0	2.029569513941067
669.8964831343615	11.70191769231424	5.0	1752.4397229853043	19.757723135713423	5.0	481.5797638622655	23.181078107897473	14.0	1.8468517153299473
739.7674286370601	12.083437382311452	5.0	1583.2970194366715	19.7688816577251	5.0	495.32928003347394	23.66397777187691	14.0	1.9070292507871278
756.2154963600652	11.711264087072218	5.0	1496.7824895407002	19.707544704674074	5.0	489.06656685990407	24.230941249501292	14.0	4.515019822238984
729.8528611900148	11.466232450382352	5.0	1413.5022557993245	19.532646644390766	5.0	520.1402302807197	24.758381010032444	14.0	4.34538044295633
681.8631173178408	10.908615740461837	5.0	1394.6204834664004	19.066036529302053	5.0	554.4911665132654	25.269326425801317	14.0	3.2442655422603743
781.0267625390246	10.963029528973752	5.0	1435.0785923538003	19.23376071368275	5.0	552.1437922126219	26.037586987509528	14.0	6.210560279834089
779.4126508012963	11.21216669608121	5.0	1409.0919295558695	19.132408451292367	5.0	604.1898743696839	25.163406797547886	14.0	5.644291036763416
686.6358901429801	10.900692499307404	5.0	1307.1335083949755	18.71634526524221	5.0	570.7453492107757	24.864826154886398	14.0	4.699901194558486
520.4392516004126	10.410911511332083	5.0	1326.8929196352017	18.157535291164923	5.0	534.4201674942705	24.39145524826706	14.0	4.445384115763534
562.0659640085404	11.357485915259268	5.0	1298.7570429034631	18.473977708476745	5.0	580.5673197704722	23.772628702717046	14.0	4.229161053704883
618.3052292067737	12.258005781549652	5.0	1234.8097910377635	18.53855919681492	5.0	640.1719046346934	23.272310374210754	14.0	2.2064947162522195
604.6526444002303	12.955662162999106	5.0	1184.8928656318037	18.328678349473158	5.0	708.6716642561184	22.737746596846044	14.0	0.11152500934921088
1244.264086550142	14.754369318919586	5.0	672.2261861533286	21.065093774213178	5.0	712.1430394897853	22.63030612256949	14.0	1.6610349970323823
964.1531060765287	14.586214655313874	5.0	795.3974804721967	20.105521332868143	5.0	759.8224108834163	22.496401111946945	14.0	2.4738929061595143
313.4897255271635	11.420459052186445	5.0	1317.6227467424917	18.449503721508588	5.0	765.2261077602349	22.68240995061261	14.0	2.0764904145807628
371.63399099782214	12.256787237884208	5.0	1254.2243481245187	19.13119903863405	5.0	771.1437269731708	22.57383560827994	14.0	2.8282993556763962
268.29810880894445	11.200147819756248	5.0	1290.7492405404978	19.236959288853352	5.0	837.4975400030289	22.524184534650974	14.0	2.563770175362881
281.1476293747683	11.582685464838002	5.0	1256.5020626117607	19.615923057252136	5.0	898.1193894417129	22.63805668890749	14.0	4.035238571074874
309.4551247379686	11.645933643821493	5.0	1178.7983841351477	19.878058368844048	5.0	841.9491545522626	22.599473002232752	14.0	5.872334091078775
267.63471394284016	10.957639354380294	5.0	1186.486509429976	20.02169001727059	5.0	843.1826264877182	22.597452521572215	14.0	8.29381770396051
259.2102873178116	12.35808264772501	5.0	1181.2158833659569	20.330693497268395	5.0	916.7761774102636	22.453345629950643	14.0	9.774278387431734
226.6718653979901	12.09565357503856	5.0	1200.2974459069721	20.29593293533699	5.0	934.640785001736	22.52509512736622	14.0	10.038703087754696
270.3486503405224	12.853757162902395	5.0	1114.3431515482698	20.58376772057185	5.0	986.0732259959645	22.2365960584548	14.0	11.580825272965665
248.68918755346124	12.257087788709933	5.0	1133.0667500851148	20.69137148823453	5.0	961.2419752116921	21.952465620871195	14.0	10.536421637901169
311.4487010352171	12.972618548728452	5.0	1103.094074726874	20.993802924344426	5.0	945.9655883273774	22.054073948783756	14.0	9.736733641992977
400.5010047555838	13.841436401940797	5.0	1078.1527833750333	21.35521044068143	5.0	983.2113750850967	22.1497861441058	14.0	8.036710542765304
314.0242732974329	12.827506356006282	5.0	1200.9816517245627	20.94105303190162	5.0	1006.2362820703563	22.214361571590974	14.0	4.55935577287851
395.3881763333542	14.315695803583198	5.0	1104.0867107030963	21.351078417913442	5.0	1035.416075004543	21.979544810775455	14.0	3.8454163834256248
525.5346412385466	15.092233740575166	5.0	1045.0146988759407	22.316019233773822	5.0	1032.8113226237663	21.7679950369702	14.0	4.667001857082618
453.83160595551243	15.577131686527164	5.0	1059.940137933272	22.18458214982637	5.0	1066.2636454478152	21.564528521710614	14.0	3.0867860533415503
370.8488623277718	14.438646143686086	5.0	1170.7206145504051	21.712212781937385	5.0	1055.5561944049482	21.8312787915695	14.0	2.831596659394671
613.4255637194125	15.992624711163998	5.0	1029.9516245565785	22.452826326771994	5.0	1018.5926200268702	22.081149674037896	14.0	4.431411054863003
768.6660361252736	15.544325240115954	5.0	1009.2686041787965	22.795722430869855	5.0	953.816118465365	22.82218361223017	14.0	6.593111199555543
937.4357658759062	15.140443979124317	5.0	1000.7453437128474	22.96558713738796	5.0	891.4764925373516	23.890469479075946	14.0	9.867545048604923
1042.7719006969262	15.043074274203242	5.0	1021.9567760659977	23.254241700770084	5.0	836.2243939165938	24.31975743395159	14.0	14.207016386680932
1127.266249563178	15.457522866847023	5.0	993.7733460811929	23.57422424204936	5.0	810.7716416568765	24.28918020509205	14.0	19.889141115703953
928.8958148476975	14.660366627518457	5.0	1249.0906298781986	22.768804246076424	5.0	797.0884927651748	25.06104322168888	14.0	22.754476276740032
947.8022360777607	14.623301705577468	5.0	1303.7868834098729	22.96123534990575	5.0	737.6916600386074	25.467960549346564	14.0	26.18877581109007
1050.6763692035784	15.02079107890937	5.0	1134.749485767471	23.577822541639428	5.0	714.8239795819943	25.15998552696805	14.0	24.442610999932043
1039.82112992255	14.787792807922898	5.0	1121.7564798637	23.710764397550257	5.0	709.1086811401435	25.089443717900092	14.0	21.556636816073294
1093.7466354545138	15.168866672017263	5.0	1001.6219486967801	23.873527122106054	5.0	704.3615388586034	24.686631034298593	14.0	18.321362836586662
1157.1938912620953	14.833524484513225	5.0	956.7687495291055	23.665230410552727	5.0	644.9713046846381	24.743256968417935	14.0	16.025080835136468
1323.6929790989855	15.049185995120178	5.0	859.3047801493994	24.05787379762604	5.0	610.3078442434763	24.80562377133473	14.0	15.342123403679452
1357.5480635988185	15.212762906420414	5.0	919.5340974941921	23.678910713713986	5.0	620.2479133359926	24.326778374346173	14.0	12.790575685309157
1289.4584763669363	15.326632253562597	5.0	989.3508398597214	23.118332473480038	5.0	675.3258028210444	23.9876502427071	14.0	8.615628005581923
1442.1700992512203	15.944874093470055	5.0	883.9058007131913	24.266171059239795	5.0	721.7670336379824	24.08986413200032	14.0	5.557696822918771
1767.1545746412282	17.220893768478458	5.0	691.3449607220416	27.7262032091309	5.0	715.3182162130641	23.253376674589777	14.0	4.752698360531447
1859.6375544866194	17.540164454917328	5.0	803.636043549428	28.468501198223947	5.0	670.8013177905187	22.79556346528961	14.0	3.3142464392069213
1939.931796559185	17.509699315231845	5.0	985.4567978357004	28.249355059453766	5.0	661.8827457028286	23.037202562183364	14.0	1.1659716219859018
2139.1005064824176	17.695364769706732	5.0	1210.3523954217414	28.53717344888666	5.0	646.9224686856513	22.72098393065617	14.0	0.9540873363196894
2191.1379540186413	17.359165679355787	5.0	1456.1113959739514	28.312541772314916	5.0	661.3468637803758	22.685745634378097	14.0	-1.4314686211620697
2367.5700287212203	17.104390960081332	5.0	1686.121465596234	28.431292819135532	5.0	603.9210585314213	22.38727474869799	14.0	-0.11506307412423147
2487.9799273573817	16.87856120538912	5.0	1896.196558052794	28.14037602584591	5.0	534.5688167489893	22.82631185091095	14.0	2.3963812651638197
2372.1481834090455	16.715964568609024	5.0	2047.1433581486694	27.818084747668983	5.0	498.52890014365386	23.147219546900036	14.0	2.437953984547513
2343.9480815216343	16.939104069377546	5.0	2134.1207042715664	27.746501271676177	5.0	432.13916826225255	22.666596351604863	14.0	4.928651474717864
2154.652703223459	17.060388611847053	5.0	2275.7546523128567	27.323590829604623	5.0	392.44261485610366	23.18492152184063	14.0	5.593202378128008
2054.7082182381246	17.545000135877082	5.0	2337.9223763862133	27.196525199091347	5.0	389.09589047746675	22.65149724667299	14.0	4.972435484730764
2097.9235966349006	17.880005714443495	5.0	2384.1423448190335	27.05349329310931	5.0	371.6444267334141	22.399625266683902	14.0	5.330361122519989
2081.1422496646924	18.224470818729852	5.0	2462.9109163690605	26.519055048641512	5.0	410.7000469175063	22.32153177663422	14.0	5.143382736737928
2063.6386821898413	18.03652337360892	5.0	2729.740509349706	26.021995860239766	5.0	400.4859307067488	22.694929570656978	14.0	5.979370988546195
1917.7826121607034	18.05406510934317	5.0	2986.6506644275605	25.44457409548402	5.0	429.26726364545476	22.86708519600853	14.0	4.48834597878116
1787.492129020541	17.715632256740918	5.0	3420.182081912325	25.058715505714726	5.0	400.10217462410645	22.676499520042025	14.0	6.114537739684597
1775.320513438094	17.350436598527878	5.0	3884.9746081081994	24.962415857169542	5.0	332.94262977981754	22.86073335703111	14.0	8.796459578518473
1551.1205110877497	17.02043533578652	5.0	4389.142800539184	24.559947655297286	5.0	356.8525446797926	23.39273008355464	14.0	9.15501879315902
1474.603639637969	16.848870791046384	5.0	4821.859799725682	24.190603686946467	5.0	365.9943712838273	22.93074156374666	14.0	9.617524106003446
1551.3429236275226	17.065757380028742	5.0	5139.757957717542	24.001201345754705	5.0	378.6184779167304	22.749591089133215	14.0	10.11742246814896
1301.5071733059203	16.432764858700036	5.0	5770.1709087836725	23.51513221351234	5.0	384.08857247500094	22.754069629206906	14.0	10.171952000993826
1305.3503455476439	16.35665644352125	5.0	6336.465719771688	23.30754587466217	5.0	384.23563274887545	22.415872900845027	14.0	10.495108313699363
1341.1885252385007	16.03008809793605	5.0	7044.517467038317	23.21311631625012	5.0	338.7226810518794	22.643696491498137	14.0	14.253312686013095
1078.2737360150293	15.38727331686568	5.0	7783.726607381953	22.880277329592346	5.0	365.89854783019877	23.514444639988756	14.0	12.717034486637933
864.5151484258436	14.980880678435993	5.0	8221.244761111722	22.625544700317178	5.0	413.7712019593366	23.360936827696253	14.0	11.155620780453921
948.8652569190145	13.886555951976344	5.0	8452.537544113258	22.618963447894263	5.0	325.59370190743516	25.754425954722613	14.0	14.445716368437484
1135.78982296389	14.395500657637793	5.0	8318.896332726721	22.677307136713726	5.0	326.6652966437935	25.054189834913597	14.0	15.21518356892814
955.7895071273606	14.774248172856778	5.0	8327.915800433984	22.33593419057579	5.0	431.99843899349486	23.345094553851222	14.0	11.415247140086787
1075.353697683333	15.036695820248987	5.0	8287.46624755064	22.293828729235898	5.0	437.64111266119136	23.407840996894695	14.0	12.126901054876518
1188.3690978800003	14.676517800184355	5.0	8603.784264334103	22.247138995800604	5.0	374.84536269846797	24.219704916530986	14.0	15.130194523728772
1522.8352054063907	16.178168764409037	5.0	8236.621736028972	22.29276717533476	5.0	443.4318132544112	22.709283734466037	14.0	13.637003421748961
2141.1602673335547	17.40989442658286	5.0	7562.65675746157	22.36481433465571	5.0	498.31159722092025	22.075806941183107	14.0	11.427436758283896
2640.226776632394	17.952342187117175	5.0	7126.053836913111	22.331744675538427	5.0	523.8162398623726	22.11666578648081	14.0	11.241221890661508
2991.2266972079724	18.303312512603455	5.0	6637.140379704509	22.293287129434745	5.0	558.8765897996262	22.15288665961303	14.0	8.88267237331823
1417.5676319765332	16.69248073322377	5.0	8329.618318686757	21.71433051430702	5.0	572.4340640407668	22.431716121536	14.0	9.322292476231214
2416.583692725963	18.167488748307754	5.0	7351.682975538136	21.859868420492504	5.0	603.6148620298354	21.854609437203393	14.0	8.87183757214808
5417.257609064874	19.525421066364526	5.0	4533.407768387188	22.444933472055535	5.0	610.041210518342	21.51727215347194	14.0	9.018571909581567
1409.2258587998365	16.880205531786036	5.0	8701.438965129755	21.368325813248102	5.0	608.0081132259584	22.04641158467328	14.0	9.470112767158533
469.88335934433314	12.482980136447866	5.0	9718.501003734646	21.009925560119374	5.0	561.2885530257654	23.379222126436275	14.0	9.359502857939665
643.8325336392642	13.612726234431944	5.0	9393.907506514537	21.097676257281773	5.0	571.5758808082043	23.180294432792003	14.0	8.85391733746913
1481.7292210512915	16.059850277016412	5.0	8393.372604546636	21.366795663855896	5.0	594.8573965625815	22.738302000009256	14.0	8.645867168404282
1741.7054597214421	15.980995365520705	5.0	8100.679342578984	21.44511413659437	5.0	571.0171651088189	23.20127439186284	14.0	10.461923832875934
3263.5720510396627	17.291766127099816	5.0	6567.356499226423	21.969889502958505	5.0	585.258084577567	22.965503706578517	14.0	9.519047020552225
5830.040205234891	18.38290753629219	5.0	4128.845536607669	23.343724305215762	5.0	577.0189693219439	22.458012956817875	14.0	9.976263083359884
5832.626138793712	18.2785319515758	5.0	4183.696114524803	23.329996648917945	5.0	587.6886272800642	22.599240180642404	14.0	11.472622753467503
6317.755926925567	18.40592165694002	5.0	3670.1415295954585	23.64048112275808	5.0	622.6656001924495	22.76380742242529	14.0	9.617528882864919
6957.93640959617	18.554103648149532	5.0	3202.5015140855876	24.316237020512748	5.0	613.0586430491915	22.825842702975397	14.0	10.034845596386667
6813.402372112793	18.55484660323087	5.0	3441.1789494304508	24.030579604582655	5.0	669.3632956559854	22.506270737529764	14.0	9.352685545966768
5396.286739350611	17.966710220257998	5.0	4702.693298796546	23.255779431237343	5.0	700.3808097954038	22.847447894958066	14.0	7.9816059530042285
5321.590546295736	18.02227548071597	5.0	4566.469627630107	23.753472551834165	5.0	720.4108185782867	22.706501684973937	14.0	7.440806574180888
5253.800167608565	18.088626218321526	5.0	4489.287445281134	24.056911958430863	5.0	749.8183401001841	22.34938905594542	14.0	5.741131630183832
4365.040536101153	17.51631412550563	5.0	5112.734495674424	23.838626856773566	5.0	762.4778436176697	22.707184411007812	14.0	4.538469709916002
4094.148217643404	17.425120558940225	5.0	5022.694426407358	24.01514823131538	5.0	776.3334628814334	22.72185729260121	14.0	3.425199132210548
4199.593856310124	17.544264140658367	5.0	4679.636425702071	24.36174913811128	5.0	770.944199151486	22.54803856447981	14.0	3.12444746491094
3866.154600596554	17.351180279600122	5.0	4571.031308698587	24.100103553484153	5.0	835.0975203829208	22.76577809076816	14.0	-0.5244863792180755
4236.875378491102	17.708794547952834	5.0	4082.3419561904075	24.541360988028128	5.0	840.0423245454132	22.20851290000102	14.0	0.2472754967923482
4335.920686628381	17.673213706250994	5.0	3943.796128913563	24.84462105031542	5.0	816.4473964334245	22.190568085044983	14.0	0.48769861704685663
4081.2452501201724	17.31249979974902	5.0	4051.8379564809834	24.616533148942082	5.0	819.6170784266801	22.49096379864507	14.0	-0.6533600998853785
4320.997620671067	17.26681428134855	5.0	4069.3363245791747	24.897239960114288	5.0	755.4685429837534	22.549166565418485	14.0	2.9056903927539506
4611.234056082173	17.09803301533739	5.0	3991.761610531059	25.306026130727165	5.0	690.358651860634	22.99679274932569	14.0	5.477029437980696
4743.072501006856	17.057909427332447	5.0	3950.578220642668	25.357720547449805	5.0	733.8492055606303	22.816475677135827	14.0	4.4564486272024135
4942.76699062859	16.91692764685375	5.0	3856.163549579813	25.65682505765931	5.0	731.1652170532515	23.03196497134042	14.0	5.596274429070742
5359.115062338564	16.710456894131045	5.0	3746.4130052028067	26.28696480995512	5.0	648.0120081051862	23.728337361314974	14.0	9.554959447195792
5771.356228385491	16.746934553938356	5.0	3364.0826255687757	26.738622206504086	5.0	680.5327699502685	23.682905084497147	14.0	7.995323523532014
6082.901804330877	16.621430057448205	5.0	3105.3499874264025	27.094540408043414	5.0	635.5036184647466	24.69006666741682	14.0	9.557735439396996
6330.424317503993	16.442311589214377	5.0	3038.5029464355794	27.348743442484686	5.0	587.5886863593087	25.392083387114926	14.0	11.865081568702864
6536.019372400602	16.368573377744266	5.0	2824.95783713616	27.818194307194652	5.0	595.4832687116303	25.645453732758284	14.0	11.004456043838212
6544.436877288937	16.291661404727943	5.0	2814.9471368400327	28.151904142649286	5.0	546.8823097940729	25.75919287408221	14.0	13.709825509481655
6528.95698573231	16.19531225236959	5.0	2717.1911800957555	28.314230145874443	5.0	546.1645496193657	25.896380726960246	14.0	14.447945978135008
6481.246928626147	16.148203988869714	5.0	2656.2136026542366	28.595481962680278	5.0	518.2048524810263	26.248764946368592	14.0	14.919402373759935
6031.731751651437	15.87036540399686	5.0	2695.101179533298	28.608817221519175	5.0	521.0442308459549	26.298804813686406	14.0	14.996416645685873
5566.799672718488	15.682410740580254	5.0	2611.3457821677475	28.59732777701206	5.0	558.5714158310185	26.0042052833566	14.0	13.568355650464994
5207.065820039812	15.830065398741853	5.0	2491.6826283455775	28.843869560386363	5.0	592.3835192446778	24.25398438326318	14.0	13.545038269019296
4685.240452295536	15.852413527354956	5.0	2436.8508468056207	28.821647711330165	5.0	638.714804143533	23.383219890238454	14.0	11.569463789910504
4182.60238171749	15.913444595009214	5.0	2405.6728836340762	28.72344213814271	5.0	685.6318528488426	22.993101445689796	14.0	9.848551637660158
3819.248190931851	15.973175134781549	5.0	2480.418597063372	28.82439449179164	5.0	670.4780068799676	22.37535631160724	14.0	11.628831487320502
3496.743196513651	15.93664450035167	5.0	2607.747669542276	28.74224096965023	5.0	665.0780617109524	22.0814920298327	14.0	12.442801258146325
3142.4033647453075	15.850362648375997	5.0	2680.53089086074	28.427200590840762	5.0	723.0190052297131	22.230696279496815	14.0	10.464876907274908
2918.5104192152785	15.689552443724327	5.0	2801.61425204776	28.375612296697994	5.0	673.4504176723404	22.230340302523064	14.0	12.438720244606165
2726.4007875443376	15.583663994109873	5.0	2868.7100624266122	28.34746281246564	5.0	643.955077195885	21.945303430583998	14.0	11.500303187119188
2564.9252997666017	15.274816451730684	5.0	2803.0563112156556	28.272474236786064	5.0	618.5155216536103	22.39517689599841	14.0	11.553723701443538
2440.5506670771947	15.017846955953603	5.0	2800.7614913359325	28.282544759987097	5.0	543.0389403827451	22.896527541432683	14.0	14.232634367675667
2266.339932536426	15.122600767755486	5.0	2788.1185044109297	28.265601762165854	5.0	510.730058258842	22.611352194827067	14.0	14.468529321156229
2117.239682147816	15.320251330468187	5.0	2678.307963694985	28.386259831427946	5.0	503.8473557725721	22.101601045577922	14.0	13.181518456334162
1915.20307851527	15.394523047945446	5.0	2569.2913633928133	28.371445706297024	5.0	521.3758033522722	21.79871805982873	14.0	12.389996487221197
1726.0750947019885	15.46890577051573	5.0	2550.7366075752734	28.26015456379964	5.0	565.9167796476404	21.44582599153925	14.0	10.51264084277732
1554.3430021693102	15.535475025795142	5.0	2458.4602772227895	28.23376484389541	5.0	623.4265484131173	21.51394395120108	14.0	7.226460993852914
1446.6688366791088	15.855103090098611	5.0	2296.1967817631025	28.403766720225068	5.0	675.9714865839195	21.45313515132588	14.0	4.737026935289499
1385.2829672341438	16.131609623531325	5.0	2227.004969277762	28.463075331733123	5.0	713.1145098323555	21.434832937467107	14.0	1.9677590124245956
1364.838332555286	16.296955557265708	5.0	2200.5568540731424	28.522933511469535	5.0	713.2732794113464	21.440639378943157	14.0	-0.21693548311870148
1406.1417007331095	15.99011179241013	5.0	2279.738355839718	28.515746179316615	5.0	648.1546602715542	21.64416571756064	14.0	1.0339724646434665
1392.0116763356195	15.663378122197294	5.0	2358.7901503903868	28.454613036427318	5.0	601.308271162016	22.14521977603019	14.0	0.7954296007998253
1377.3443673731217	15.82056111485629	5.0	2413.2114635100593	28.601816922498482	5.0	577.4009301241825	21.91481486841216	14.0	0.7982000790447386
1364.7808299167605	15.741043016136944	5.0	2427.8922452087454	28.415651679124313	5.0	566.0579375955352	22.388472047050787	14.0	0.7625452146781734
1374.413666785253	15.837825026387149	5.0	2382.1094647951586	28.284178546504403	5.0	592.5705977798285	22.812895511664735	14.0	-0.3175254138160649
1380.106351743826	16.184853796730398	5.0	2257.313705028576	28.359010483156577	5.0	641.5144429485023	22.640535918521255	14.0	-2.231780417423625
1325.623131253253	16.134130259227963	5.0	2177.0359402807658	27.989878180946558	5.0	671.9020220251692	22.970015111316627	14.0	-3.048198093229561
1331.9693984584599	16.34788090482862	5.0	2096.354523610822	27.768918816536097	5.0	692.9884495538892	22.975781691372738	14.0	-4.795888845914327
1253.116942257183	16.24285870020773	5.0	2090.7544818882784	27.176799201533115	5.0	735.8669737538252	22.999381436078956	14.0	-6.590191546556283
1168.6783853700956	15.54285494389483	5.0	2213.427192755986	26.78644890737279	5.0	738.3584975166318	23.116332386349974	14.0	-6.35881777294328
1044.9785352137753	14.765311055961305	5.0	2215.2057478499037	26.451461191224794	5.0	776.3775317362873	23.214683918174476	14.0	-7.392313985839255
779.5449064086492	20.0	5.0	1602.5089303179298	27.33416691029659	5.0	1185.835072965746	20.055323738892774	14.0	-25.45796843487909
521.5529684125178	20.0	5.0	1720.3855013820885	26.943324537067635	5.0	1260.9156696155035	19.897069864164344	14.0	-25.194392960582267
209.8769663611469	20.0	5.0	1943.6894894926634	26.195139381266493	5.0	1351.2192432842726	19.978907527986205	14.0	-24.287109168864657
0.0	20.0	5.0	2118.8288424213883	25.769743820624583	5.0	1435.7176160993672	19.945081363152898	14.0	-22.972429034690354
0.0	20.0	5.0	2212.472455492878	25.96991273249275	5.0	1440.6635985050318	19.784146299448658	14.0	-17.276274362330028
0.0	20.0	5.0	2304.5085902369797	26.078975499751166	5.0	1452.7019309109733	19.46410077681981	14.0	-12.560012133750586
0.0	20.0	5.0	2459.9789883602616	26.137961835910474	5.0	1463.8124669816493	19.115343884889736	14.0	-7.797598049135471
0.0	20.0	5.0	2701.5145331710496	26.009078523607947	5.0	1443.191453857468	18.879139708023985	14.0	-2.958000402854738
0.0	20.0	5.0	2931.6300444203207	25.877726293601086	5.0	1389.1347007529587	18.71591453260925	14.0	3.4242759341221527
0.0	20.0	5.0	3233.7729786934333	25.719455906496663	5.0	1343.763146734822	19.130478556942982	14.0	8.016504357512481
0.0	20.0	5.0	3604.368958205161	25.53837687511266	5.0	1274.849306632536	19.488771260149615	14.0	10.66154274526099
0.0	20.0	5.0	3897.8916717789516	25.40808357051495	5.0	1198.8795423541535	19.969142242362704	14.0	11.685747584118014
0.0	20.0	5.0	4056.849567872373	25.389535433001846	5.0	1165.96341270509	20.904220624941267	14.0	9.342295914254699
0.0	20.0	5.0	4087.9858638345436	25.493833803537434	5.0	1106.4183749364383	21.365065281422883	14.0	10.364629932580396
0.0	20.0	5.0	3844.1337926759197	25.720472274393643	5.0	1092.3848969766998	21.731263991708733	14.0	8.249254208510656
0.0	20.0	5.0	3569.5315539870535	26.071142438083115	5.0	1072.163127092794	21.905773685472543	14.0	6.009145808168847
84.14374564013697	20.0	5.0	3376.8322801965182	26.29013902247101	5.0	1016.1305780269302	21.74988795682434	14.0	8.797244148139285
197.86136052922623	20.0	5.0	3205.1898513081	26.475107953172888	5.0	1002.8858102168238	21.826258887164894	14.0	9.289058358577687
327.0676900706597	20.0	5.0	3030.262508485014	26.738266394883343	5.0	995.518035668542	21.783944720835976	14.0	10.917060038037986
450.70420604516244	20.0	5.0	2851.0099146893604	26.76447032944022	5.0	1041.7055974984464	22.225109417594535	14.0	10.694087789368103
537.0212852811873	20.0	5.0	2775.9117870635546	26.799307446061864	5.0	1089.0625582344549	22.38394935341836	14.0	10.207289628448578
519.877368955718	20.0	5.0	2765.289159770425	26.783310707218817	5.0	1123.690572721691	22.77044364556816	14.0	9.035559699532588
424.1288117623032	20.0	5.0	2770.4244069304445	26.516105509910776	5.0	1187.380855200464	23.459997493958177	14.0	6.531577103536917
398.14080740161677	20.0	5.0	2650.743620791544	26.319549362879165	5.0	1240.183125026345	23.834123264880734	14.0	5.139202744886223
0.0	20.0	5.0	2748.570637733443	25.366734611242318	5.0	1384.237372092005	24.045997843272424	14.0	-3.215178497313731
0.0	20.0	5.0	2753.043280845292	25.2069814541403	5.0	1440.8033972503304	24.41119851653407	14.0	-6.812674617132071
0.0	20.0	5.0	2700.3193676665214	25.01650941328421	5.0	1484.9387378795175	24.67281722144996	14.0	-10.375998562720651
0.0	20.0	5.0	2736.5807796023337	24.71965276289788	5.0	1510.6584794891078	24.818520531056006	14.0	-13.427150490902761
654.3684350378613	20.0	5.0	2346.417552685651	25.41557524380252	5.0	1410.4804292486067	25.442562419082112	14.0	-12.71519819317671
637.4332394665144	20.0	5.0	2271.856065209084	24.956083213956905	5.0	1431.68374531113	26.050941738626374	14.0	-17.842416559305835
1238.3534400318283	20.0	5.0	1946.352637605714	25.954756132553687	5.0	1237.9541743475052	27.031244857770243	14.0	-13.122011723818357
932.1985118373851	20.0	5.0	1939.8071026309565	25.092709354187587	5.0	1290.545594992123	27.57198288850791	14.0	-21.78449184322299
0.0	20.0	5.0	2434.2802001597292	23.305674085321822	5.0	1373.7355273305532	27.700611662768925	14.0	-28.9002287709217
0.0	20.0	5.0	2340.199968441805	23.33094928859593	5.0	1296.2632773986209	28.33574515251325	14.0	-28.90295503281234
0.0	20.0	5.0	2225.6989078647644	23.468380141564065	5.0	1267.420105654817	28.44525836439985	14.0	-29.760286912943872
0.0	20.0	5.0	2134.924288718261	23.40082971225777	5.0	1261.4961178519964	28.640115358078326	14.0	-30.916267925675673
0.0	20.0	5.0	2171.4243782017174	23.45836861570359	5.0	1219.0895225509937	28.75501413982011	14.0	-29.023250102774558
0.0	20.0	5.0	2300.2375118180944	23.493771056862716	5.0	1218.187190188395	28.86414920490111	14.0	-31.037662050234808
0.0	20.0	5.0	2418.084116639248	23.526791652442178	5.0	1243.089089663906	29.024454386469383	14.0	-35.87832358055235
0.0	20.0	5.0	2490.113705776933	23.616033876625345	5.0	1253.9347442385217	28.972838880569412	14.0	-37.431904794959685
0.0	20.0	5.0	2609.2136726870403	23.79905053496836	5.0	1206.7415072724561	28.837197810876862	14.0	-35.283084061983374
0.0	20.0	5.0	2655.5000263618062	23.958985073910338	5.0	1189.957535252546	28.575573439456992	14.0	-34.076757643986575
1172.840495734241	20.0	5.0	2070.9464314589177	26.17880264903263	5.0	889.294011367265	29.63186880368563	14.0	-21.43252891265705
1593.6921615589667	20.0	5.0	1941.002273220728	27.24388053206127	5.0	708.8510069496365	30.17605032244552	14.0	-13.493820059295553
1670.5908320525193	20.0	5.0	1974.6983162637453	27.17201998183934	5.0	685.4856929904851	30.12164603381857	14.0	-12.26636313999769
1638.6150786937544	20.0	5.0	2053.3858402299475	26.667018065580155	5.0	716.6646362643415	29.750258636375737	14.0	-12.310197127745713
2098.750951895775	20.0	5.0	1944.2939402300042	27.632263769179694	5.0	623.7404954016114	30.441550789453327	14.0	-9.05326974710376
2306.1657308772265	20.0	5.0	2002.4154530150374	28.003555128020295	5.0	559.4158995982992	30.565284463310938	14.0	-5.4370157136718165
2434.0134047927368	20.0	5.0	2064.1359655596166	28.219004592622753	5.0	499.90134830875047	30.82127686129234	14.0	-2.1299438510357427
2545.1989072293936	20.0	5.0	2055.5109934824413	28.512811954112614	5.0	441.30891572276147	31.292393262435006	14.0	0.7083445893517595
2410.3505630977807	20.0	5.0	2144.9084617629583	28.218711151057587	5.0	444.2927773769661	30.951429571901386	14.0	1.9791090842217705
2177.7179724588723	20.0	5.0	2231.2067666959483	27.78722899926627	5.0	461.0630438617621	30.836030175611352	14.0	0.6742837535296381
2051.3486333704245	20.0	5.0	2300.1174357150257	27.852595690066288	5.0	427.99944614291877	30.91251547620161	14.0	1.8985408866821067
1902.9659035264824	20.0	5.0	2273.628395996965	27.93349399192154	5.0	386.43599671311347	30.84809526136558	14.0	3.209135955299492
1733.4892068493536	20.0	5.0	2162.6290179322546	27.75577563675338	5.0	362.95226979570043	31.01691039683859	14.0	4.036426641764557
1651.6978521670217	20.0	5.0	2055.5317984086287	27.711960209987254	5.0	359.71733010730776	31.227108313908477	14.0	2.572625349489493
1573.1747492802554	20.0	5.0	1884.9787354202037	27.696107001747002	5.0	338.954443917354	31.36818971678915	14.0	2.1661978207209183
1495.4219204194746	20.0	5.0	1693.9990992866208	27.712708248146036	5.0	326.2365979931885	31.015387412477807	14.0	3.1338565029348455
1411.8282276422028	20.0	5.0	1514.4729379508099	27.607799308439244	5.0	323.29117350992107	30.65334072390521	14.0	4.433390570656744
1305.3222505625151	20.0	5.0	1358.2686849019658	27.692103375436744	5.0	302.4716040192293	30.01856496314579	14.0	6.189743292783253
1227.7993485185357	20.0	5.0	1274.0382007552205	27.716792196305107	5.0	251.91877591490362	29.747692236995956	14.0	8.489615810144045
1118.7397093205689	20.0	5.0	1159.2494010509688	27.537114054298993	5.0	233.834003244052	28.999656853572276	14.0	8.685377564829524
1032.5807442423136	20.0	5.0	1086.2501644816655	27.542841972185975	5.0	224.5622667017244	27.951006966579403	14.0	8.304727666367919
915.0527674988308	20.0	5.0	1074.213873420711	27.133808215637107	5.0	221.33079045031297	26.256671226429987	14.0	7.649002726306846
818.4690169862454	20.0	5.0	1087.5752447285881	26.579342819832615	5.0	230.4647409273174	25.549516742865844	14.0	6.400068440133259
755.9925971825743	20.0	5.0	1146.2229138825182	26.392339028306342	5.0	225.63669633134734	25.119165825973365	14.0	4.961959878042874
735.4430199990568	20.0	5.0	1135.5412411399338	26.52764441563666	5.0	201.37464225206486	24.454221609638317	14.0	5.4661118556827155
706.7425184391357	20.0	5.0	1108.7306143442843	26.395781668127174	5.0	188.82005526930877	24.570838937141925	14.0	4.281786996751272
618.3724808099757	20.0	5.0	1051.08400527788	26.142373677656774	5.0	188.38907168030585	24.252574569870415	14.0	2.3726340764354386
573.4912974128495	20.0	5.0	893.7106250547098	26.238236115337916	5.0	172.8141221846711	24.408201142393374	14.0	2.3369962060395837
547.2678305837929	20.0	5.0	792.3255602854326	26.17578798569764	5.0	153.3355321240937	24.576750924356517	14.0	2.443965891885064
478.3290670393706	20.0	5.0	743.2526416406594	25.79201835512188	5.0	158.40679750731007	23.739987858044035	14.0	1.7815336260678118
425.7034617530844	20.0	5.0	710.0541199945627	25.55133982243644	5.0	155.82880937107325	23.669260056794567	14.0	0.8926572370629603
432.3347779088966	20.0	5.0	649.3558078389283	25.624510098810067	5.0	144.5353305357428	23.891738225728254	14.0	1.9553235546037944
419.56013747888306	20.0	5.0	634.253414010015	25.565181949243158	5.0	147.78612447521536	23.76269950073874	14.0	1.565193898978287
430.08528047582723	20.0	5.0	635.1271499759008	25.657001889027846	5.0	142.5411785118239	23.381206812147187	14.0	2.2929409553899904
433.30015545855105	20.0	5.0	627.0942684580398	25.606763357391937	5.0	140.74188402869987	23.78151162984543	14.0	1.978974010847616
446.85970101523793	20.0	5.0	607.5494866843311	25.66552547951598	5.0	141.12916508004622	23.99805782931591	14.0	2.116807248482842
432.9903968600101	20.0	5.0	596.0028556957295	25.685755910468835	5.0	142.38838908958638	23.924903681351296	14.0	1.7468859451069443
342.8184838586489	20.0	5.0	662.7588232717475	25.041450021124476	5.0	149.7673764434709	24.01552288639127	14.0	1.694311678574904
320.8298017121068	20.0	5.0	671.9572521918267	25.133201451871546	5.0	152.60247506830643	23.29068408089754	14.0	1.3220034030224723
323.6058243210166	20.0	5.0	651.2914920930078	25.27790582968589	5.0	144.8645541545036	22.681906132393188	14.0	1.4181544364477554
300.48236874329115	20.0	5.0	707.4051105582246	25.049072686624235	5.0	139.61591808467364	22.576802864414994	14.0	1.2456835846947936
260.474850315793	20.0	5.0	761.445710343563	24.93413180643739	5.0	144.87083156253385	22.909469272907813	14.0	0.8157366300909029
207.789279744858	20.0	5.0	807.2305128366316	24.796755757826197	5.0	150.17098007222464	22.295878406819583	14.0	0.3372195633139073
185.0268731593698	20.0	5.0	883.1332778828452	24.645481673856455	5.0	147.54249873979944	21.847695209335253	14.0	0.5973901344229027
196.82664675532897	20.0	5.0	893.6760630232432	24.68290294609017	5.0	156.25787603957758	22.243690557536173	14.0	0.512806657515227
146.90774268397618	20.0	5.0	976.6213196078212	24.58701749545254	5.0	158.1945126123491	21.927817581150006	14.0	0.3199232981622873
126.62947230120572	20.0	5.0	1029.6592012915828	24.45676916985278	5.0	149.0239030983453	21.83659345028817	14.0	0.7797101503310254
154.12175794960493	20.0	5.0	1014.9452710878611	24.58944951161766	5.0	143.7309801677305	21.722205557934227	14.0	1.4554089481908736
137.36414937266562	20.0	5.0	1050.75051815067	24.520908914491255	5.0	142.1638603540076	21.72416344006697	14.0	0.8428145015169162
116.48870636394183	20.0	5.0	1074.060148890243	24.4315939368625	5.0	147.1598421678929	21.758989944676205	14.0	0.4681082289584534
118.37172253184026	20.0	5.0	1060.6763909623462	24.48058255103817	5.0	148.62500820383175	21.601106486995107	14.0	1.1541240891145388
168.1016859135749	20.0	5.0	1011.104644025024	24.676228518988275	5.0	142.0294268984215	21.51869549459068	14.0	0.7045774835083364
115.16910817767113	20.0	5.0	1050.4440990794667	24.51732978045235	5.0	141.81483746913403	21.03691479122871	14.0	0.67138649910843
111.37939974198484	20.0	5.0	1037.7613387941399	24.48048113095435	5.0	149.82753275381975	21.072611061459167	14.0	0.19708147128376485
107.10629879953078	20.0	5.0	1066.2815371105864	24.435402625402894	5.0	148.44784815847382	21.089980924735023	14.0	0.2567738080907383
100.92278031847175	20.0	5.0	1111.5331886910724	24.460233017311793	5.0	148.02223931096975	20.900148569235945	14.0	0.03039870207049051
92.96586733725196	20.0	5.0	1185.8818998571799	24.58881672617847	5.0	147.57249560762935	20.64272854679303	14.0	0.7162465059248871
117.88290835795556	20.0	5.0	1210.4499861700754	24.640605850686843	5.0	142.1670006575468	20.544852688197718	14.0	0.9562283561403815
124.55827444514176	20.0	5.0	1234.5310738635753	24.696120942341825	5.0	144.31671707588598	20.876246057155104	14.0	1.2278388802871696
123.2023876536319	20.0	5.0	1229.6803240000036	24.76798526765054	5.0	147.98708716637688	21.426488816068435	14.0	1.0176699485177159
145.95012193948145	20.0	5.0	1185.1403128444051	24.663203664729142	5.0	156.10283879804797	21.81687607127213	14.0	0.3108047882627572
188.18592892774817	20.0	5.0	1126.983294368336	24.79357250667804	5.0	147.98792490868033	21.64042542805074	14.0	0.6614027211107761
155.98022132323536	20.0	5.0	1080.4122901947765	24.681691683495455	5.0	149.58929624096373	22.26906482804424	14.0	1.0017838494534612
180.095698756315	20.0	5.0	1003.235779931036	24.78971346456586	5.0	151.45189012784246	22.069482983727394	14.0	0.33381540816376776
146.79148007802834	20.0	5.0	1009.9227237727962	24.841306635421052	5.0	148.92638465677678	21.911163618439236	14.0	0.528136502783627
142.82487971568332	20.0	5.0	950.4335947623673	24.854275488196947	5.0	142.54483766888572	22.601904428963234	14.0	0.5155438502495884
172.5529072774444	20.0	5.0	884.6617323811593	25.163403533659043	5.0	133.1584760875652	22.3572085855616	14.0	0.6181864861777968
135.0538126429359	20.0	5.0	872.8596578875289	24.99730698595614	5.0	133.60336554313434	22.03848110523904	14.0	1.0355591172738583
95.95241606503238	20.0	5.0	851.3940664799932	24.828866890539857	5.0	143.96206450944595	22.18273901756214	14.0	0.2871084660804978
99.09996057006576	20.0	5.0	843.0631998546364	24.850651640749533	5.0	134.15720622205103	21.63769034493634	14.0	0.6804283049963596
175.87841973505593	20.0	5.0	793.1866182056331	25.174642181274223	5.0	123.82954174860622	21.45768678377467	14.0	1.7976372737905297
126.23685097121955	20.0	5.0	847.8765056192861	24.823823918561175	5.0	138.1794481708852	21.97418511349977	14.0	0.9270144948695423
102.14430591864298	20.0	5.0	896.4091828646104	24.644943686247544	5.0	137.78036412948757	22.014689474291824	14.0	0.7542836016782896
85.64365820148181	20.0	5.0	987.4891916607027	24.4614063045342	5.0	135.88732340783923	21.722352861164044	14.0	0.758142003424223
84.52125238686253	20.0	5.0	1045.007373973998	24.38606980242354	5.0	139.03446690464443	21.860160593194767	14.0	0.718485983848154
117.61473856243114	20.0	5.0	1018.5745872133662	24.435992570083048	5.0	139.25519762737807	21.92582452809662	14.0	1.1803217718321777
158.95828025437223	20.0	5.0	992.9541137678654	24.57014790034836	5.0	142.07637621243975	22.87349908035386	14.0	1.1112611166558128
129.54387205093175	20.0	5.0	1016.6380333219734	24.213948931469606	5.0	141.33089804562084	22.824342316728693	14.0	0.5730709340122052
122.12000597767071	20.0	5.0	1029.3444811412724	24.029576174063383	5.0	140.3600652404874	22.655542698313916	14.0	1.0580830336347655
173.7242424093628	20.0	5.0	980.1773582279515	24.180541604257417	5.0	138.26616104426142	22.8072102411041	14.0	0.5406306077472033
142.58714253832665	20.0	5.0	1062.0774960805677	24.060224439083555	5.0	136.69778558271778	22.17633855823071	14.0	0.062123332193278084
208.9745781981326	20.0	5.0	1053.2254681316488	24.18724374534294	5.0	142.87012789638536	23.201856091168253	14.0	0.6693394867781732
262.6073467310303	20.0	5.0	1052.9510706530587	24.22364409948942	5.0	139.83465207655985	23.700110753964378	14.0	0.6265865020988965
160.1720751036583	20.0	5.0	1196.72185308353	24.047790944531975	5.0	143.5878865602674	22.512123465741414	14.0	0.7251819895379925
224.6822760753234	20.0	5.0	1151.9722100363294	24.100735014860373	5.0	143.76395731081118	22.60593161931169	14.0	1.5729964450334981
240.88816502176346	20.0	5.0	1184.6610825466537	23.986808474373348	5.0	144.86681101545577	22.694095909239113	14.0	1.0477269077411753
120.52550255015036	20.0	5.0	1275.2165043534048	23.58130184912828	5.0	163.5358489150382	23.12065459219349	14.0	-0.16780717770115003
299.907686225651	20.0	5.0	1151.5988540132505	24.166516355757096	5.0	159.5268193128605	23.234994122977522	14.0	0.7586537354553708
455.8418412084799	20.0	5.0	1078.4867878369466	24.970668055573544	5.0	137.83628121274938	22.703847018146053	14.0	1.9189325980901564
432.3386225030255	20.0	5.0	1048.3038219796551	24.82481109437961	5.0	150.17879972910558	23.064451895052812	14.0	0.6357837265900426
428.6453821466799	20.0	5.0	1013.1094826505754	24.739114560819228	5.0	153.8811615155359	22.79951930927165	14.0	1.2832011857205163
511.4055434983675	20.0	5.0	983.7307612065409	25.129201865762994	5.0	144.1082627700163	23.139924115547878	14.0	2.035341723869343
539.9135581487284	20.0	5.0	919.8614485726055	25.200323606046197	5.0	158.45235885421556	23.56237395848019	14.0	0.3166116296752423
576.7903203546165	20.0	5.0	871.5942241836945	25.33200519159405	5.0	159.29328366950438	23.605866062207404	14.0	1.057038941027498
537.194851264664	20.0	5.0	881.1183179960314	25.12753139565973	5.0	157.7914079821373	23.77608661544269	14.0	0.8056633762526527
556.97753750476	20.0	5.0	794.3929478750449	25.37216147823134	5.0	160.38131231579703	23.953806039496495	14.0	0.3164599744565428
513.3637795751835	20.0	5.0	821.0128521689215	25.370373580110016	5.0	162.20619421532805	23.647917551456544	14.0	0.44812897834156595
532.6988179604466	20.0	5.0	791.7133651367691	25.407976376331742	5.0	159.44737206999824	24.01343846732764	14.0	0.2833508313852509
537.3473475379728	20.0	5.0	773.921548615562	25.64670364452039	5.0	160.33333739714914	23.69154532425498	14.0	0.7413869829237043
516.6608484383328	20.0	5.0	738.5955159331327	25.587952812298823	5.0	164.60778443722253	23.535568664859834	14.0	0.9899443787720134
494.85279663558435	20.0	5.0	738.355229325077	25.562232826559427	5.0	165.1405382624623	23.747098661721104	14.0	0.5160861506000693
444.2222935546716	20.0	5.0	760.2831983957176	25.324538695736297	5.0	176.64184427857455	24.096944499037537	14.0	0.0761303097150786
475.82420812997793	20.0	5.0	696.3307915780836	25.52636353156354	5.0	185.54956968845147	24.169094060772085	14.0	-0.5274494719836047
477.3042698709069	20.0	5.0	711.7227918307862	25.800953715606365	5.0	177.32374705472236	24.228258768305054	14.0	0.3835134948451455
493.4884315870891	20.0	5.0	708.6158927792453	25.993007914396795	5.0	177.7659133334636	24.56216046473815	14.0	-0.039227469654696236
499.54186580592676	20.0	5.0	669.2724729027555	26.217280050519346	5.0	190.04081987522196	24.631607939087207	14.0	-0.832164907110119
441.1512222624065	20.0	5.0	712.5481889554196	26.049149927408664	5.0	195.18236657769165	24.37589455930432	14.0	-1.0900978508782804
485.5696818982845	20.0	5.0	738.154604064913	26.634993975859988	5.0	189.14893478602696	24.556034101269873	14.0	-0.08531805040930018
489.838317484793	20.0	5.0	781.7146079638686	26.990430327256814	5.0	200.18111138583797	25.261782842447495	14.0	0.5769055874883745
422.5957751204935	20.0	5.0	891.0679171092252	26.912100916978666	5.0	214.54840916494507	24.807552053438926	14.0	0.08297844503488618
343.2107670574996	20.0	5.0	997.4529139766648	26.679623473895052	5.0	235.35851303512618	24.666216496937302	14.0	-0.27064427489886
392.4610281978483	20.0	5.0	1005.5200765316681	27.171766723697054	5.0	223.5743028932826	24.71705308096094	14.0	-0.2592334079005323
410.7032813634061	20.0	5.0	995.553151084238	27.546997632737533	5.0	218.43676704611195	24.42973047627509	14.0	-0.752702121670526
357.9049912411857	20.0	5.0	1020.7245314262749	27.59840344483008	5.0	223.60841353821655	24.353072906280154	14.0	-0.8314927207360215
377.5608664063345	20.0	5.0	962.2420334019141	28.199033325001647	5.0	227.5464275295036	24.386505186712398	14.0	-0.2966206553101669
382.5376637244081	20.0	5.0	917.5826417428101	28.51523285375238	5.0	230.9947594826511	24.53760383381471	14.0	0.10216539407213324
399.6181405273229	20.0	5.0	885.5751471375459	28.72443387784675	5.0	218.9157100305715	24.874203978398942	14.0	-0.3711081851873301
394.6080071492725	20.0	5.0	847.6065533493523	28.919428967517234	5.0	228.76896967428783	25.251383020643168	14.0	-0.8149905144219904
387.2633783571158	20.0	5.0	789.4523098549827	29.086531756426968	5.0	249.2782865586079	25.724202684747436	14.0	-2.781638847757768
391.25331387639403	20.0	5.0	751.2105671481437	29.4328944445459	5.0	247.9629273186504	25.88810226708021	14.0	-1.798648622273986
369.44235087279367	20.0	5.0	726.7130013310822	29.211797626012736	5.0	270.33753138334754	26.265567426805568	14.0	-2.8461826942488186
401.22969235155705	20.0	5.0	713.0873086781567	29.31752426053722	5.0	263.6144706544709	26.81612432811369	14.0	-2.8188367835936035
418.94148869661393	20.0	5.0	694.2026850312584	29.539175863669662	5.0	274.3756149831283	26.93835167384663	14.0	-3.6915650622801475
449.075961911917	20.0	5.0	688.0455939508892	29.80315661183332	5.0	266.9706161729494	26.720202674902552	14.0	-2.9409014646928586
452.93092090541126	20.0	5.0	719.2524552159279	29.712063314967125	5.0	267.9230940286683	26.69086422586894	14.0	-3.3742967993581625
394.9392420191602	20.0	5.0	710.0001190720699	29.174209993526336	5.0	297.91179946001125	27.096654028763293	14.0	-3.607632262761761
419.66940030058146	20.0	5.0	781.3633863675187	29.55457868122133	5.0	280.51184866276736	26.815390349972713	14.0	-1.6341283289409698
393.15998777074583	20.0	5.0	817.8479264892329	29.410154099418634	5.0	298.0205012834341	26.308124197529544	14.0	-2.5426162757016773
424.8437491878936	20.0	5.0	806.7155923970472	29.586813893767047	5.0	280.1200029993027	26.063953408199747	14.0	-2.584316626497298
428.4431170747317	20.0	5.0	775.1506118166742	29.40240818494472	5.0	292.444625846732	26.37203640484068	14.0	-2.7711360652355923
403.3166382189605	20.0	5.0	787.1073150594765	29.037243089882853	5.0	312.0438216935061	26.356563264690863	14.0	-3.39433414606184
373.16965792024774	20.0	5.0	811.6921639693005	28.761132765282223	5.0	332.0626030791818	26.01048921546649	14.0	-2.865957554876071
376.48317502304786	20.0	5.0	861.3319309711155	28.537393286138645	5.0	340.3196481550774	25.82282853264595	14.0	-3.537479982952825
340.2856268886256	20.0	5.0	946.4889051147826	28.243564022001863	5.0	343.5743029413593	25.531042873960356	14.0	-3.181781813947575
381.22262446973315	20.0	5.0	966.3512260176424	28.35856115354157	5.0	337.0253545335838	26.00623821878735	14.0	-2.6602664591349723
422.22978464541495	20.0	5.0	1003.1532725653537	28.4200555935481	5.0	326.24706386089434	25.682378448493562	14.0	-2.173469071670544
396.28788539652123	20.0	5.0	1033.4535481445262	28.36476739538855	5.0	333.1956706640448	25.003753461552485	14.0	-2.90170245828084
451.1378915819874	20.0	5.0	1059.1104981860965	28.625679809697633	5.0	316.9390378411813	24.67347741918074	14.0	-1.8235139574492503
426.3124997281566	20.0	5.0	1069.5465704740188	28.340905691501796	5.0	310.62668903170027	24.556670425759936	14.0	-2.179626710827632
432.3414859043993	20.0	5.0	967.6430132709401	28.050855489927425	5.0	320.91362098031266	25.1705920477615	14.0	-2.6639764371355645
452.9944413122456	20.0	5.0	952.8102185794095	28.082710258804138	5.0	308.5985193306412	25.044045459020147	14.0	-1.4981453217169534
464.6567902309464	20.0	5.0	1020.1706942912916	28.061746950146507	5.0	295.11107911959203	24.85705000435318	14.0	-0.7418971457835627
449.97350858720495	20.0	5.0	1049.0392996798876	27.974024332345216	5.0	296.79798533510996	24.384544866855993	14.0	-1.219713860845302
420.24460891149744	20.0	5.0	1025.7614916054	27.68041600366003	5.0	302.27130351146934	24.17305101793559	14.0	-1.7493050676262032
399.5478606814429	20.0	5.0	1051.3975189958787	27.30810756972384	5.0	295.2064633442254	24.356322438247823	14.0	-1.3631384026505615
383.2529556091721	20.0	5.0	997.4649378559197	27.293742412187676	5.0	295.7407414564908	24.18932665827	14.0	-1.0015330633072632
405.8206833643684	20.0	5.0	955.4479356686105	27.40452248754197	5.0	279.93371080377665	23.49190831600623	14.0	-0.5737158286034731
404.3945017019533	20.0	5.0	924.1192590708254	27.256519647487906	5.0	280.2407124509092	22.995999121728712	14.0	-0.656456161686194
414.87171416756235	20.0	5.0	889.5255256434771	27.093626292019792	5.0	267.904041968978	22.860901155318558	14.0	0.6080227369409856
402.35076407707317	20.0	5.0	846.0247465314795	26.880439213756954	5.0	272.739091508483	22.695319185094963	14.0	-0.5515518333016612
403.97651532882617	20.0	5.0	832.5382847901127	26.52350402598438	5.0	275.9436925205137	21.953513804649038	14.0	-0.315536001008879
465.00094233563567	20.0	5.0	790.0019808080345	26.44205083115293	5.0	269.7836636693421	21.211313558593208	14.0	-0.2448130609061189
450.51617887378444	20.0	5.0	755.6665986074722	25.961023872351927	5.0	283.2453968689802	21.950751480220713	14.0	-0.6708553002423076
570.0288825700023	20.0	5.0	677.1808054615942	26.28383940161484	5.0	279.1972553730245	22.05861998261484	14.0	-0.26761321612805733
604.3647039819259	20.0	5.0	641.0171099911265	26.20145422183611	5.0	287.44234163348057	21.85450097503524	14.0	-2.3766711369471625
587.1103058080138	20.0	5.0	645.2364690436215	25.804227247315062	5.0	296.26420610237074	22.16284981138511	14.0	-2.7314461044007126
651.7142791219563	20.0	5.0	583.5403468884924	26.27349968887588	5.0	310.57688594928516	21.648932286728073	14.0	-2.1358558516100983
685.064047642139	20.0	5.0	523.2979239931398	26.52283407644522	5.0	321.0065824465252	21.50326861128969	14.0	-3.0579529804340875
667.8215828591942	20.0	5.0	532.0578915265606	26.401577216303018	5.0	322.6726368041274	21.356001084974757	14.0	-2.5494297410484412
676.0796552702963	20.0	5.0	568.0118573844737	26.838825840536984	5.0	305.48072565130656	21.17887601823112	14.0	-2.9466438094198715
614.6121914454749	20.0	5.0	540.4811939951232	26.64100242117166	5.0	321.16266982229536	21.29063868720548	14.0	-3.211661594827918
681.2041561712839	20.0	5.0	541.4987351451163	26.93668961135273	5.0	305.49321676071503	21.215149525039312	14.0	-2.978814522108808
764.9493287249205	20.0	5.0	528.5383095586332	27.39884865002524	5.0	272.3446094883341	21.237767732329374	14.0	-1.9060277759063842
767.2395363542563	20.0	5.0	511.34374084740693	27.39951203432004	5.0	278.53721484853793	20.788451943393667	14.0	-3.2315056173441357
815.65860489725	20.0	5.0	434.7014565807154	27.783811194944626	5.0	294.80685412695027	20.985017179133123	14.0	-3.3175568834740337
818.9686785386829	20.0	5.0	414.61596714845587	27.886416722706038	5.0	285.0102186958388	21.238467946281368	14.0	-1.9823358040233896
840.2552258466267	20.0	5.0	394.92302962421076	27.147576326905693	5.0	292.8166629812583	21.13757477677051	14.0	-3.001704687575334
911.7226627665319	20.0	5.0	324.9792778868733	27.614030869228326	5.0	322.05281922218916	20.832593825959655	14.0	-4.9279280168954624
943.3657288069007	20.0	5.0	331.0823733894378	27.50257858660305	5.0	337.5300054283378	20.54367312718948	14.0	-4.4344878353396675
1009.2625254544802	20.0	5.0	316.7651289251856	27.334057384951766	5.0	337.1195951668796	20.484720527420155	14.0	-5.176075406560684
1124.855639079761	20.0	5.0	251.4803735252622	27.634598171733003	5.0	371.7246528013486	20.416096925482105	14.0	-6.953527332888591
1151.4863200409513	20.0	5.0	206.77757451954633	27.27383373051924	5.0	401.95042544168876	20.460397658229684	14.0	-5.9116249332370705
1226.5642795302385	20.0	5.0	94.03512894023498	28.267116713084025	5.0	444.17281956913774	20.68222956982598	14.0	-7.60533734567769
1233.620119140096	20.0	5.0	58.05535405114118	28.77280626578121	5.0	457.09545839581165	20.594248908541584	14.0	-8.737935538138316
1266.3832999781432	20.0	5.0	39.87759577601451	28.82725732937441	5.0	452.2780514567566	20.587946296366006	14.0	-8.001544415177326
1240.8185882039652	20.0	5.0	49.33854942895913	29.325164836995203	5.0	457.3196871869614	20.56938834491723	14.0	-9.410662709742455
1087.5261078948959	20.0	5.0	209.1566789260468	15.0	5.0	439.88294932426186	22.983326495772197	14.0	-8.576357742419665
1074.9816016418065	20.0	5.0	213.44658789156475	15.0	5.0	461.7565832801808	22.797419220783606	14.0	-9.232442630123282
1089.8724772091518	20.0	5.0	0.0	30.843332321000535	5.0	535.4183700971805	20.37543201808072	14.0	-11.751116028357874
1046.1001770555006	20.0	5.0	0.0	30.843332321000535	5.0	559.5484226366605	19.786297961265625	14.0	-11.938827905871472
1003.6286028517861	20.0	5.0	0.0	30.843332321000535	5.0	595.5223327390742	19.893396387248803	14.0	-13.960179110836716
984.7289122828621	20.0	5.0	0.0	30.843332321000535	5.0	631.8853485399228	19.803238916140163	14.0	-15.500485856100553
1052.230366951215	20.0	5.0	0.0	26.28548915613207	5.0	694.8750886494512	19.82499825487773	14.0	-18.724274394244233
1100.7758745838971	20.0	5.0	0.0	26.28548915613207	5.0	751.7209515606372	19.517574395579192	14.0	-19.908868160422475
1114.9286108701197	20.0	5.0	0.0	26.28548915613207	5.0	800.4476362477856	19.74733588455631	14.0	-22.59087967590064
1123.3503342739534	20.0	5.0	0.0	26.28548915613207	5.0	793.2779709433482	19.55003104878436	14.0	-22.619786102748066
1126.6035648794234	20.0	5.0	0.0	26.28548915613207	5.0	781.3333316694359	19.296670083215275	14.0	-21.095400891681678
1113.9255165637335	20.0	5.0	0.0	26.28548915613207	5.0	776.9428530358188	19.315825131807223	14.0	-20.635995848250513
1111.6898647028092	20.0	5.0	0.0	26.28548915613207	5.0	777.0588840849776	18.616169491583364	14.0	-22.05120556235602
1116.8203518577745	20.0	5.0	0.0	26.28548915613207	5.0	781.8236650352198	18.600670706338395	14.0	-22.38217317664202
1089.1506675065255	20.0	5.0	0.0	26.28548915613207	5.0	791.4826891509989	18.307179134085043	14.0	-22.351340412493553
1083.8496036584886	20.0	5.0	0.0	26.28548915613207	5.0	784.6810005165516	17.727964309657388	14.0	-22.623404361504576
1014.1644722540901	20.0	5.0	0.0	26.28548915613207	5.0	797.5672848844187	17.806969943607648	14.0	-23.991708785599137
1009.9305215570287	20.0	5.0	0.0	26.28548915613207	5.0	751.887110713436	17.431970172603965	14.0	-22.22833528352535
909.1496881703536	20.0	5.0	0.0	26.28548915613207	5.0	744.3235863433055	17.203710835966834	14.0	-22.825819507107546
874.4907078269748	20.0	5.0	0.0	26.28548915613207	5.0	683.1851111144289	17.635669759676706	14.0	-18.766961621409553
903.2024246325885	20.0	5.0	0.0	26.28548915613207	5.0	630.6127907492817	17.515997342791856	14.0	-17.17171900845891
814.1286017089217	20.0	5.0	0.0	26.28548915613207	5.0	631.7859301111687	17.52456959961683	14.0	-15.535248695844663
836.4504403925406	20.0	5.0	0.0	26.28548915613207	5.0	607.4809333920573	17.564397227126182	14.0	-14.246832151759204
822.6078179105016	20.0	5.0	0.0	26.28548915613207	5.0	620.9827332977903	17.93941372192717	14.0	-14.474902267921687
794.8052239058005	20.0	5.0	0.0	26.28548915613207	5.0	620.3447025247281	17.841168801064427	14.0	-15.714292010398683
748.1543790903156	20.0	5.0	0.0	26.28548915613207	5.0	616.640062999396	18.098180480378502	14.0	-15.160668311584416
727.9061908748912	20.0	5.0	0.0	26.28548915613207	5.0	640.0512597100668	17.967455668973418	14.0	-16.519070149398747
769.7729783614429	20.0	5.0	0.0	26.28548915613207	5.0	638.359511379869	17.91548829801384	14.0	-17.103621059264235
788.3963570754593	20.0	5.0	0.0	26.28548915613207	5.0	660.0551173602062	17.638442741762226	14.0	-15.401030710484614
753.3643217361329	20.0	5.0	0.0	26.28548915613207	5.0	677.6389828925076	17.79104026645264	14.0	-15.847108676638609
750.6528664471538	20.0	5.0	0.0	26.28548915613207	5.0	672.4764026388318	17.501644385102907	14.0	-16.52281524627687
788.5812826858692	20.0	5.0	0.0	26.28548915613207	5.0	670.4777846812065	17.52858803129028	14.0	-18.361452392430486
670.7245339391065	20.0	5.0	0.0	26.28548915613207	5.0	690.3978772910789	17.74513105964382	14.0	-18.25797587556201
655.3352128341315	20.0	5.0	0.0	26.28548915613207	5.0	675.5361651379113	17.832731011895895	14.0	-17.02730599309793
650.7565908826806	20.0	5.0	0.0	26.28548915613207	5.0	662.8571469725665	17.851717103927093	14.0	-15.647013286977034
617.7575258068914	20.0	5.0	0.0	26.28548915613207	5.0	671.8417481658728	18.083942253988244	14.0	-16.63025049717632
643.1295425565627	20.0	5.0	0.0	26.28548915613207	5.0	670.483772885859	17.739614661899914	14.0	-17.376450158781417
681.2850786015629	20.0	5.0	0.0	26.28548915613207	5.0	664.014162037461	17.87241184227487	14.0	-16.110859612081555
705.1403699495969	20.0	5.0	0.0	26.28548915613207	5.0	639.2725983200338	17.876600412588893	14.0	-16.969904371800418
635.1242321837028	20.0	5.0	0.0	26.28548915613207	5.0	655.169417923169	17.842116949029485	14.0	-14.38590100626227
