amplitude_0	mean_0	stddev_0	amplitude_1	mean_1	stddev_1	amplitude_2	mean_2	stddev_2	amplitude_3
314.18509462363	9.259900991063143	5.0	969.2694294834924	19.503715380206405	5.0	176.1344870610965	21.71491253329709	14.0	-0.4182002355145698
281.14657097426476	7.579500776348157	5.0	930.7734350536056	20.005870687436637	5.0	90.21018203034944	26.96895721094709	14.0	-0.10624691636115724
236.89780013915288	7.25499437912306	5.0	868.929884354793	19.371907756889897	5.0	110.77662919778857	25.718948341489746	14.0	-0.5609813074955445
176.489946250532	7.249726054498795	5.0	909.2587200522522	18.977944486552882	5.0	174.40510127210354	23.36334504631103	14.0	-0.5346035632908951
169.2318540496378	7.557250193270759	5.0	838.3819818738896	19.172421705567682	5.0	182.0658241641938	23.194971738702392	14.0	-0.2466250304783625
227.64471373193527	10.326046545123857	5.0	633.4750900408634	18.558355139797808	5.0	213.99269228090157	21.537215853285726	14.0	-0.6451806705553521
270.1561292547968	10.512296890023235	5.0	516.642821833593	18.694652996981244	5.0	218.43772153272766	21.80484684856495	14.0	-0.7951488155212505
405.77987949721046	12.485234987836522	5.0	400.06582483265834	19.686608194783947	5.0	244.25397840322853	20.848210243775494	14.0	-0.03161108797084287
1098.6277682711761	15.57981261296592	5.0	62.45374057035931	26.637027997738173	5.0	298.5311075701542	20.715082227710536	14.0	0.6140289860116671
1200.0398722820107	15.68442228737072	5.0	34.59502017508294	26.66081304961221	5.0	414.1967573267436	22.84574813349162	14.0	0.7670348581663021
1718.9913808884132	16.28754484999692	5.0	120.36736833602593	27.159133442014163	5.0	457.75640854812053	22.950811400498477	14.0	0.5042032941482189
2534.734017897578	16.44171612106648	5.0	283.15900035012027	28.11428173492764	5.0	616.4699262605772	24.381088406845183	14.0	2.123003755645373
3598.718741290086	15.91052729218709	5.0	338.26181469273166	26.880225284985254	5.0	670.3270182682443	25.66267846992993	14.0	4.801425486368392
3629.308002845044	15.722426137488068	5.0	1798.420649887286	23.432115444785765	5.0	793.767881036147	25.342923089936026	14.0	7.245840589298202
3211.521947910177	15.455518125272388	5.0	4263.209132079145	24.097827278346024	5.0	832.7846029917613	23.480090591927404	14.0	11.054479778600511
3942.6428792537013	16.57206677284886	5.0	5889.634822385603	24.434009257170974	5.0	938.1161504250533	21.403187084732533	14.0	7.6087875633057696
2761.48416361612	15.358858732401284	5.0	7840.760347100169	22.089406203579465	5.0	736.9182189679135	20.924179019780674	14.0	10.21464996265223
1645.319196948601	12.24857272776165	5.0	6647.813689286492	20.437247280007686	5.0	561.3342918829928	23.54250104925153	14.0	13.205831864143141
2682.191286716542	11.728774613948135	5.0	4455.523195686571	21.459594628105894	5.0	702.7165490217328	23.840397228017714	14.0	12.384631867579271
4008.126470560567	11.3214255953545	5.0	3259.9426606717075	22.080337583805324	5.0	558.5749216110689	26.157261181724543	14.0	10.658186072832065
5062.861656808928	10.275966555486553	5.0	2389.127938146698	21.935198181860624	5.0	587.3683160096963	25.74745019609407	14.0	3.3416794785168027
3397.4415546404734	8.196303408789879	5.0	3377.7528801170793	20.37460162788109	5.0	701.1490389209642	23.622174050582824	14.0	6.003505903703084
1547.8158951140474	7.270194178376497	5.0	4593.13366573369	17.445581289836582	5.0	1376.5240794706508	17.61161964155398	14.0	1.0295156275715511
1251.258120021732	7.359266235501152	5.0	3417.28473788236	19.971944198610668	5.0	1504.2476123007948	15.0	14.0	15.303432075177563
1465.247875870374	6.890618018437877	5.0	3550.4946321129783	20.538795839543884	5.0	1193.7694379096445	17.08397228079668	14.0	67.67797062123341
2559.9898857628464	10.897712163623654	5.0	3813.4973096889894	20.377845475958868	5.0	1574.5737144775287	16.315528357304203	14.0	-0.8234123548766961
2979.3968651220785	12.978107158194742	5.0	4883.65253671098	20.440318924145398	5.0	1318.243236094496	17.103539458099824	14.0	-2.4626145480689643
1628.854390480315	12.156391881219989	5.0	4391.043440895965	20.23541869117807	5.0	1141.7644053538013	18.36769317900725	14.0	0.8486063800018036
2668.082784657584	14.91340182958626	5.0	4048.7887524569182	21.799963784180605	5.0	1065.2868331091422	19.07613441827741	14.0	6.574149104353401
7010.942409908978	17.67035674624908	5.0	2710.679157201538	25.192716884777713	5.0	1062.7476416615455	19.87425580524634	14.0	13.585172590975798
10494.64912438616	20.0	5.0	1591.6448732631557	29.28390307564733	5.0	862.0288452975894	18.459935243251806	14.0	23.179593185856277
6311.361703756789	20.0	5.0	5381.459440318	24.529636937297305	5.0	788.0328924573847	28.891508705821156	14.0	9.377155577866933
377.9344976107619	20.0	5.0	8489.29954407231	23.940558064238356	5.0	633.3632388704441	26.510889078078854	14.0	8.13235430139502
0.0	20.0	5.0	7779.999982388171	24.51394137936753	5.0	703.1762874615769	26.099953426881495	14.0	-0.04399995254019607
0.0	20.0	5.0	6826.984020782117	26.40393336497193	5.0	313.8120437138119	20.662474360063275	14.0	13.363361908737927
0.0	20.0	5.0	8214.891115211938	25.48790930739245	5.0	73.86924771699842	15.0	14.0	20.60694937437
0.0	20.0	5.0	8072.784245638096	25.922228075997452	5.0	265.19507825246745	20.783622784628	14.0	15.037370321763204
1776.9073866376693	20.0	5.0	6701.958994852557	25.896390059685846	5.0	278.0483227033058	25.93106297692267	14.0	13.46499437854004
4336.933003105214	20.0	5.0	5875.507314136353	26.716499651367236	5.0	128.9231211724847	28.05821961581394	14.0	24.142347159861988
3432.2579388625472	20.0	5.0	7134.449131235552	26.46421396074747	5.0	134.2250395560085	15.561282186176816	14.0	23.716431462376423
844.9744063777465	20.0	5.0	7981.493713853986	24.523960043121527	5.0	426.98407869681495	22.529274683802825	14.0	19.395133479408667
0.0	20.0	5.0	10459.416969776841	22.93770191549826	5.0	297.2528247702395	30.879255417002653	14.0	31.99274363296999
0.0	20.0	5.0	8805.023762357785	22.33556173804676	5.0	461.1161980401992	28.36249628553333	14.0	19.705114391439803
3340.5284555336466	20.0	5.0	3878.984594852106	24.842700585164483	5.0	317.7891286076101	27.20017700636525	14.0	31.394904551745757
2014.8669448428036	20.0	5.0	3274.01946972169	24.801922981900137	5.0	423.1286409646127	21.74390916814972	14.0	15.940517375479564
1651.3848533641178	20.0	5.0	1339.240263358959	24.939909275368837	5.0	429.7383079595334	19.749430693716093	14.0	5.603508688023551
1718.0228941310713	20.0	5.0	1043.7223137835965	24.438324900931885	5.0	451.2181754710955	20.376309731402618	14.0	0.5094093192494863
2126.871935978797	20.0	5.0	1058.196326111038	24.265720452031957	5.0	561.6131687963003	19.504794707120162	14.0	-4.4873135761755
1970.2140417465453	13.721683225331763	5.0	3239.6725957086487	21.565756108042205	5.0	187.14662960267867	33.119459590590616	14.0	8.000934476264089
1678.673947363742	14.243050427801995	5.0	3255.8910757908193	20.627033711628375	5.0	207.02013952196143	30.083457658066234	14.0	10.300324082422495
168.18134499591753	6.240719909840798	5.0	4139.303574076525	19.669827672337288	5.0	146.43895997188915	34.05955614949071	14.0	3.6419078149068294
211.41697852936582	6.671215626289119	5.0	3613.227508751367	20.04768935046767	5.0	132.84156416270545	33.31490411893618	14.0	2.613597295935556
1744.9425159827094	19.675020111908918	5.0	468.5765629524059	24.468538145512326	5.0	403.3090621141533	20.550242397126272	14.0	-1.0581967270100539
1005.3755984723797	17.431270416350678	5.0	1303.8406290066928	23.07715086595607	5.0	352.8011861865006	20.323100278061936	14.0	-0.3656433014058078
721.6332302936464	14.415042946351681	5.0	2414.152796548846	21.158434124930896	5.0	265.4389348532232	20.394682636254732	14.0	3.828096111260674
1132.3320707184637	15.313930833860843	5.0	1413.3783746389252	22.19961486471351	5.0	249.0775198013169	20.298922200957794	14.0	3.8911614827723846
1535.4430563544056	15.30512095630556	5.0	1286.7273727746217	25.585440758934578	5.0	316.2757558134203	21.33037442534354	14.0	2.855836314449817
2063.71335990901	14.49019037003933	5.0	1634.5508966577906	24.7652196457677	5.0	504.3082465350872	20.751324813511456	14.0	1.324968015781138
1398.422262728857	12.176422973161753	5.0	1610.963508615789	22.231112784203567	5.0	451.1434483814723	22.945943407784352	14.0	2.292530557430778
1111.5282885085303	11.54731490842916	5.0	1297.601379587168	21.909508230747644	5.0	498.00667308704453	20.581286572025366	14.0	2.2161780046006307
1508.3818422812687	11.073607232006063	5.0	1226.1773502988096	22.930193294092543	5.0	504.4237523695543	20.471419036734396	14.0	1.3014701492060645
1825.9013987003543	10.75471537599697	5.0	1463.0175478111114	21.61798055056723	5.0	397.98155048993317	22.505791632345908	14.0	6.044165592136956
1476.4515117088552	11.249354256046095	5.0	1170.8077990383083	20.25654957227632	5.0	481.0595732237411	20.95183816767247	14.0	2.656404083797833
1014.5553810405331	10.90748276564104	5.0	940.9147044008193	19.511583745814693	5.0	609.4768938897906	20.683109772179115	14.0	-2.1863335216581206
