amplitude_0	mean_0	stddev_0	amplitude_1	mean_1	stddev_1	amplitude_2	mean_2	stddev_2	amplitude_3
214.79512434391438	11.407747642380944	5.0	568.7128735340652	19.52996675810299	5.0	188.0094667567222	20.30026231480088	14.0	1.11529488745917
163.7034345883265	9.113386490965661	5.0	573.850550379691	19.10937332195481	5.0	176.35268794912616	21.728708003563302	14.0	0.618432777080932
194.0947731420839	11.829045706457197	5.0	498.5564182887379	18.991824880937774	5.0	189.79496192069064	20.307522648780203	14.0	0.15876479124417406
180.6454573350829	9.863570642769771	5.0	736.1068679249038	18.599517424930447	5.0	202.0092279816961	21.481862160461127	14.0	0.12767603914348682
267.2129363046873	10.587919829077086	5.0	764.1918093913105	19.2592857992261	5.0	194.71352054401854	21.96179118062906	14.0	1.5446187892506302
457.15066282264837	12.932690403826875	5.0	387.90300107677655	20.53274386177353	5.0	219.45995437993102	21.53775518227003	14.0	1.2921399005693959
919.4323783660819	15.082785519522986	5.0	112.68013233814922	23.177449655097448	5.0	256.66430838544443	20.477092556688273	14.0	0.8202515993268179
1136.5758730072762	15.940784388618848	5.0	101.19427949384763	25.457985992402605	5.0	294.61867268302797	19.89239130635111	14.0	0.9312858799682959
1278.0577740578058	14.871840110726739	5.0	162.98685351399763	25.041659652199765	5.0	257.16123995619995	20.732129571097097	14.0	2.893851824186854
1172.7664837317104	16.308982367727847	5.0	171.2379502371791	25.39653142547625	5.0	365.1731221836744	21.549076856883662	14.0	1.9626238865282357
1670.199609193711	16.63110568169139	5.0	122.21537082621074	29.592791552845004	5.0	375.8362490878267	23.74580146564338	14.0	3.6504282311656575
2540.7043745449446	16.599167450541938	5.0	249.62696198044	29.30931050865286	5.0	528.3725325173444	25.876939185428384	14.0	3.4354400565363417
2816.593505973365	17.014152581814248	5.0	272.6792811680029	28.62048679888146	5.0	669.1713529949135	25.26491406057723	14.0	2.579053985513862
3212.50383188216	17.350525064897848	5.0	375.03356228303005	25.918952517039223	5.0	781.9077124519207	24.640460773556597	14.0	1.3497389239838768
3313.802903721477	17.15687973462532	5.0	452.24860039333106	28.336116968537937	5.0	873.7332858617928	23.518950983695905	14.0	2.1388866189374975
3549.390230210395	17.575504518692078	5.0	2561.7536260554684	28.105730428278623	5.0	1047.5163241316893	21.97499404344021	14.0	-6.785864789796393
2415.5248628434038	14.779112829281598	5.0	5442.2452998407925	26.072904464923248	5.0	524.2805003738764	21.504375794128695	14.0	10.574011434910677
2370.435946196757	13.806243248795843	5.0	6622.134432837394	24.8103212234258	5.0	389.4148277594833	24.029380186997535	14.0	18.336018047549008
2152.1763040578053	13.339498005590801	5.0	3544.166762864326	23.928086851342034	5.0	570.4368724035664	24.190089044371625	14.0	6.559757419819355
2845.3561629367664	13.51230066587682	5.0	2570.418291590948	25.098088101863617	5.0	601.1073487852024	23.304628093570127	14.0	4.7724239921734
3120.6435697186025	11.711492951647507	5.0	2362.575398936333	24.882549418877634	5.0	844.8848708034019	17.28969858950779	14.0	8.122505982300943
3514.3150961797437	10.95735609412438	5.0	3050.42177044723	22.80007527962724	5.0	612.0610344163335	21.519202116040187	14.0	14.643935858273773
4332.0145481466925	11.519726409567356	5.0	3899.6966301424072	21.791812839904797	5.0	950.7804291640102	19.45816634902661	14.0	21.70247150291762
2597.717689202614	9.65813416789505	5.0	4051.409589150096	22.93152536316582	5.0	1452.7194637361576	15.0	14.0	10.502412681722996
1847.2054986198273	7.035311904375344	5.0	5408.79446648764	22.615307801302432	5.0	1266.7977839816128	15.0	14.0	7.40082503025657
1786.4548355509526	7.581516906110403	5.0	5697.911259152624	21.910586738424538	5.0	894.2746105831914	16.382487952692305	14.0	15.446647932089693
2486.3218982885096	8.630757471003035	5.0	5375.209724421518	21.434128263634584	5.0	665.836731468203	20.31928367293414	14.0	13.219862394210667
2296.476257996932	9.358984954853065	5.0	4817.801550272145	21.643177234677097	5.0	861.9012135257562	22.233401716485425	14.0	2.954748480528133
2545.6553010601347	14.054019132827053	5.0	3996.7511360758435	23.15385507808445	5.0	1303.7313057685892	19.31211012106532	14.0	-4.946704934030186
4529.455053634457	17.109697277310794	5.0	2852.395000222198	26.58780792214082	5.0	747.728677467683	18.32127268987379	14.0	19.82600568191213
4769.739563087947	20.0	5.0	2137.525224606435	29.518661452744464	5.0	1237.5414829477882	20.750528518200394	14.0	-1.4275284669469386
3636.637797101968	20.0	5.0	2884.5338076167372	29.07458048061448	5.0	811.6608040483779	31.349173459774406	14.0	-3.531769339470172
2249.267539401781	20.0	5.0	3567.1698639566025	29.272048609674357	5.0	636.8896155785305	32.007767711284174	14.0	-3.1556653178011294
1620.5621661008495	20.0	5.0	4520.2589722011035	28.94807715633057	5.0	534.042412647443	30.730063691715458	14.0	2.0647545891181123
696.6703006396988	20.0	5.0	5673.677433700641	27.773685614164112	5.0	638.6167507434142	29.11512480562542	14.0	-0.30051515757718367
1162.2996658115217	20.0	5.0	5372.414391339256	29.23084096532356	5.0	765.8110390937833	31.315730066269516	14.0	-12.899211675828848
688.8216158778093	20.0	5.0	4905.962349448352	27.10687811814107	5.0	524.7441208008516	29.13756374275293	14.0	-1.7028876393833527
0.0	20.0	5.0	7880.932599772999	24.59759422219701	5.0	0.0	27.51207721052301	14.0	25.956905409386717
0.0	20.0	5.0	8934.413632271198	22.581950560918543	5.0	103.73020445644615	40.0	14.0	8.954794302606166
0.0	20.0	5.0	6682.913087955375	22.724272306391093	5.0	68.8913346991787	40.0	14.0	18.014545414403187
0.0	20.0	5.0	5049.04059342692	23.783053224471452	5.0	232.02745775882187	15.0	14.0	19.169373336270652
0.0	20.0	5.0	4053.772555464615	24.164091007176452	5.0	301.2046917176723	19.31940227459153	14.0	9.712499441987985
489.216806068477	20.0	5.0	1608.2446209835105	25.239762552206184	5.0	253.42317088469457	18.7180395323151	14.0	1.6184033694432682
561.99716091655	20.0	5.0	696.6255682456232	25.36694545699157	5.0	226.60669465762942	18.619821590943648	14.0	-0.24997420924102864
876.3864527227126	20.0	5.0	826.4049384585387	25.19211965076668	5.0	256.55570021252754	19.064505602749712	14.0	0.07444658286058663
802.9353856242822	20.0	5.0	833.6475078663008	25.11128568939308	5.0	276.56377134650825	19.82412619835639	14.0	-1.3027175525159211
824.901211970051	20.0	5.0	230.25705555535356	25.60137762265375	5.0	265.9849025872385	19.934630244793734	14.0	-2.437719510426968
1000.2219889261055	20.0	5.0	0.0	29.487094030528855	5.0	279.83604352266167	18.826133614578584	14.0	-4.512320252362779
422.1909479657942	13.892613666874952	5.0	1169.2303860221946	19.810897880874286	5.0	165.64798826250995	24.2621447173863	14.0	1.4614037842816785
411.6002011423643	14.106260789805022	5.0	1499.9239823828634	19.78573873003714	5.0	179.5323181022024	23.669677217385683	14.0	2.2913860239387422
173.5237348347391	8.84029292394644	5.0	1952.7972588029115	20.0615376872278	5.0	90.50824601356379	31.216555127594365	14.0	2.3313586027548805
162.35387123839305	10.588144658880692	5.0	2220.983352482931	21.52445634590658	5.0	197.52785125308287	24.211964460578088	14.0	1.1943165251261454
2129.3237090128796	20.0	5.0	708.2694780442249	26.83495604776182	5.0	346.8455880612471	20.112678041656253	14.0	-0.1824267325148773
1388.6470201759657	17.493684159474434	5.0	1873.4362966786307	24.108243782003136	5.0	368.8113855376498	20.702452558678612	14.0	0.6262264781800039
583.9663928700926	12.997470092507983	5.0	2283.196422434504	22.76230987403563	5.0	201.27969963952745	20.694828956694945	14.0	6.582764912253009
1006.7271347259664	14.049641612021361	5.0	1597.8726070009964	23.247456154309894	5.0	262.1198595453646	21.417072392188242	14.0	3.9636910097640214
1330.2901603318617	15.29396699736475	5.0	968.8591272146634	24.468865506881784	5.0	338.6410922155977	20.840878283972724	14.0	1.5490258376182344
1529.5970239559167	14.451739592507687	5.0	1004.8011366461028	23.145037637507595	5.0	413.59899323710454	21.268705210346493	14.0	1.0332022718197442
1958.8644435207002	14.944492447414008	5.0	1152.5255909889875	24.076960090308873	5.0	424.3052834127186	22.150108343420236	14.0	5.421761901921758
2171.032231155462	14.851712218800571	5.0	953.0481586729942	25.277774015781908	5.0	570.6001079231787	20.31427455346986	14.0	4.36729574579658
2097.0955233560094	13.745479344689185	5.0	980.8029624248359	24.237345229939162	5.0	628.3132349106567	20.521264151946603	14.0	2.16147020493451
1995.3133763818705	11.951560292911827	5.0	1437.4155839576144	22.471017067665866	5.0	614.2378189272999	21.242434031512033	14.0	2.281478421624254
1748.7653816086581	11.130589593304128	5.0	1376.6737636558232	20.882093904146522	5.0	581.822208063505	21.63192541494795	14.0	5.0729291861544965
1533.9593068451395	10.539452416228443	5.0	1120.5912196092445	19.354979203979273	5.0	740.0606125779327	21.198597938644987	14.0	0.6176016314573681
