amplitude_0	mean_0	stddev_0	amplitude_1	mean_1	stddev_1	amplitude_2	mean_2	stddev_2	amplitude_3
924.6456826292898	19.246595165300235	5.0	0.0	35.0	5.0	327.96379306157263	20.38214425769703	14.0	-4.900766337098992
916.361622180975	19.235537338268195	5.0	0.0	35.0	5.0	363.3519316675152	19.734626525385657	14.0	-5.3543864074245455
890.4828856876071	19.3815443548439	5.0	0.0	35.0	5.0	377.0585859822502	20.265901711999124	14.0	-4.762961896457721
934.2590217067698	19.32292991864288	5.0	0.0	35.0	5.0	358.80774044605784	19.708484658086565	14.0	-3.0791459031710566
983.2478751295781	19.4606416354981	5.0	0.0	35.0	5.0	350.8377998613876	19.294774566194548	14.0	-3.239852533256973
979.8480916189793	19.17329942252836	5.0	0.0	35.0	5.0	346.2122086033434	19.622766857211253	14.0	-3.6881542973124914
1009.8814071580116	19.34400798659641	5.0	0.0	35.0	5.0	336.13416917444755	20.13756849253068	14.0	-2.8193655931143238
1037.809092164511	19.289983153146796	5.0	0.0	35.0	5.0	330.65690526171943	20.450366062317453	14.0	-1.4912303255040034
1085.958273165775	19.19524221593166	5.0	0.0	35.0	5.0	301.03683237229797	20.392613858291686	14.0	-0.2911153142375654
1078.9229812647716	19.27957450204438	5.0	1.8448167741422818	35.0	5.0	305.93174124371217	20.414485787035094	14.0	-1.616349058178719
1067.7709549633018	19.2181880110593	5.0	0.0	35.0	5.0	285.2635822317208	20.43699789645218	14.0	0.6708417481227004
1100.264108178659	19.318758447838544	5.0	0.0	35.0	5.0	293.603915467224	20.594940459055003	14.0	-0.6845277295286404
1110.6985306249412	19.37423670277862	5.0	14.135938336967033	35.0	5.0	283.69508936617456	19.888480577060722	14.0	-0.43782882592058825
1078.704347428052	19.259555264690455	5.0	0.0	35.0	5.0	276.64167918076055	21.00465073814133	14.0	-0.3596295688133117
1079.5214627681903	19.190755197220543	5.0	1.0426423081456806	35.0	5.0	282.6038893735561	21.09704117566687	14.0	1.6575719663130601
1087.958347167719	19.231759710659702	5.0	0.0	35.0	5.0	271.03197171305834	20.864774313588512	14.0	1.6581120301791972
1087.7419209193204	19.21551394180431	5.0	0.0	35.0	5.0	270.1337146302914	21.320941228417237	14.0	1.9215413311688538
1083.886710220851	19.540000717520144	5.0	0.0	35.0	5.0	295.4674344903761	20.583850626935615	14.0	-0.07943810859908702
1044.7728366942126	19.602702121723546	5.0	0.0	35.0	5.0	303.8705025360508	20.86100737492108	14.0	-1.152631882615419
1022.0946171306748	19.158092336418445	5.0	0.0	35.0	5.0	306.34599352122314	22.17877620282583	14.0	-0.45712330045522886
1110.248257702029	19.416345118551874	5.0	0.0	35.0	5.0	302.8962425225601	21.322981614016935	14.0	-1.5046054134287303
1105.4695806343211	19.43161061501735	5.0	0.0	35.0	5.0	294.68782464158767	21.21427850307745	14.0	-1.252511427663685
1128.8094614563565	19.40121751812938	5.0	0.0	35.0	5.0	285.7797291905444	21.928251762099077	14.0	-1.732162709657954
1165.8080059402446	19.527272287758283	5.0	24.09607219716425	35.0	5.0	263.0400081460589	21.10290638454108	14.0	-0.45120659218650394
1200.536719572885	19.28235982356498	5.0	15.620324715733842	35.0	5.0	257.2438246354679	21.270576990720315	14.0	2.2173259018269165
1281.7959937621151	19.256274432649096	5.0	6.6896246415369625	35.0	5.0	257.5496278517524	21.48294594574828	14.0	1.9932090603465635
1341.9240708694792	19.213134599671704	5.0	30.644036150201686	35.0	5.0	250.8519575828691	21.083916733283772	14.0	0.8401007046043701
1431.231995030049	19.08583588399049	5.0	43.64712618756624	35.0	5.0	225.41895506949996	20.75890449281365	14.0	1.6748099615097862
1386.7907442659757	18.846530719820027	5.0	11.237126318866448	35.0	5.0	265.5420834633945	22.341216042018498	14.0	0.8057189223741242
1389.1129991506	18.85159051019581	5.0	26.458344245587497	35.0	5.0	246.1715109550294	22.449799430916595	14.0	-0.4277272883256081
1471.9653952594583	18.901433916839146	5.0	65.78532595791445	35.0	5.0	224.907603244016	20.915711831763627	14.0	2.868879321208785
1358.6199027617786	18.89185406462091	5.0	5.662435244013911	35.0	5.0	269.8467905220682	21.93570010053629	14.0	0.8270273643175785
1372.7565944044195	18.948074844970915	5.0	5.930482611140432	35.0	5.0	271.5643934204889	22.203978848162933	14.0	0.5925118779991853
1482.46470111597	18.926363968590515	5.0	62.29008260183853	35.0	5.0	228.66367356997065	21.18280197851909	14.0	0.24728746079681801
1515.9210105526645	18.857797154713992	5.0	92.65623752716607	35.0	5.0	190.00258933409256	21.295753095332923	14.0	2.0915527857840193
1533.639826636647	18.716348669057975	5.0	60.42671710714639	35.0	5.0	209.07447171514778	21.955703351448264	14.0	2.3328765928200013
1515.246074526745	18.87876998867987	5.0	56.485589455829654	35.0	5.0	236.5091388787756	21.60224046342195	14.0	0.39247582927647107
1648.1057356624383	18.671851816549022	5.0	87.46557175133877	35.0	5.0	196.06705430006198	22.419449595303135	14.0	2.508931454435089
1669.4040858833846	18.783641318527014	5.0	96.87758480102462	35.0	5.0	197.76256096664878	20.523954780618013	14.0	2.4840369087284806
1771.0411904722089	18.76728917581902	5.0	126.51294564969356	35.0	5.0	144.99826837123925	17.596808104983303	14.0	2.7087194876362988
1878.24871278948	18.826891046155875	5.0	129.3611571669424	35.0	5.0	123.04654734734173	17.039798468311915	14.0	2.9429143981003896
1885.6714191388025	18.586192720612445	5.0	134.5051647635812	35.0	5.0	114.74136193254614	17.167260341670094	14.0	4.758965176830276
2000.2662052393612	18.404158324750778	5.0	169.55195135068647	35.0	5.0	84.73006403478253	15.0	14.0	4.159843140237187
1996.8011422515801	18.19055304729337	5.0	139.5793363770876	35.0	5.0	125.41453964555551	19.755960170312274	14.0	4.662791431605927
1994.150446202117	17.914246366197258	5.0	106.62145915071642	35.0	5.0	133.37835577639726	22.60197530292411	14.0	4.833099873194579
1981.600828007572	17.723149374730845	5.0	118.30885441560511	35.0	5.0	138.7657993311909	23.688242242552075	14.0	4.1422947498124385
1868.045128666167	17.714569132420724	5.0	63.96607574359808	35.0	5.0	228.0426995342086	23.438263143050868	14.0	-0.9721086942014754
1908.1071828798379	17.453315898367453	5.0	90.79848963177594	35.0	5.0	198.17570856217088	23.46173254806828	14.0	2.122756112203399
1939.7357189974762	17.408326708403184	5.0	122.22944245599564	35.0	5.0	180.82921775241982	23.422310559117626	14.0	1.958478184703171
1927.7350151599921	17.32408442706266	5.0	108.20749516055916	35.0	5.0	188.7088296067228	24.10281724593574	14.0	1.9273564498308613
1990.5959320632342	17.222929310804812	5.0	117.98938357799214	35.0	5.0	163.49904943949844	23.706785763244813	14.0	1.4994298505359747
2077.880976353391	17.141421863505755	5.0	143.36372729799356	35.0	5.0	124.46908156417201	25.271019382651282	14.0	2.506673828176838
2032.1189753631927	17.23876194998667	5.0	116.60062058674572	35.0	5.0	146.32827055144097	23.980113275437567	14.0	4.1220271900789776
2071.7785110879763	17.340248870099703	5.0	144.5222690296315	35.0	5.0	119.11489675623453	20.91662506928608	14.0	3.450488140047381
2016.481372406344	17.26853720722689	5.0	95.29116088989761	35.0	5.0	165.46411589439793	23.200406828372877	14.0	2.076107682649521
2065.2143462467193	17.526379610281843	5.0	114.13222514405503	35.0	5.0	137.18846573859543	23.147009111946048	14.0	2.7431560980342087
2187.445306531929	17.687589916459515	5.0	160.01903131852828	35.0	5.0	100.2738765588878	21.80331833535428	14.0	4.922070831725291
2238.7043562066942	17.848736020883088	5.0	191.45738314193989	35.0	5.0	69.7301651680857	15.0	14.0	5.960588085787868
2233.531961342663	17.822218494473926	5.0	159.3329842582425	35.0	5.0	110.33267284483622	20.90938097300872	14.0	5.130334918734856
2191.2345549444944	17.698953363203348	5.0	143.53252396867492	35.0	5.0	133.3178623979017	21.047588549996874	14.0	3.3992958669543545
2184.497770394496	17.679456656859504	5.0	125.6920638420316	35.0	5.0	149.21901392382276	21.478447658905345	14.0	3.573450583149695
2227.7500916131435	17.576928407755844	5.0	148.72662885104486	35.0	5.0	104.80187496961321	22.72840715288511	14.0	4.459497679186168
2276.493062154582	17.421784305083374	5.0	175.8261255278188	35.0	5.0	90.11416330624535	19.410851331185942	14.0	4.608222055388504
2368.766501846971	17.227703193216378	5.0	172.4316890620467	35.0	5.0	95.78408403688124	21.293515084922724	14.0	5.23020022259301
2427.067493586517	17.191887077008808	5.0	153.95495732001615	35.0	5.0	80.87042079467916	26.49867043400178	14.0	6.832495244491691
2503.8069890619463	17.163981700229442	5.0	167.88797307833468	35.0	5.0	66.4478544002372	24.942811116032203	14.0	7.422024725091252
2420.622431561733	17.278006025715662	5.0	193.78929027130746	35.0	5.0	75.68118929836659	16.443467204637688	14.0	7.1285132457140765
2490.177536961547	17.288301103563366	5.0	187.88054389187602	35.0	5.0	52.701195568751736	15.0	14.0	8.590151629742474
2505.5540244084914	17.349952930137327	5.0	185.82212129136357	35.0	5.0	32.52689453841653	15.0	14.0	10.014132008134668
2523.2661761140694	17.34300523022545	5.0	177.60323880083376	35.0	5.0	6.939590285598216	15.0	14.0	11.360065162349118
2557.9751537141697	17.313444216149865	5.0	173.5367622995346	35.0	5.0	21.006754795991746	15.0	14.0	10.06137440217405
2619.447302708203	17.37951902377406	5.0	169.4255683785942	35.0	5.0	0.0	15.0	14.0	10.478730563318656
2532.480406695856	17.473159176260648	5.0	173.15535265797058	35.0	5.0	0.0	15.0	14.0	11.378591791439819
2486.983730364455	17.6733390591446	5.0	161.6029752548003	35.0	5.0	23.16941299464889	15.0	14.0	11.143324870570765
2403.7200389555837	17.807037118242196	5.0	142.7868383967028	35.0	5.0	56.78032676236994	15.0	14.0	10.162911414296719
2418.6038566862107	17.922841804151492	5.0	163.32056930053807	35.0	5.0	56.3454474758229	15.0	14.0	10.357089543730666
2494.8680010332537	18.085578089011758	5.0	153.4687534563134	35.0	5.0	49.16492951013482	15.0	14.0	11.306609165864876
2377.7702004595217	18.28682928117743	5.0	150.34145978229873	35.0	5.0	90.8744562196218	15.0	14.0	10.493869457495856
2275.590935840457	18.497337339688816	5.0	148.50251891656637	35.0	5.0	109.87245866824534	15.0	14.0	10.507028732334744
2269.8922969346395	18.646396712946366	5.0	140.35601494963745	35.0	5.0	127.32053776036392	15.0	14.0	8.992804220413904
2156.9234256386317	18.588094963712127	5.0	127.85820489261525	35.0	5.0	160.0723557411506	15.876048281026291	14.0	7.844128271819019
1994.6532861980652	18.590183173617028	5.0	28.935652304988054	35.0	5.0	251.3494663401253	20.972335526318044	14.0	5.702871937330205
2003.6780293803768	18.487234330913527	5.0	13.86269093503057	35.0	5.0	272.03391048896077	21.52110664064488	14.0	4.9930057091970665
1904.827540974634	18.588530866806515	5.0	0.07951073237305584	35.0	5.0	305.80555356685596	21.36235792723237	14.0	3.8811981383401792
1828.922093613713	18.77215538987811	5.0	0.0	35.0	5.0	332.87615559582144	20.52988829492938	14.0	2.1152058033724215
1743.3297024041929	18.774331516543157	5.0	0.0	35.0	5.0	362.13994918657426	20.601032766681968	14.0	0.3854989377714963
1672.3152031093625	18.81663317465565	5.0	0.0	35.0	5.0	373.10266443086255	20.693639949185766	14.0	0.03637146260938879
1602.8456620468794	18.621150733650314	5.0	0.0	35.0	5.0	399.62462339233207	20.81605822617718	14.0	-2.59412072426771
1601.9490117699181	18.41605631179143	5.0	0.0	35.0	5.0	405.7784522413282	21.03163785246566	14.0	-2.221620623908686
1623.647236917103	18.33499210814819	5.0	0.0	35.0	5.0	390.1122835953574	21.414491695554354	14.0	0.7238055289417257
1643.3658751658793	18.236110730966683	5.0	0.0	35.0	5.0	402.2101290376873	21.61335869779165	14.0	0.2531835833802597
1760.3167868108328	18.325157931489827	5.0	0.0	35.0	5.0	389.0273279973399	21.773237487288604	14.0	-0.15824424854209665
1794.1277974455654	18.07812456208705	5.0	0.0	35.0	5.0	387.06475161309487	22.5445751483692	14.0	-0.26183002657096316
1794.2361507446692	17.956470377701944	5.0	0.0	35.0	5.0	371.40721212838383	22.58373558732553	14.0	1.2028467635772568
1820.6240360702832	18.029427796343985	5.0	0.0	35.0	5.0	368.44181276363884	22.74876787071473	14.0	2.6034885586764687
1782.7368229243928	17.86019468528463	5.0	0.0	35.0	5.0	390.3706967372664	22.905442096768773	14.0	-0.20062305034950753
1810.2607865164482	18.01563485154032	5.0	0.0	35.0	5.0	359.56792036117474	23.138496661456387	14.0	1.5323869642103007
1744.2717382807891	17.94265980687467	5.0	0.0	35.0	5.0	370.03347351017317	23.34610492986372	14.0	1.4671633107475213
1717.5951278019197	17.829075853630478	5.0	0.0	35.0	5.0	380.33238718218155	23.14373590640696	14.0	1.0281360083779219
1760.5914833473848	18.067574175848616	5.0	0.0	35.0	5.0	372.60984533630995	23.709694723000883	14.0	2.627807577683535
1735.7974987891719	18.21391395605685	5.0	0.0	35.0	5.0	394.14581667942133	23.170569921672765	14.0	-0.08543726781052136
1696.8917202722052	18.071799830683673	5.0	0.0	35.0	5.0	416.74704322732373	23.715070434356463	14.0	0.054526858686367315
1815.3485807949455	18.302879844657866	5.0	18.31361887173802	35.0	5.0	410.85478067651565	23.69360903655241	14.0	2.0621594890982844
1943.6042409111767	18.285397756246958	5.0	10.235550175333822	35.0	5.0	414.2150099693242	24.03621372729954	14.0	2.8909686911771053
2073.787963133508	18.21995024213691	5.0	36.89751517650395	35.0	5.0	396.93440303554735	24.29196817453961	14.0	4.195879060874754
2200.5686630882383	18.378375741393988	5.0	39.439790370535505	35.0	5.0	432.648849760398	24.258545762681205	14.0	3.4939213945009935
2295.1319269539695	18.512358835503235	5.0	43.91399132929354	35.0	5.0	456.8155230158429	23.71840386768269	14.0	3.115539354886938
2282.8059451188883	18.463854612428257	5.0	40.20301224924244	35.0	5.0	486.3275495433074	23.34602819034314	14.0	2.0080644726816033
2307.9805659720673	18.403775565369035	5.0	44.19313869480121	35.0	5.0	497.5942956971686	23.611609525294497	14.0	2.074148573390552
2339.7549284736488	18.484057313555272	5.0	63.24564308228283	35.0	5.0	477.78240427436776	23.398180596351118	14.0	4.643733851233046
2299.871672939778	18.465304484873315	5.0	80.32007072448613	35.0	5.0	478.51620418399773	23.388789682850202	14.0	4.786727819287945
2194.8582663127095	18.316341906153788	5.0	16.894455082145605	35.0	5.0	554.2520381718194	23.775351415614768	14.0	2.152257279464379
2198.1787975008797	18.12321308667791	5.0	34.040597254253754	35.0	5.0	552.279126802048	24.060812219278986	14.0	1.8583765967733854
2257.355743723629	18.10009612047353	5.0	29.990423691582468	35.0	5.0	577.5310146777779	24.20174502605292	14.0	1.2018628569051133
2386.5801570429285	17.89723601855906	5.0	20.92196104157945	35.0	5.0	660.8675042294994	24.587981773895283	14.0	0.7731151115086287
2493.4918706985304	17.74157354317385	5.0	38.238473918482015	35.0	5.0	722.7486377847961	24.55455827406485	14.0	-0.12025209448062021
2218.4807248693055	17.496368719197385	5.0	10.558051465620482	35.0	5.0	773.2420919324279	24.63818671360813	14.0	-3.871042210288783
2112.7589889896694	17.434968571488454	5.0	19.06995909523064	35.0	5.0	738.9338800321402	24.623510150318126	14.0	-2.6614507963511382
2164.8827183904264	17.506466116611357	5.0	0.0	35.0	5.0	812.1281168229864	24.629940139681334	14.0	-4.8374054027658175
2329.2943964596275	17.463773730227626	5.0	0.0	35.0	5.0	818.7004391593412	24.495152077020784	14.0	-6.982570382978035
2511.8300071448894	17.465278150190947	5.0	22.746416641120703	35.0	5.0	772.9443887562642	24.21579415402703	14.0	-4.952456732556972
2553.9788594477263	17.32520588189158	5.0	13.445232924522157	35.0	5.0	802.7451631924393	24.375779073979093	14.0	-8.013381284025758
2596.4913286880005	17.303123274499427	5.0	61.75837913917358	35.0	5.0	759.3169130070629	24.436174155025917	14.0	-4.72770097366099
2590.337924956373	17.495228179418348	5.0	134.41963128841726	35.0	5.0	708.5623557382477	24.49117623080096	14.0	-1.7893342441165672
2618.981717623363	17.79215221467621	5.0	161.49153942347357	35.0	5.0	753.7534647276573	24.42972320134494	14.0	-4.167342413722675
2665.9076890049078	18.080693950794885	5.0	158.10019916880364	35.0	5.0	826.7010611429636	24.516188594251425	14.0	-4.1232537314467566
2655.8212345574284	18.41033771558926	5.0	172.86861227996735	35.0	5.0	934.2072749201207	24.260075558385758	14.0	-7.866359418148027
2396.320915962693	18.442148639467582	5.0	100.22655628765114	35.0	5.0	979.2135284439464	24.168039471944528	14.0	-10.523551661676192
2372.76609789074	18.554175655357433	5.0	263.10599462409397	29.864285460289363	5.0	874.976412995464	24.015981642916177	14.0	-1.1091711473783068
2424.3161367963767	18.82942286711163	5.0	293.3789392464883	29.664387794423085	5.0	926.9431498082557	24.172344422347592	14.0	-3.0037357915179808
2330.701013602638	18.84762628601663	5.0	369.11748623550164	28.11157575107065	5.0	969.7565416310298	24.102011463840665	14.0	-2.775417212695467
2189.2753421378843	18.26650753635243	5.0	590.4652308699891	25.40612019020171	5.0	1021.514316668932	24.66555172322876	14.0	-5.154472548762968
1269.042931429915	16.194428048840308	5.0	1509.6016210842638	21.969405626545143	5.0	1014.2709721242541	24.780304543345114	14.0	-6.2793970194145965
1199.3353830667736	15.27888082125858	5.0	1737.2289228944653	22.003992462360127	5.0	923.3714144223511	24.74646446384751	14.0	-3.3380749514688857
1472.1047399010165	15.595621259228354	5.0	1677.5184489263902	22.53247873070428	5.0	885.860297805317	24.492722996197344	14.0	-2.703152506938014
1308.7253536204723	14.342056596820171	5.0	2099.9744307965657	22.40079367867881	5.0	828.956402995878	24.667221199114337	14.0	-1.9841770569548256
1408.8232130397976	14.334567289657812	5.0	2160.3189323044344	23.076399066129348	5.0	819.7230852674917	24.41807348519211	14.0	-2.1852217636206666
1756.4862891390826	15.381354773164135	5.0	2023.5825966149464	24.341757224231117	5.0	863.3580732354119	23.730405752672283	14.0	-2.8866965211937106
1698.809850855041	15.043672792818716	5.0	2241.397375322124	24.363671114178832	5.0	927.0939945782521	23.613658139853356	14.0	-3.4112985886153355
1760.648162709378	15.297787789025664	5.0	2384.6241592299393	24.65393970825615	5.0	1016.9435061030717	23.280528719952496	14.0	-6.556929927348097
1929.500465253726	16.35474281901912	5.0	2264.362652730529	25.410252833008904	5.0	1172.8300733838812	22.749927138861683	14.0	-9.617719092889972
1792.7351948679882	16.58400833027082	5.0	2248.5893136233603	25.877270459010816	5.0	1329.3967527850987	22.245053794088243	14.0	-13.61409590371467
1737.7936089846096	16.988666833985242	5.0	2239.8993247915328	26.078509660572287	5.0	1427.9215241016855	22.199587407131876	14.0	-13.7458083856185
1622.1880493348917	17.121487971965784	5.0	2270.747501791224	26.122381259648026	5.0	1536.4504075752534	21.889433673079857	14.0	-14.289458938048234
1985.2277645739161	19.03914689580435	5.0	1948.4988499925919	27.301149198369615	5.0	1671.3853875660325	20.946792277123816	14.0	-17.629919852306738
1841.2038585838818	18.59786218807782	5.0	2352.994760663466	27.058663377515774	5.0	1733.5716167486305	20.9154702008158	14.0	-18.516246260012316
1799.441557636642	17.863684500797024	5.0	2694.815516064364	27.065830996986303	5.0	1688.7137242967644	20.77834944408832	14.0	-15.78247367110545
2062.527797658798	18.016635419047997	5.0	2728.4137121693525	27.76342228825376	5.0	1557.790040124092	20.13811444047609	14.0	-12.351915551786504
1963.3638497675763	17.82204606620079	5.0	2976.483671923434	27.658192063352697	5.0	1515.2361245167726	20.082409323551957	14.0	-9.444213939984142
1855.840939608098	18.465864800223198	5.0	2954.9442305250973	27.780488213170337	5.0	1563.9783399450434	19.83352386817449	14.0	-9.169617817763095
1883.5946556577308	18.47254821571226	5.0	2923.503388924023	28.0765882013605	5.0	1501.6003467403102	19.712998053071423	14.0	-3.9098455835831727
2065.9387426376225	18.859125796022788	5.0	2686.3706783388116	28.56955066894291	5.0	1456.084863899151	19.95454138372128	14.0	3.4493002832178474
2058.545633558335	19.13802831218381	5.0	2534.4091461953753	28.937102538730603	5.0	1459.5535357182887	20.38109458698629	14.0	11.12388937545529
2085.5865964183727	19.328663874707097	5.0	2229.3574056699595	29.33632163109934	5.0	1433.1819344914773	20.58969940354876	14.0	18.228124916196364
2073.2042144985376	18.267049993720722	5.0	2259.737580233296	29.115865788616674	5.0	1324.4145302327317	20.93651974672074	14.0	26.48797204312606
2276.0181338089014	17.96616977130439	5.0	2145.9365269369923	29.375402940772016	5.0	1237.0159089902265	21.054982973588004	14.0	34.082315608746946
2421.2894933481125	18.2645686748083	5.0	1942.8929267459825	29.65513588103666	5.0	1225.2186475514366	20.90664072602065	14.0	36.08466653130177
2570.541736128354	18.084607761164232	5.0	2081.43118702806	29.360619572309236	5.0	1145.465245211029	21.28284266520541	14.0	38.080756915383844
2853.854799002655	18.34094360412545	5.0	2331.630157529261	29.706608587485135	5.0	1045.981525958161	20.722861356981767	14.0	38.79357187048543
2893.9598883082876	18.292182399284332	5.0	2599.2663853180793	29.43319447075336	5.0	1038.375579344951	20.43140326371416	14.0	34.943834059847106
3098.3673661855482	18.401804209050024	5.0	2813.983321563098	29.26314575538291	5.0	1005.759797176664	20.130423074417447	14.0	30.56440900859391
3275.4268427561897	18.556120017115845	5.0	3038.5180386064108	28.87248426850936	5.0	981.0569997858443	19.614518113922582	14.0	25.252135104203372
3238.1045976637424	18.408752268058436	5.0	3158.3754089357312	28.16886791074558	5.0	1021.3990231166484	19.874099559991524	14.0	19.962853739954035
3455.0299534865394	18.468530591004786	5.0	2908.549090455458	27.817859894877238	5.0	1042.289591585604	19.837207054603436	14.0	12.940318387491319
3427.0558198326635	18.018383640749384	5.0	2639.0054503912247	27.207279466583387	5.0	1029.8020335331905	19.85314487446055	14.0	10.996780744939285
3343.2320656880183	17.464343953257554	5.0	2355.4249532697577	26.55410831730479	5.0	1063.8679231214953	19.896851288229424	14.0	4.95728469041301
3481.761727893203	17.098214466451147	5.0	2210.4428736371915	26.045958428096498	5.0	1120.666608751509	19.99226496341832	14.0	-2.3179423794104452
3529.2673359221326	16.612996417076644	5.0	2538.5530084698553	24.83720869455017	5.0	1189.9813268548317	20.500900511954022	14.0	-4.779794968922047
4275.654414342424	17.110594148715087	5.0	2458.7638337309186	24.640158725394894	5.0	1222.150702643355	20.3514141572225	14.0	-7.423946263589876
2892.778386946168	15.19718277786314	5.0	4566.966358379996	21.61941340598759	5.0	1210.7679156927622	21.72813938003066	14.0	-9.208715853522643
1701.2379193500992	12.374524744918984	5.0	7265.904883597598	20.235533709155174	5.0	1038.5964235490676	23.226489200690537	14.0	-6.382020771602017
1319.8675261184012	11.491506766752746	5.0	8858.86356461411	19.836737151993606	5.0	968.8225234214271	23.48522813272374	14.0	-2.797934718895036
1724.2617127482947	12.447333131559388	5.0	9422.8106427252	19.958299046122775	5.0	893.141922991141	23.058941991954217	14.0	2.6152162419707774
2248.489644719241	13.001125237468159	5.0	9681.329206236716	20.067969927434653	5.0	825.2943630477564	23.276852061227082	14.0	5.188906830187247
3874.2621092716695	14.626384334782477	5.0	8146.082546094908	20.707620182542488	5.0	855.9208642603627	22.7361169064602	14.0	5.411445597328732
5722.467629953603	15.522379746603121	5.0	6278.741605463531	21.71953427879565	5.0	823.350204812094	22.52906974088382	14.0	7.475516700965587
6381.793611078524	15.576041598844506	5.0	5833.032393276748	22.07455920987803	5.0	749.8114320142345	23.715838893797628	14.0	7.00305081983407
7442.099576658058	15.78094588356909	5.0	5262.49457074455	22.9293947821725	5.0	554.0612096595041	25.455009702930468	14.0	12.76270795692652
7807.520993320166	15.95220403813842	5.0	4778.371169568361	23.50596363579946	5.0	475.13845271822214	26.235215669568795	14.0	15.032764467978902
7620.305384026795	16.058903385469712	5.0	4524.218529201669	23.50008668396829	5.0	559.5019016770482	25.0293822358412	14.0	11.747997571334825
7639.015482955293	15.881858951923578	5.0	4584.788497996742	23.772390107679055	5.0	470.33091223875664	26.84611263500403	14.0	12.09201722461384
8153.688418491001	16.044299562893883	5.0	4139.462172902398	24.332254764163103	5.0	406.4065427156318	27.51530523246095	14.0	14.79273064098774
8547.427622198424	16.319944406204353	5.0	3729.133859537524	24.627058705629867	5.0	413.2072722848037	26.384083073959815	14.0	15.883334387274765
8868.734169464462	16.451358539584884	5.0	3479.933028566528	24.879890696565724	5.0	411.6924274098171	26.200002460397926	14.0	14.961572930876153
9519.274735708046	16.663674035635182	5.0	3150.881341901888	25.167949145638808	5.0	418.96147927332	24.933715577471865	14.0	16.530663512788625
9340.822272523195	16.81679241308668	5.0	3110.5059285151137	24.862222330480026	5.0	574.2709549987815	23.024534980325335	14.0	11.867851115759082
9181.956465439273	16.927781910492623	5.0	3112.821562144468	24.62484201488141	5.0	647.2058552064848	22.430771477456137	14.0	9.345380928243541
9284.1114240683	16.991258248887572	5.0	3050.123817106253	24.470367215032155	5.0	647.3731658405218	22.987026313769515	14.0	9.516028950431739
8916.693100293738	17.09186726441482	5.0	3045.907370462169	24.420051505919723	5.0	639.4456855472487	23.16115234371997	14.0	8.64196997805419
8501.125080935313	17.06238789934208	5.0	3226.3831955748524	24.080353464544228	5.0	574.8631759464031	23.67739636496773	14.0	11.27143694226588
8391.186919140951	17.124542548666888	5.0	2959.5139134314745	24.235242931594517	5.0	528.4285572325465	24.21889752897834	14.0	13.717124057552997
8427.513167857465	17.262379902341493	5.0	2481.7854374695867	24.87526301705948	5.0	479.9838004251211	24.004342415444523	14.0	16.129709589362058
8399.457929051729	17.042432391143233	5.0	2399.167323154378	25.321377615553804	5.0	324.1518659047718	26.890942743719453	14.0	19.64012306286854
7981.233044842103	16.87647886597407	5.0	2320.6839186124876	25.440504541383117	5.0	265.066815951429	29.075438910299436	14.0	20.04362226618986
7646.396240023181	16.661063370526264	5.0	2221.724005177349	25.641556622780662	5.0	263.3317858061228	28.25171450345417	14.0	20.622869845155847
7481.527126468499	16.579839176218737	5.0	2028.1893271374208	26.144927413671883	5.0	257.7430221467736	27.08500724788631	14.0	20.36322068830043
6912.914846382681	16.542125826384748	5.0	1903.4171563396817	26.005533410788157	5.0	328.53340222884424	23.754217678524924	14.0	18.055810661625497
6495.890760294019	16.35066393112752	5.0	1939.3489341680597	25.653290763334702	5.0	327.33947463510214	23.825820814653643	14.0	16.365739392397465
6098.095429931076	16.364596152968886	5.0	1930.2631594086904	25.46566562584411	5.0	368.4418599076408	22.891358294555342	14.0	13.818464163226006
5814.361533107549	16.607945460328164	5.0	1808.1001220970736	25.314723978439492	5.0	427.9188493432172	21.477745271295976	14.0	12.63625925943274
5694.660090681896	16.647256221486465	5.0	1969.0399352361237	25.035480753911337	5.0	405.9337743512628	21.6954706262019	14.0	13.677431264459285
5616.417699620033	16.682360110787812	5.0	2074.0549947232503	25.01117913389793	5.0	418.30949347404055	22.270702388325653	14.0	13.651912993975031
5397.821574249833	16.636168749737706	5.0	2239.7453778627046	24.737774464549226	5.0	436.54585072846737	22.80617137827219	14.0	15.008295945152836
5141.70124150511	16.65075835650246	5.0	2348.012312744903	25.038639759174796	5.0	444.3332756291214	23.144169145101646	14.0	15.539901704983745
4972.268311097684	16.900860391249434	5.0	2182.815149112315	25.501631265961656	5.0	508.9383109166927	22.786750410962426	14.0	12.731711253044825
4962.669096278885	16.931082723961026	5.0	2245.7521389401973	25.59830003623158	5.0	500.7448686549366	23.372878233202634	14.0	12.360067593645464
4851.535778402271	16.790478522476988	5.0	2417.2427628912837	25.675758999996972	5.0	467.39939317505514	24.283020424132307	14.0	13.301192248263911
4671.83678489142	16.700661283444283	5.0	2451.022550990072	25.7457522255475	5.0	473.9779897081777	24.10661397511148	14.0	12.535302951574758
4622.913424573784	16.296970149534932	5.0	2545.9487361283764	25.803329802039578	5.0	416.71688806467034	25.78787515028632	14.0	12.258167542379091
4513.643567496113	15.911475330635936	5.0	2507.9419748266523	25.847087623979725	5.0	399.48226420602793	26.862893827184596	14.0	11.165229550534677
4452.72438669208	15.795931892535956	5.0	2341.943459128209	26.278895621617153	5.0	427.96750932738803	26.13427488168382	14.0	11.006546545243816
4475.544020223878	15.631826732884504	5.0	2225.6575212619373	26.829640474335683	5.0	400.1985069540394	27.87897554284357	14.0	9.461210658466443
4419.557774363378	15.597585339806553	5.0	2050.336457394094	27.19480249374407	5.0	432.4195303095012	27.61163592168455	14.0	9.25306795529949
4372.229333947871	15.70408217014943	5.0	2040.220691239399	27.66353714335081	5.0	439.0632343798184	26.585994678528156	14.0	10.616521674387455
4174.970063520943	15.743333933411598	5.0	2085.9555726923772	27.850007057135553	5.0	481.28016188642266	25.765287547782087	14.0	11.169888414214121
3795.554544630638	15.625376865916314	5.0	2116.988287456065	27.52170520180737	5.0	621.3241979265989	24.020898029602535	14.0	7.213615434154505
3547.9679779315893	15.396845458768404	5.0	2213.732830359237	27.634961255411994	5.0	648.2344308194943	23.326277814123078	14.0	6.74731654539908
3426.519791813016	15.327609118785867	5.0	2273.9542415027795	28.051829192648647	5.0	646.6706996299195	22.481878026691238	14.0	8.105282565879698
3302.635515302329	15.216106194129614	5.0	2211.567876377107	28.231838805010625	5.0	701.4551638451866	22.345496256257384	14.0	5.654861854494357
3251.140461723559	15.098121934992092	5.0	2234.1087644506893	28.55448364230195	5.0	668.3403536771347	22.341765809131168	14.0	6.426986787115753
3419.8049478694606	14.947138982225303	5.0	2385.393652353288	28.810033285026247	5.0	548.1889399953034	23.444784570897983	14.0	11.381117427847919
3605.349313646569	14.87776606581942	5.0	2523.9454615976533	29.177423711761556	5.0	469.2469449551587	23.899882382448126	14.0	14.359317701923274
3785.6962205699215	14.665880969239222	5.0	2768.174945476391	29.459439558620918	5.0	409.0888571603636	23.57034849277814	14.0	16.45201887381547
4155.331591458818	14.435058570502964	5.0	2988.4713346996364	29.608221512126857	5.0	313.7198628235447	25.35923565582062	14.0	20.297604945546485
4621.845594081913	14.354232738766449	5.0	3328.913380719638	29.741480931230488	5.0	139.9305695411112	40.0	14.0	20.489675619033097
4762.969920872726	14.147153100367408	5.0	3388.8785537222084	29.935063080201665	5.0	133.62489397625274	40.0	14.0	17.17678459853299
4817.662962079074	14.064135939854019	5.0	3391.0412438066815	30.113646829291156	5.0	122.89249506561211	40.0	14.0	17.430660485629627
4760.266966187698	14.051372404469125	5.0	3429.9746484875936	30.148856751705775	5.0	121.77152607304075	40.0	14.0	19.89451481522694
4673.195104320349	13.917762152214722	5.0	3471.126333291339	30.178169942601272	5.0	120.777358408337	40.0	14.0	21.212680027697914
4511.483156206143	13.7250208824222	5.0	3514.62017531198	30.29850875913328	5.0	120.18450068279698	40.0	14.0	20.791390309439397
4079.830467589461	13.61610333785713	5.0	3410.338992907465	30.614721775042895	5.0	225.5861158493575	20.16925788587207	14.0	26.181263264488315
3822.7579936435636	13.56526613565554	5.0	3371.741686587268	30.784930452085813	5.0	279.93472116359146	15.82379447353275	14.0	21.438728757881623
3499.508790468846	13.46078955400546	5.0	3253.1885231198376	30.79356563031976	5.0	337.9484177706526	15.526278829986214	14.0	17.676190010541543
3075.2975425121667	13.500034176869026	5.0	3091.0198340625734	30.848823764200066	5.0	414.26133022008287	15.377829231461849	14.0	11.528267311620159
2709.773895029211	13.62961549720406	5.0	2940.119225356923	30.918738898988053	5.0	497.67324590226775	15.160866531872234	14.0	5.426426536028985
2445.654631665075	13.80179680864693	5.0	2778.5878675366575	30.912929161890503	5.0	547.8453085220542	15.376812605103366	14.0	3.90210852138251
2194.021112816407	14.017214203081739	5.0	2629.7848643723696	30.959236135252453	5.0	612.0818259296719	15.631555582945088	14.0	1.4939717336871767
1918.6187979444667	14.33895668780858	5.0	2535.5203782881727	30.939691417627635	5.0	739.9884060025469	16.060203516014575	14.0	-3.4404517395080383
1786.1213414054444	14.630460235677216	5.0	2457.049655036125	30.940378043116826	5.0	829.0124956782638	16.207485305120823	14.0	-6.668214108122976
1716.8431347352973	14.698559810654334	5.0	2441.149294097272	30.821422001678158	5.0	922.4115404907805	16.665439558523246	14.0	-9.038251916942523
614.6892473216877	20.0	5.0	1844.0459370021204	31.44209520417445	5.0	1834.3716517796952	17.42677423702938	14.0	-54.860785051033524
704.1937707276928	20.0	5.0	1993.0834260109864	31.24640666299849	5.0	1876.6815224741117	17.51501847139576	14.0	-55.6222511939389
879.2468945374419	20.0	5.0	2028.1815527011895	31.084264143745987	5.0	1872.7351925295682	17.662571409460284	14.0	-53.85993479909359
1054.631694899803	20.0	5.0	2116.0559576061787	31.015622732411817	5.0	1870.7897753476625	17.662262207660554	14.0	-52.91113122184109
1154.25790657392	20.0	5.0	2142.2525053304466	31.047332912125217	5.0	1892.4183062293023	17.715304837832356	14.0	-51.05528586277817
1251.3726833570995	20.0	5.0	2112.975240578424	31.06857971026988	5.0	1876.137957411018	17.7411979039888	14.0	-47.7856197002391
1248.9014245220715	20.0	5.0	2041.0585858890918	31.061426220875102	5.0	1926.959898971538	17.81698309398076	14.0	-46.67200884421822
1149.392208645656	20.0	5.0	1996.9841639758986	30.98091812638199	5.0	2019.8656064130066	17.9999892609074	14.0	-45.09978000057478
1003.8679347855114	20.0	5.0	2058.8652982189556	30.55136466281156	5.0	2061.860650332556	18.080666198405545	14.0	-39.89823140791263
1016.0801406160614	20.0	5.0	2105.9967972678514	30.279211363118254	5.0	2061.8520754874453	17.98324627254962	14.0	-31.22237572475874
1221.1000740213615	20.0	5.0	2213.140669865645	30.192079258075797	5.0	1923.0494008894193	17.5945161834331	14.0	-14.381025512782466
1303.0092418542088	20.0	5.0	2419.0377401226915	29.88244254102571	5.0	1765.693774113129	17.209215827758122	14.0	2.472878494031429
1694.2475424643521	20.0	5.0	2610.9361237995345	29.982513866045483	5.0	1494.4966591482703	16.48527482519538	14.0	20.478019859700954
2269.0710795422556	20.0	5.0	2947.6700354124796	30.13005532888815	5.0	1125.6211260906678	15.0	14.0	33.89344138932955
2703.0107627335024	20.0	5.0	3189.0256540359383	30.207127827254595	5.0	911.1961140212206	15.0	14.0	44.911598214222415
3117.6043589660458	20.0	5.0	3446.9860092604627	30.23552877182863	5.0	695.8179310307788	15.0	14.0	54.124835614242016
2747.5258124763222	20.0	5.0	3220.377730123528	29.278699971301126	5.0	1105.292943670628	23.947512405646055	14.0	35.881206192278874
2889.157164190563	20.0	5.0	3651.664616818056	29.000829115040247	5.0	1104.0537409596102	25.92654452223004	14.0	28.28675897025441
2734.891214128894	20.0	5.0	4240.85364949996	28.585189998417924	5.0	1179.5383018489028	27.228533419692234	14.0	17.429174109418856
2650.161325437481	20.0	5.0	4740.950530655838	28.551364540531708	5.0	1186.432186546257	28.064543982786855	14.0	8.30920985567972
2705.4290312073845	20.0	5.0	4994.21464213941	28.93080159949642	5.0	1041.850905851302	28.74186234704368	14.0	8.471282304649021
2667.254177496727	20.0	5.0	4976.181909364361	29.249068200931	5.0	903.680475852879	28.967118302182794	14.0	9.151720625022884
2572.013035114353	20.0	5.0	4802.061614374938	29.32956069829185	5.0	813.2456769369919	29.239971590580552	14.0	8.847404063275496
2550.5877686486933	20.0	5.0	4543.52120101635	29.42697152583136	5.0	711.7540062013595	29.56607917535256	14.0	9.74053541329194
2358.5737593518143	20.0	5.0	3985.6699953681923	29.505294925317784	5.0	760.421708248083	29.506988731838153	14.0	6.158857092696258
2119.4603990271617	20.0	5.0	3527.491948274942	29.586503617406976	5.0	820.114946530328	29.325375684110092	14.0	1.6597356952264506
1834.8515652947358	20.0	5.0	3200.2495452936637	29.69732404486895	5.0	829.1025980681745	28.78202162428554	14.0	2.911744544564768
1318.707421532811	20.0	5.0	2825.8364609261007	29.52619996315525	5.0	926.5554429095658	28.0031952862397	14.0	0.19115483376444384
964.96801031274	20.0	5.0	2580.0806376900673	29.46567811470285	5.0	944.0305351247798	27.79750825067805	14.0	-1.9080569480993077
630.1163142596248	20.0	5.0	2451.685356171028	29.221892987825882	5.0	921.3838932475215	27.28593872650379	14.0	-1.7486500772466893
402.22384630906305	20.0	5.0	2394.523141820062	29.23561649806798	5.0	865.9383473933027	26.83586529474	14.0	0.48789417172769123
314.759827532348	20.0	5.0	2407.040935128303	29.311954953292833	5.0	780.2694902497923	26.37495706850928	14.0	3.6333379130285954
219.2240888670396	20.0	5.0	2551.5796491626143	29.12106010254461	5.0	706.9198792026642	25.798071045798753	14.0	4.393866051124063
195.32622379825366	20.0	5.0	2703.2052453560646	29.19174328697725	5.0	624.7177305447938	25.344861491949114	14.0	6.742312961737761
191.63086898154253	20.0	5.0	2893.56008193838	29.353321305291214	5.0	545.445820747857	24.440151861878828	14.0	9.560362740983784
193.7204082630954	20.0	5.0	3059.4676924708874	29.435190771758904	5.0	499.97632147738915	24.039754602191657	14.0	11.274227042401447
215.88433553083325	20.0	5.0	3218.823736894244	29.63377392278203	5.0	455.2744524751103	23.388678320803066	14.0	12.665274310676873
182.1998641133966	20.0	5.0	3404.915470543645	29.722607834759273	5.0	427.11785201947987	22.85702362304579	14.0	13.08843554804041
123.03090904265088	20.0	5.0	3537.619030527858	29.782365072223108	5.0	428.60748522808836	22.875012956507767	14.0	12.814345335082583
150.54223349410415	20.0	5.0	3539.836373724102	29.970852835968046	5.0	423.7207533012841	23.083687705756304	14.0	13.089927691366588
173.8130934214572	20.0	5.0	3604.127637919462	30.006073077373784	5.0	412.94327657666184	23.431767289146244	14.0	13.16158583751068
174.1644592339374	20.0	5.0	3671.7758880118326	29.957603889073624	5.0	434.1381731256181	23.990638337662418	14.0	12.347572771934534
188.0061381479517	20.0	5.0	3667.4766522240143	29.919099975146562	5.0	462.5193570296152	24.563609816609215	14.0	11.284325681702287
131.50814459005133	20.0	5.0	3750.9315302404348	29.7220913839277	5.0	496.3185043767309	25.088701597529674	14.0	10.034945379871857
133.42233840495265	20.0	5.0	3753.371401974634	29.540221703960746	5.0	520.8136032198489	25.7510139710751	14.0	8.685990322030964
121.55196124197671	20.0	5.0	3796.3238897752963	29.226647678158976	5.0	547.4164786228074	26.039690075839157	14.0	8.358482905230643
103.67871177894057	20.0	5.0	3986.0363805398556	28.858183335884167	5.0	512.6126951098457	25.622583164944018	14.0	8.126299469260768
13.417437122888563	20.0	5.0	4167.536115753487	28.43577104115029	5.0	485.7699968045532	25.29793631951478	14.0	8.342679434185747
0.0	20.0	5.0	4296.486082755942	28.028748340209756	5.0	427.145273741174	25.400968212216508	14.0	11.906964033131668
0.0	20.0	5.0	4428.409306027588	27.679606618673578	5.0	333.62457252904716	24.744945691611882	14.0	15.969208017657262
0.0	20.0	5.0	4415.403827037566	27.50877393939524	5.0	281.8857591208576	23.454820851701218	14.0	16.302323456392713
0.0	20.0	5.0	4235.130344104268	27.34629105100748	5.0	269.1137369413456	22.63012259898958	14.0	15.269068922866783
0.0	20.0	5.0	4132.760208553105	27.244011609887373	5.0	231.9976431043334	20.63796049158483	14.0	15.794221591195868
0.0	20.0	5.0	4044.4811658344283	27.226010215991362	5.0	216.8458746409145	19.32912945354668	14.0	15.197168739076913
0.0	20.0	5.0	3889.885078241909	27.241284715105852	5.0	213.68945527581792	19.042983383297337	14.0	14.42707643377679
0.0	20.0	5.0	3643.0802508293655	27.322153870663	5.0	230.58386886492644	19.057515534866813	14.0	13.007086683531313
0.0	20.0	5.0	3463.6398552045266	27.40520840464317	5.0	244.1135980321923	18.603262159451514	14.0	11.145396919742176
0.0	20.0	5.0	3259.2615312735243	27.43937770656947	5.0	268.93309510082037	18.976235517249624	14.0	9.676185667374995
0.0	20.0	5.0	3047.2318685958185	27.31321890018444	5.0	297.80688318935944	19.230758164603454	14.0	8.809952704011764
0.0	20.0	5.0	2837.5308918689057	27.064317781655916	5.0	332.0716553037161	20.525357093666123	14.0	7.618132393300689
0.0	20.0	5.0	2727.444944981857	26.804986106285185	5.0	360.864454004155	21.29922384900764	14.0	6.66710336266961
0.0	20.0	5.0	2744.6892371357726	26.493504882160273	5.0	356.05697161610027	21.081168602175623	14.0	6.469704939988304
0.0	20.0	5.0	2759.6067128494	26.14634882621651	5.0	379.44199520340345	21.143224289913555	14.0	4.3295098514069545
67.2481592790407	20.0	5.0	2823.1509674451895	25.942454488371016	5.0	389.1286424990598	21.094838667983648	14.0	3.1505166478988436
281.7472333141835	20.0	5.0	2833.6583059223303	25.846974761149532	5.0	358.81372022959556	21.461508265108336	14.0	3.9202634225897
416.84370176507247	20.0	5.0	2870.9133747173323	25.6707199500181	5.0	341.9226403819888	22.185257543103738	14.0	3.9143907626612586
455.4975504898725	20.0	5.0	3013.8467032095177	25.46231756889189	5.0	331.158748853029	23.385569030710172	14.0	4.504684693314152
519.4929021696513	20.0	5.0	3117.384963769993	25.402166375582865	5.0	315.3646461908531	24.432457625034903	14.0	5.008188791375888
617.6703486684271	20.0	5.0	3128.5864378385368	25.403146886575335	5.0	309.4341731889278	25.431791358218117	14.0	6.22781711131674
640.7440331077244	20.0	5.0	3081.0812686992517	25.285886923961296	5.0	335.12716086231546	26.428436279262858	14.0	5.867211992739554
694.0695593809041	20.0	5.0	2997.9700569421143	25.407965117925958	5.0	333.0139092917223	27.014294444385783	14.0	5.473525006117646
646.381265515181	20.0	5.0	2965.7127289371433	25.612755787801834	5.0	335.5480163134031	27.506241836368897	14.0	5.262500317459326
554.2104975171449	20.0	5.0	2841.0351031010155	25.887521576211576	5.0	339.6194012500839	27.612956744042382	14.0	4.234207006743267
482.8342776526152	20.0	5.0	2802.4759451686	26.160307867147512	5.0	324.96499957050855	27.38278694490973	14.0	4.412670774869635
399.748144582392	20.0	5.0	2760.57102702078	26.185928459844117	5.0	317.0815712630231	27.82569813159123	14.0	3.194894487186136
402.5117346375196	20.0	5.0	2563.1318521270355	26.3982024138197	5.0	299.7053380918122	27.977006004166608	14.0	2.4797227394846075
305.98712287007294	20.0	5.0	2507.0820661938346	26.553879662231342	5.0	269.99285645821874	27.08606751981267	14.0	4.1280347882756026
212.6906769848285	20.0	5.0	2351.122379037549	26.438817548869455	5.0	256.02438380606804	26.652027721833882	14.0	3.685961095196575
207.16902329264323	20.0	5.0	2134.1722588757543	26.45093933953638	5.0	247.4075801011526	26.415059288720638	14.0	3.5343352250589524
234.13112605914395	20.0	5.0	1994.8230331834293	26.667855859030727	5.0	216.73825262707066	25.763866666242837	14.0	3.658009540187928
188.2049001696645	20.0	5.0	1898.488672957497	26.597937921354678	5.0	215.87050744010122	25.245335717820563	14.0	2.9034932596572016
149.3029698758973	20.0	5.0	1782.902009929745	26.519784587427257	5.0	229.6258296376545	25.23480009544122	14.0	1.966999993310821
184.067719329339	20.0	5.0	1636.1571040819008	26.574532073920942	5.0	218.10346739745881	25.50403080546443	14.0	1.9817562814707386
199.43881367941245	20.0	5.0	1578.3606550561267	26.373533866325886	5.0	213.36070784328962	25.80550905308817	14.0	1.561252402028321
246.93579871260965	20.0	5.0	1523.1295556379985	26.324054519463186	5.0	204.10423176670463	26.262279387222616	14.0	1.8731055227157238
221.30939548696392	20.0	5.0	1491.147630081088	26.21210116899273	5.0	215.97157578651343	26.396801013583588	14.0	0.8428384405305653
196.9240188331687	20.0	5.0	1490.5471506600466	26.039718203001406	5.0	222.96972456930274	26.18309560065841	14.0	-0.36918042904923665
236.9105292797925	20.0	5.0	1480.7004485722484	26.13377109453215	5.0	198.8588040966007	25.927458511619015	14.0	0.8574816321515235
229.89620291485713	20.0	5.0	1444.6125540913931	26.18547926663929	5.0	180.10676798834197	25.022240522813057	14.0	1.0071092348300754
223.8432582302865	20.0	5.0	1291.8960485697755	26.197788332850347	5.0	166.47463376378778	25.20127637862294	14.0	1.4179052319936916
231.25089234136877	20.0	5.0	1106.1098573491	26.37926945436266	5.0	155.4643891560199	24.715054691379805	14.0	1.300118009696371
244.30877596062956	20.0	5.0	880.4358348656915	26.49613129582773	5.0	152.82150481413987	24.126653300424564	14.0	0.6739902217988423
236.64593244854896	20.0	5.0	661.6505861950708	26.551646874850338	5.0	148.63737608180247	24.167385342961932	14.0	0.3745509484333288
234.58552738346853	20.0	5.0	490.1873182459647	26.55163476761956	5.0	145.08688373909197	23.801492717342956	14.0	-0.2796138524250648
249.71832172868648	20.0	5.0	350.96357286428383	26.73881268659384	5.0	133.08496921282486	23.63331113079072	14.0	0.36771470971784603
236.7735088382858	20.0	5.0	312.1676039100392	26.857917958081444	5.0	124.4430078342273	23.1848784228955	14.0	0.4006921282382123
224.04950327108577	20.0	5.0	294.849639267642	26.736123005658335	5.0	128.53802314146125	23.166443650874452	14.0	-0.14600162423941201
223.85111950864572	20.0	5.0	296.15586115977896	26.70911816643088	5.0	129.70223678794648	22.68533855960353	14.0	-0.273392807337417
221.0703431740769	20.0	5.0	334.46919557402055	26.257246229139458	5.0	136.42857418051506	22.884651715397258	14.0	-0.48627939328113373
215.0325986177873	20.0	5.0	392.324840903684	25.806863460958787	5.0	139.53760980802758	23.426620430428233	14.0	-0.12687576270584275
211.1051218087917	20.0	5.0	450.82660705873315	25.690011503695537	5.0	142.41808653214596	23.355353108417507	14.0	-0.4230671083074378
190.5741191760558	20.0	5.0	519.5755091597217	25.49887657579106	5.0	149.1392987509266	23.329952829671853	14.0	-0.3964303150786796
209.1974849706766	20.0	5.0	558.9432842718545	25.70931262455336	5.0	149.1306290752745	22.78009215360329	14.0	0.6562593337066731
178.95553990015355	20.0	5.0	668.4471063179318	25.525866207251223	5.0	150.3827703043616	22.07063190989758	14.0	0.37943446589158325
196.8285178588149	20.0	5.0	728.6484103625609	25.689718533384045	5.0	145.62576773927998	22.102952806409608	14.0	0.9067863680525192
204.14151826577404	20.0	5.0	770.0932018241002	26.02416165211334	5.0	146.10489345642193	21.776108716300666	14.0	0.7249601825754378
165.02873426179875	20.0	5.0	830.6676931006057	25.877666986438037	5.0	155.17605838768083	22.32698819735465	14.0	-0.43348597392220317
182.74570571719246	20.0	5.0	833.415718891082	26.094833028222556	5.0	153.8694689780871	22.45098347627825	14.0	0.2268104512342883
208.1072942459015	20.0	5.0	846.2308219292582	26.449568955835353	5.0	150.41126539076916	22.108975842718046	14.0	1.7555149636508198
241.5697000837074	20.0	5.0	855.4066260193853	26.613515014157624	5.0	151.12814303592023	22.679769399510878	14.0	1.2907705846297914
237.32659290859	20.0	5.0	895.7238798056212	26.676546966307633	5.0	152.4085117552107	22.783089701901666	14.0	1.3914371110492645
240.55363329107294	20.0	5.0	893.0699686067712	26.81587499232701	5.0	161.60594418987188	23.109782841860497	14.0	0.5442863178702222
259.6015422281753	20.0	5.0	892.7147055948465	26.98254464766935	5.0	162.45072349659736	23.037894236868148	14.0	0.23442721104041536
270.17585147492247	20.0	5.0	860.2528062013178	27.050423317622226	5.0	160.91489541333345	23.46289428763922	14.0	1.0472577135129382
306.5342081767509	20.0	5.0	820.8587831681591	27.138505753920374	5.0	158.85093141090653	24.237830428086472	14.0	1.1511876502528982
319.3719294240726	20.0	5.0	773.9961532562066	27.069780337269766	5.0	157.56936052592636	23.961831214579913	14.0	0.8214854828730985
260.74034241193067	20.0	5.0	765.782286061881	26.908992148668165	5.0	164.4999246599542	23.35616609914895	14.0	-0.01989085974836613
246.20983873493196	20.0	5.0	730.7846250810355	26.909468030656353	5.0	163.298956999893	23.85743774235797	14.0	0.21043543676605367
228.06453342741253	20.0	5.0	678.6840886994685	26.779519946747264	5.0	158.93191506882656	23.804792122549607	14.0	-0.039566053626649195
241.87951406883226	20.0	5.0	609.7675635561488	27.05144663748145	5.0	149.87058055264131	23.606844818003236	14.0	0.5266784392911048
265.27077832495087	20.0	5.0	559.026892905487	27.32446369953594	5.0	143.08693379335537	23.689777343344502	14.0	0.5130501700119018
247.04798502213902	20.0	5.0	576.7069157955916	27.442412453053986	5.0	144.52142266620862	23.12077798648729	14.0	0.08134583844855456
237.12752617595373	20.0	5.0	605.0511923285305	27.597035597301314	5.0	148.5554580469591	22.959142060538902	14.0	0.31868607722446396
252.89854427790706	20.0	5.0	660.1016209418327	27.683642148962406	5.0	150.9109028879407	23.17173644354621	14.0	-0.05093639166637338
263.5766054130313	20.0	5.0	716.7928519999392	27.728765145085667	5.0	150.61394489728613	23.370088095068738	14.0	0.24028259096082524
276.3577272946803	20.0	5.0	722.9695694917549	27.880341593590618	5.0	143.7703046906878	23.146625284861504	14.0	0.9071675638949936
258.4535239096642	20.0	5.0	716.6313622612848	27.812945371978234	5.0	148.15088542846155	23.248673477908476	14.0	0.6626144386868567
246.8087837342745	20.0	5.0	684.8467901822247	27.497573727363484	5.0	151.60874563903573	23.5842856891133	14.0	-0.49509511336196826
280.47752950801043	20.0	5.0	633.584094329996	27.54071079703525	5.0	135.4902875647889	23.316818442586115	14.0	0.47227054296334037
264.28523253699234	20.0	5.0	622.5914127270634	27.38214997987006	5.0	135.81750573465752	23.142464292942552	14.0	0.5483111156892945
229.19225670830045	20.0	5.0	617.297576470696	26.944516909741186	5.0	138.4603378331164	23.373517433415365	14.0	0.601332612448939
215.30815066469913	20.0	5.0	646.6801858920177	26.813104041575762	5.0	133.43711582827947	22.271917004138626	14.0	0.3438423913465935
198.4813396760176	20.0	5.0	674.3998358107694	26.491663545471628	5.0	132.67913190639996	22.217172302900455	14.0	0.7913169673911046
230.62567637910078	20.0	5.0	633.9365349179658	26.48084067926357	5.0	133.7933960166488	22.81966068034387	14.0	0.7356463881565892
226.72178159962195	20.0	5.0	617.3046446359833	26.35777599397827	5.0	131.5697671889942	22.53731789964428	14.0	0.708867128058872
196.74251723222991	20.0	5.0	589.8087537516075	26.241258910523896	5.0	140.0705268914216	21.95297699243854	14.0	-0.5967506513064896
211.74058413222954	20.0	5.0	567.4428512806046	26.168102417764533	5.0	133.58002212387487	22.064813552247614	14.0	0.07455193925678869
244.17181695492846	20.0	5.0	511.2807770897799	26.29135491694119	5.0	123.26633694274945	22.612991170130794	14.0	0.25117402286197343
252.00063359106215	20.0	5.0	485.48716743661623	26.55707561630127	5.0	129.85680914821955	21.947760658721414	14.0	-0.18909697096847355
254.63130430760265	20.0	5.0	493.54379207019883	26.494736787809597	5.0	132.02511412329886	22.104059875681305	14.0	0.2385425008444453
252.15636274842876	20.0	5.0	517.2071724096819	26.372695225080605	5.0	138.36539495673293	22.04566146750616	14.0	-0.07030089521939033
216.71417352982746	20.0	5.0	575.0915638870018	26.113922544399554	5.0	145.59397887029948	21.843606006436403	14.0	-0.12334788419532099
238.0198237427887	20.0	5.0	604.3792583822027	25.99127323569463	5.0	143.25831895128678	21.981153343309934	14.0	0.4198051831960771
213.9291040904518	20.0	5.0	643.678383295929	25.668816444122267	5.0	151.3615413688407	22.15565081969059	14.0	-0.13745002705368614
208.0073992199783	14.248789422433862	5.0	876.3821361104507	25.209818933741673	5.0	78.40594614929937	29.787397981560765	14.0	1.3253267730891145
216.59345299483888	14.370934915207267	5.0	915.1206035267383	25.150505195227552	5.0	84.34462296783695	30.09588397109583	14.0	1.1329758604497602
236.04028636504205	14.868683104170724	5.0	968.694592903334	25.3840481480706	5.0	83.1973266116373	29.671773343083537	14.0	2.2662680092329395
252.763417415034	15.391885219069522	5.0	979.5959058213894	25.496714430151947	5.0	90.3488221804072	28.483590605268173	14.0	2.053497659694615
259.8086029536201	14.95793319117515	5.0	1052.4462874087012	25.475494525493403	5.0	80.52818913020576	30.682756297127213	14.0	2.107724043733034
266.7516548153089	14.954681862200157	5.0	1137.3311153717818	25.53624350009961	5.0	84.27350239818476	29.412661417780456	14.0	2.873781607609694
274.6383337413264	15.378610219249317	5.0	1148.1640900731338	25.408768974289053	5.0	107.68525506160528	27.271150268255955	14.0	1.6300689901913281
316.3885039309576	15.752647016158908	5.0	1197.2765657688483	25.383641967052995	5.0	99.80000578855372	27.853786002364558	14.0	2.58025559139329
281.59905003290777	15.660914689520439	5.0	1305.1168565437385	24.981618433588327	5.0	115.53904032217771	27.366614528010757	14.0	2.844474026267931
279.65975026143406	15.77107179157627	5.0	1400.7904210844129	24.81853835608155	5.0	114.83479302994823	27.2974473922957	14.0	2.8986230659191503
326.59558483260076	15.480233833946697	5.0	1533.6956288140138	24.876170064335987	5.0	85.28434992220994	30.847340338698388	14.0	2.6553975648223473
259.9572380500827	15.134496693307776	5.0	1575.6571729472523	24.548540437828652	5.0	124.17384375342078	28.54170204300767	14.0	2.157565694763631
315.4722429123581	16.579891331128422	5.0	1538.936449190724	24.78232764930803	5.0	133.91590121967027	26.59483255488625	14.0	2.199290683509798
327.82670454783727	16.782606378390103	5.0	1505.9967911734707	24.792419066764346	5.0	155.09466410064002	26.40670446511001	14.0	1.307427725561855
391.2901143254212	17.115307635498787	5.0	1463.6293519216808	24.94356338828833	5.0	134.0993237538715	26.65054545983835	14.0	2.477072845478132
390.42402231651175	16.78777785471771	5.0	1439.6410583530019	25.044129273061458	5.0	115.14088303450211	27.32949203969391	14.0	2.2967984963659096
569.873232484697	20.0	5.0	1052.9673445738379	25.802365671000448	5.0	163.77889516893757	22.851243108101784	14.0	0.6343001235071024
554.7605192903526	20.0	5.0	996.2872072095413	25.821771513193696	5.0	162.63825560227775	23.352084818099804	14.0	0.972574182303351
600.0868335362019	20.0	5.0	892.3737241022517	26.212360823143786	5.0	154.4917642441324	23.339685047899835	14.0	0.6261791087451443
579.5361478238084	20.0	5.0	831.9047448754873	26.360484101064284	5.0	155.03012889026863	23.14674413421392	14.0	0.4968027815174905
517.3171619019247	20.0	5.0	794.2197599064566	26.079279125928654	5.0	164.17460278263917	23.819596920792815	14.0	0.16533640101007133
553.2562468219281	20.0	5.0	715.9528980366347	26.309201587428756	5.0	163.95295757767852	24.354338348975123	14.0	0.9635261388145133
538.3665764841968	20.0	5.0	688.8381489700976	26.332768122681287	5.0	164.2082966686991	24.800902450792822	14.0	0.17860815313840234
516.5625064444473	20.0	5.0	682.7177527016825	26.422835703104912	5.0	165.75427419364297	25.14501007016361	14.0	0.37349760407596344
531.8008855056186	20.0	5.0	687.1653081709345	26.75395410491514	5.0	165.80618813479006	24.685987570038023	14.0	0.08012395392712478
579.1174686496032	20.0	5.0	647.8047040303301	26.964514784295897	5.0	158.44749533108643	25.22864087964023	14.0	0.17980282144999374
582.7040247741129	20.0	5.0	644.643611432157	26.825776173243028	5.0	176.64325881913888	25.395120966672607	14.0	-0.5915749840520487
549.8893299851919	20.0	5.0	680.5569892747764	26.486052819503044	5.0	184.0304621048812	25.301322945338597	14.0	-0.7692461310667441
543.9795881383545	20.0	5.0	683.0303151936997	26.21923075616448	5.0	176.08645721237696	25.55524350810234	14.0	-0.23818726697728945
552.6565626300508	20.0	5.0	691.272094770961	26.45166108859899	5.0	172.8851095366019	25.187419997186375	14.0	0.39828567303156537
562.5608553251805	20.0	5.0	682.9520227693204	26.564540233404408	5.0	156.7128633675288	25.64888761989643	14.0	1.0668891187188492
532.6792204618365	20.0	5.0	665.2086479102232	26.346082599022715	5.0	176.07063157948028	24.948800684611925	14.0	-0.20685399986749858
478.7012370475543	20.0	5.0	708.0119917348088	25.936924524859	5.0	182.15573099182845	24.34576138931025	14.0	-0.12892221530817108
483.58717392432817	20.0	5.0	709.0685142661117	25.97677485277404	5.0	172.58603896962745	25.429365231274936	14.0	-0.1725556792903823
398.9217066152183	20.0	5.0	761.6114572659313	25.474365773481214	5.0	191.68961982337325	25.344416365508017	14.0	-0.3170363109544998
403.8041275464468	20.0	5.0	803.6252488021398	25.52363357863105	5.0	185.35957675693473	25.174489326803723	14.0	0.07561858891824423
394.39124342204855	20.0	5.0	858.2970316081069	25.557865149683334	5.0	176.87815031835206	24.340295771190757	14.0	0.12931382147887485
270.0242455562033	20.0	5.0	957.2963936182857	24.980179777805336	5.0	201.74542066936692	24.07389867756127	14.0	-0.4916966096033934
256.1091083955196	20.0	5.0	1039.2682092229677	25.147933534982702	5.0	194.06966232008784	24.16343965176483	14.0	-0.04675960261274775
351.29927961903405	20.0	5.0	1048.690309597539	25.682884751160245	5.0	177.07614058213622	23.707120823595524	14.0	0.8524519326386043
317.45137130114745	20.0	5.0	1126.18327967801	25.51490582558552	5.0	211.48098714969004	24.08263898409014	14.0	-0.18051172992959924
320.2665550630583	20.0	5.0	1202.146023865566	25.487132855498345	5.0	220.51170058673637	24.789822884174303	14.0	0.3987084508458006
298.3670498547267	20.0	5.0	1239.5753016658227	25.448675269697713	5.0	236.51206821605027	24.610787749887294	14.0	-1.0826811805657153
279.8385395230201	20.0	5.0	1263.874559154731	25.429456689102825	5.0	242.31366101599602	24.281932304342803	14.0	-0.7409575601304424
305.628575123037	20.0	5.0	1221.284415926397	25.380497075869872	5.0	266.8401683072991	24.845397238774385	14.0	-1.2124968732631518
436.9757288889759	20.0	5.0	1139.050369329976	25.84571589295515	5.0	244.5547974658945	25.180717611915057	14.0	-0.3447526756112057
434.6599777708463	20.0	5.0	1186.721412738189	25.82504300375062	5.0	236.0729388286408	25.19824482659594	14.0	-0.6707176172603804
497.28384568152984	20.0	5.0	1145.374330179099	26.156649628602345	5.0	235.2054107045504	25.25895556504587	14.0	0.27799219886182813
431.6980915775503	20.0	5.0	1183.2284878441446	25.81733658229053	5.0	273.49688095863553	25.642977596211253	14.0	-0.7083052516195232
439.7713217621691	20.0	5.0	1224.6487641049048	25.818367447454452	5.0	278.11358012108707	25.587537545911662	14.0	0.3007377454990603
444.1206977697915	20.0	5.0	1254.7436991405577	26.150534919788953	5.0	289.962169283269	24.819888619284622	14.0	-2.1796804620635113
593.031993696061	20.0	5.0	1266.821010356055	26.74968075228832	5.0	274.7074057027164	25.932492493764713	14.0	-0.9947306455739647
510.2846057599895	19.756262854049165	5.0	1402.8033848359757	26.649260392527705	5.0	285.1024341098288	25.408563806828784	14.0	-0.40820352827818446
330.84984922889544	17.34429659682766	5.0	1594.1978435929213	26.015213774907217	5.0	283.1804543976243	26.421372719810417	14.0	-0.6941057690926222
433.46307313852793	18.173358332128824	5.0	1557.5231697727727	26.461324072864166	5.0	258.12950932077854	26.07292539428388	14.0	0.23676828734297925
420.1574010487788	18.15329302398638	5.0	1526.1065197900725	26.63437182694081	5.0	254.34580524782552	26.02057593581076	14.0	0.6694939669064782
474.45779035922965	18.41961173001281	5.0	1411.012160090473	26.839123184016287	5.0	236.65363057732228	26.398404991211496	14.0	0.5935055608678333
539.1517500876286	19.57172160848312	5.0	1249.6896056499982	27.27190784122902	5.0	248.37321520866917	25.105244596717785	14.0	0.2414141154396467
515.7776697549467	19.22208485034573	5.0	1283.8408079194185	27.331248925820688	5.0	233.06937492883824	25.161511573482024	14.0	0.26865354597789254
508.7091558568456	19.207723836289986	5.0	1255.4073276766935	27.39743933865083	5.0	245.39307584019272	25.129031343785556	14.0	0.5336696780789889
586.9701123419553	20.0	5.0	1205.5246775585965	27.668080422080404	5.0	238.2200451248717	24.462063549145274	14.0	0.5773199247214248
571.5771144942221	19.483352289690917	5.0	1208.327506132546	27.393697584701464	5.0	233.3447058694904	25.32105281281602	14.0	1.2505567462821374
565.9680555188033	19.188371968243178	5.0	1239.756028577146	27.521464620765677	5.0	223.2481239601556	24.998632082730502	14.0	2.1213345892855786
591.1399242730442	19.50477039906423	5.0	1101.2738907669295	27.588598340988543	5.0	235.10800962281664	25.118309911667076	14.0	2.359074791187494
594.861203530398	20.0	5.0	1029.4292043170065	27.77276335496777	5.0	244.9004943026536	23.754115472991064	14.0	0.9741309688911899
605.7293700753552	20.0	5.0	965.2395675562315	27.863595075547398	5.0	264.0165014326	23.169571025783643	14.0	1.6916204472138745
616.6159818737449	20.0	5.0	974.3890988679391	27.680065535576624	5.0	280.0749374908952	23.064008964695216	14.0	2.44615580932729
679.9374778195908	20.0	5.0	1077.1849876043493	27.719949578924705	5.0	302.29225713737617	22.52518265611922	14.0	1.116844914247125
761.9426764216024	20.0	5.0	1183.7915355233329	27.7006021203942	5.0	338.5164468068208	22.53829889105482	14.0	0.23137306081326478
780.6423624782686	20.0	5.0	1316.1245616959643	27.368270024192714	5.0	367.79662200491674	22.704490395118988	14.0	-0.1996977791094213
896.9654010384968	20.0	5.0	1397.0134003132716	27.277242250547094	5.0	369.7902323665013	23.10663631507863	14.0	-0.16716343161437083
857.8981311659212	20.0	5.0	1469.533565738332	26.98161673397104	5.0	396.2175209091748	23.170800165865472	14.0	-0.6544155948319285
692.9793534687278	18.839735194435047	5.0	1668.0174722867646	26.21877117400848	5.0	423.18050802690453	23.817894551203047	14.0	-2.372214584670178
880.9117809132825	19.59511543957641	5.0	1567.5184161957588	26.702373550872146	5.0	419.0153383924501	23.346030050084057	14.0	-1.6170243674703741
858.0818829856071	18.614482287551027	5.0	1667.027099527782	26.484855950060016	5.0	389.98009767616026	24.116477161959654	14.0	-0.235283653644437
869.2731812198375	18.546470144488328	5.0	1789.5985174187795	26.204237742714866	5.0	393.4763311830837	24.262861738635642	14.0	-0.6565495558714131
815.1270347334046	18.412156345685066	5.0	1882.1590546721482	25.924856191329614	5.0	433.3198943024507	24.467651015236534	14.0	-2.059427601309211
870.183070585989	18.067903419870575	5.0	1971.155918089987	26.0209310026258	5.0	390.77730062217563	24.77285821612731	14.0	-0.5962483728975558
921.134552238883	18.209017776075395	5.0	1988.889507632001	25.929450318881067	5.0	369.1227312139591	24.3455510887487	14.0	0.8975564189529551
848.4329798984052	17.727565274353612	5.0	2038.934573108315	25.659909592796605	5.0	378.4010844245326	24.69424247272945	14.0	-0.095676215243476
765.0702069493972	17.154314967226764	5.0	2227.1736067393454	25.258994204003	5.0	373.71842484528486	24.71461111292111	14.0	0.9255127521310147
860.8022794386395	16.704665439696104	5.0	2268.057111204797	25.13239873624958	5.0	368.09668748089865	25.46020349511882	14.0	0.638799374501725
745.8264409084113	16.080711019152933	5.0	2411.7561193067772	24.94746735179441	5.0	360.0759823856605	25.657518191003433	14.0	1.8075561826638609
783.8072317847631	17.168854490003188	5.0	2220.958991656284	25.014408739862866	5.0	373.789790702079	24.745301166202317	14.0	2.1947429348697547
736.1288138232213	16.393597451941368	5.0	2163.5658507780563	24.72140233387286	5.0	368.99335353672797	25.572452973845134	14.0	-0.07135453097968482
647.1284489495464	15.78569906166544	5.0	2121.0491543861835	24.63477564210754	5.0	344.08552994495835	25.663812010863026	14.0	2.6800828086451545
703.8235980771424	17.10273243488266	5.0	1838.496234472961	24.8654122121263	5.0	389.2278964002023	24.122280114594933	14.0	1.1165319821471065
609.6735908332071	15.615910204914972	5.0	1942.7841898454333	24.59082943351105	5.0	365.90293970854106	25.246033736987457	14.0	2.1761114516862117
548.8205648190573	14.915855531068908	5.0	1991.3679261078441	24.33520006704895	5.0	357.6971912540459	25.33677054656828	14.0	1.6879272601825877
694.8502924672628	16.370131493854508	5.0	1800.9010486766815	24.909391083366547	5.0	388.4274208433596	24.392092120862817	14.0	2.173082335420606
675.7374666505045	15.639889453468177	5.0	1844.886501569465	24.818828575717248	5.0	381.98612038235666	24.63282895225258	14.0	0.866966373960629
749.1529296225912	15.769136145196493	5.0	1798.6476586620706	24.74167973546349	5.0	404.90228125444287	24.27047596051689	14.0	1.707883603890955
792.6983077139048	15.968431673541785	5.0	1734.6707313570537	24.822305413500853	5.0	416.0254543699778	23.756931859235447	14.0	1.3322286723224677
782.9448586627091	14.986067451382624	5.0	1757.8466554374409	24.375440607570084	5.0	408.445329383134	24.607914619426687	14.0	1.1960797359334885
955.2019277169695	15.462224491802699	5.0	1634.511486404278	24.688253762682216	5.0	398.3470469884795	24.326812964192985	14.0	1.9230215329794798
917.6905312959885	15.20007921620448	5.0	1655.4597071911887	24.13591419596817	5.0	413.1452114291095	24.701935701134268	14.0	0.13584602154653946
918.4633408231855	15.128953092854932	5.0	1687.904409487498	23.81907085080256	5.0	404.5835697209556	25.010007511849913	14.0	0.6089199693215386
1099.0744019037736	15.323721316471147	5.0	1565.0985849397578	24.105809809495057	5.0	384.15739325894134	25.464362514948956	14.0	3.857680231337736
1228.9761580523236	15.433824805829788	5.0	1526.0262082454628	24.312709524275302	5.0	362.8119611178173	25.45228102786759	14.0	2.0572621050322617
1245.4801765857867	15.217336567689971	5.0	1540.3675893004113	24.222073437198503	5.0	355.6016489776384	25.7024116520771	14.0	2.171382573939989
1297.5047081392108	15.010672237049773	5.0	1478.9763864424965	24.044183402258053	5.0	359.68950305152316	25.944644695682992	14.0	2.089462373298782
1237.0316621099425	15.300582416378376	5.0	1368.6738122235424	23.99078368114591	5.0	399.2411362058996	25.139193348215414	14.0	-0.22452461767430665
1263.5622418513988	15.318039337495373	5.0	1326.2260370798374	24.454435384462737	5.0	377.3213680166898	24.845340101421414	14.0	1.2104173144262176
1309.963737609839	15.152898677546355	5.0	1297.7445864927943	24.642755810968797	5.0	345.14743993085835	24.866920356316083	14.0	1.7820298890762674
1158.7250303713631	15.128438187210074	5.0	1265.2815357921731	24.037274575973292	5.0	372.52824772399373	24.80330122047078	14.0	2.350395880536481
1144.2000540810525	15.005711977504193	5.0	1209.0211748048168	23.78233283936612	5.0	360.58022552897467	25.35100011977168	14.0	1.6732338340363337
1136.9033844551814	14.842245840585875	5.0	1134.8787593113302	23.744567771881453	5.0	369.31195602273925	25.380015513737458	14.0	-0.09397276624564012
1062.3941923746181	14.752371413028218	5.0	1170.8957008168347	23.622936040083907	5.0	362.77860397697424	24.768754098963687	14.0	0.959289185628454
1070.9110937199184	14.882246357153377	5.0	1090.709874155961	23.494830134644907	5.0	365.9537346026839	24.652998047298578	14.0	0.19411559753737095
1050.8560264409914	15.017222493085887	5.0	1051.6600753581097	23.5400894523418	5.0	368.2058287632455	24.350726294875557	14.0	1.8369707833960969
1060.805567612334	14.790671496945546	5.0	1106.3267394455333	23.44685354397311	5.0	359.0215742862885	25.072030178841565	14.0	2.816098851055435
1070.728352150471	14.633957549276428	5.0	1000.0972567123757	23.256672809351716	5.0	369.02952208398585	25.07730395319005	14.0	1.1969769058252107
1096.285089613222	14.663818049403169	5.0	886.7271385608421	23.448100714120052	5.0	364.36151008125387	24.92816933881517	14.0	1.834041555092444
1137.4409734454102	14.615780547603219	5.0	792.4876860215948	24.208597476858184	5.0	329.42887269318055	25.69701356173083	14.0	2.4083742870753526
1106.501721353156	14.437677057066415	5.0	755.2384907089752	24.475814990404633	5.0	294.7892333140508	25.744825261808792	14.0	2.584765284886973
1012.0565568551586	14.340638933662254	5.0	671.3277175050514	24.801742969235637	5.0	313.3672269396059	25.064888787501843	14.0	1.6669581235223283
993.3895729606188	14.457378226202051	5.0	570.5169446246791	24.477016877133345	5.0	316.5745578383063	26.056227136131888	14.0	2.8409184213147944
945.2758303727614	14.688871163954012	5.0	496.0587378351935	24.952290566340352	5.0	340.3414572538032	24.866003447510174	14.0	0.9602269241204044
943.209069770267	15.16690523517088	5.0	460.1435891629175	25.28710303071498	5.0	346.5495061847674	24.554810009708053	14.0	1.1890074578696852
918.9510465743148	14.84377409119173	5.0	455.64194078131	25.393234374903027	5.0	334.3652082038114	25.356839471915237	14.0	2.4427848114297404
888.6560502970096	14.40284655972312	5.0	445.92958819187976	24.476655502646718	5.0	371.34491043962237	25.11385624536385	14.0	-0.8551122837754082
954.034801785737	14.614543358259883	5.0	443.30438037058116	24.79887906066085	5.0	363.8854164884448	25.478270338362055	14.0	-0.2716104885797039
1051.0066014657382	14.779946797025346	5.0	499.67749262677	25.808438468636837	5.0	313.174380888288	25.93358292160695	14.0	1.9282271776122628
1115.264406125205	14.95603899579268	5.0	448.1769425958514	26.37310206809046	5.0	299.95539738080777	26.195364852597457	14.0	4.447779374846629
1107.2802756552403	14.989308258790146	5.0	418.397442586911	26.120385143029715	5.0	348.97257481669254	25.453408068375353	14.0	2.9922815848040782
1097.6211891143	15.18412336831916	5.0	346.0259992781879	26.030319648718617	5.0	399.60565094619204	25.59264611298478	14.0	3.102819651261578
1044.4590739165778	14.960205980895914	5.0	409.0694592071998	25.47415763532511	5.0	375.51031571074566	25.85630173416241	14.0	0.0784238881378888
1056.01882810611	15.520982217102647	5.0	317.5980557474121	26.378911498259686	5.0	382.86005891844286	25.143086643159346	14.0	1.715370873123087
1047.6836598709494	15.193275398719287	5.0	381.67391192567226	26.16995503278442	5.0	375.7352242659373	25.834135243067895	14.0	1.2818141950560737
1022.9126499550911	15.296752062967709	5.0	374.3623629542665	26.016557463067862	5.0	354.2438586187387	25.6080967330118	14.0	1.9224869329514436
