amplitude_0	mean_0	stddev_0	amplitude_1	mean_1	stddev_1	amplitude_2	mean_2	stddev_2	amplitude_3
237.45007826191292	12.0495957308447	5.0	142.79677787903861	19.475855695614623	5.0	664.7527749932282	20.54405942789715	14.0	2.7584275876878106
238.5159968150737	12.471795688539622	5.0	146.6618732976895	19.97510684434529	5.0	662.4407833303958	21.032607977925064	14.0	1.2501965446601087
99.07817106651395	11.580642310235756	5.0	289.29292955369357	16.923046367905304	5.0	608.3434021947512	21.226312220012023	14.0	6.422638396090535
59.641835705904285	7.134030879547742	5.0	286.8477821418108	15.862635859916885	5.0	619.1360831350405	21.215613115199126	14.0	10.255277431178316
231.084806668872	13.473994125308941	5.0	98.47852073226797	18.71040343906681	5.0	615.4787701901731	20.76649267198627	14.0	8.370497891266025
86.07719027802979	7.03185403483844	5.0	321.40555433710165	16.610940961222678	5.0	541.2417112199723	20.516710308054932	14.0	12.249969452668822
39.28782848192011	3.7651375155135787	5.0	318.2696742810485	15.250077776567114	5.0	542.071709925504	21.025282663306204	14.0	9.017479153369226
42.28401640961436	1.1413776008967396	5.0	359.36557069615316	15.056718334118758	5.0	503.6490402051172	21.347694194601083	14.0	9.98620489300264
229.01027887121776	13.353956065969337	5.0	140.9990793687944	21.010462287645296	5.0	517.757635627923	20.01546589877267	14.0	8.198887402132593
286.28824805560083	14.218931636083115	5.0	88.73647572771762	24.902118823985834	5.0	518.1039889104638	20.065209169344698	14.0	9.505193024346129
282.59535665319254	14.606462751789849	5.0	32.5382147631625	23.984985404745412	5.0	547.9655445407013	19.721948018351625	14.0	8.148579687734195
271.3560687732684	13.86027840171349	5.0	105.49975447555516	22.67983148218243	5.0	510.85071788375546	20.173992205024987	14.0	9.14261153895853
287.4029928392355	13.937495641855037	5.0	110.20276740320364	23.21038786046171	5.0	516.652660468109	20.406164179014596	14.0	7.607003142347262
323.4970060321177	14.83841775556577	5.0	58.90541294459547	25.96740816334922	5.0	535.4243316083524	20.15004479970384	14.0	4.232391888752381
370.8579405375886	15.353098044614324	5.0	47.48925453243268	28.724001970982027	5.0	529.8131497779094	19.917980257633047	14.0	8.487572579284322
381.31638352873904	15.233901411555259	5.0	107.38978028014814	27.955947047224175	5.0	530.149630329158	20.09811950344068	14.0	10.84889737053769
0.0	8.175232090780515	5.0	361.10337561392276	15.18774253957423	5.0	622.5333998812295	20.945280556794337	14.0	8.34331773549064
0.0	8.175232090780515	5.0	314.57695577231993	15.32599116127777	5.0	672.1724170255548	20.91562111775235	14.0	3.796194654038227
39.220935654528425	4.413662177884987	5.0	410.790988389765	15.0	5.0	643.4735451483094	21.710785470876395	14.0	4.041554816321105
0.0	8.175232090780515	5.0	402.80986273470023	15.0	5.0	640.9245897484095	21.47579051146488	14.0	4.929901784366463
0.0	8.175232090780515	5.0	397.12047538138705	15.0	5.0	647.0993653620916	21.581718315933003	14.0	5.816988687485771
0.0	8.175232090780515	5.0	424.2760814786362	15.0	5.0	642.317039329967	21.33864836213289	14.0	4.427834549543274
95.0672939940091	1.1008890637199615	5.0	521.3662788209283	15.0	5.0	586.2141169637882	23.87721727244031	14.0	4.036680758680869
424.59608004391254	14.04067792032035	5.0	0.0	15.0	5.0	632.1649714535766	22.61805228833992	14.0	6.378570259605185
50.30615001731409	1.7158972946081124	5.0	443.4595255682298	15.095951188115468	5.0	642.6617184299597	22.933658734812962	14.0	1.4116612163219917
64.68451414451428	1.322686042245373	5.0	426.06629806458847	15.055833152562307	5.0	665.1203831350906	22.698619098501684	14.0	0.7306203449471548
39.01197846824145	0.0	5.0	433.0054553546806	15.0	5.0	646.8182949608675	22.54907111869319	14.0	2.7684792935624456
39.682879753806915	0.0	5.0	472.21963547996995	15.0	5.0	638.6154798603715	22.553604988027114	14.0	3.1104031984893203
76.3391517476612	2.110921423096247	5.0	578.3140512054464	15.17961063471329	5.0	578.6472051776218	23.616359143617625	14.0	0.853554040878854
73.93561700605659	1.6458224837189344	5.0	576.2217291882557	15.431938904161962	5.0	532.990081165279	23.61430773720392	14.0	3.1132492589888248
113.31174803867212	2.022204942221602	5.0	607.999374444876	15.912593811009543	5.0	460.28530887597253	23.686791386037477	14.0	4.258608012601885
141.6157221522408	2.5244055914497396	5.0	683.1241724760254	15.806731151921776	5.0	408.08930333467174	24.300265435174516	14.0	6.205903344576546
130.202046803847	3.289704018051717	5.0	679.8374886803002	16.131151958070795	5.0	413.1487763406422	24.261005446480965	14.0	5.905183915476539
147.1177553451935	3.5776682998064246	5.0	658.4892072028534	16.693332629997688	5.0	403.99272217428	24.645495347961926	14.0	6.210471434937562
173.01396102271613	3.87851329605357	5.0	656.5043425876717	16.815446878888373	5.0	413.8863549059545	24.96616514885359	14.0	8.60037339734129
147.19722283894544	4.267029275811305	5.0	643.6259304190546	16.906999497265	5.0	449.6119387466433	24.935637529121887	14.0	3.563337985800021
132.0534453803945	3.893216025514802	5.0	639.8352003054624	17.124091747338795	5.0	442.0125111670623	25.381491934599936	14.0	4.26925831920871
147.26405903490237	3.6583506672474124	5.0	633.491965765251	17.23663730697892	5.0	485.95770942844587	25.18080335575146	14.0	6.227258282495135
188.58701926985358	4.806287067480159	5.0	591.7429916750217	17.028679900842434	5.0	476.1115451464322	25.35292945245111	14.0	5.20170565773708
162.48836622953715	4.841102174379524	5.0	576.7868803352369	16.663690023611633	5.0	498.48230559581225	25.679718483865063	14.0	3.698435380503428
124.24886890923878	4.5139285398358275	5.0	487.7982419635818	16.36868056328701	5.0	560.6224364488261	24.4825432480755	14.0	4.517864170545624
151.28214170596138	3.994369903728493	5.0	562.0899619316866	16.74748490366546	5.0	513.1060159433808	24.609354053017565	14.0	3.000756606983667
152.74092008161622	4.609659594822817	5.0	593.7525169379509	17.170105358998132	5.0	505.2655436262217	23.652795165221253	14.0	2.9913707628028487
192.49659684471894	5.148253739293912	5.0	621.1015251420484	17.345012896331532	5.0	495.5740215920384	23.63281942470528	14.0	2.164476622863761
232.94406400806486	5.541537748382507	5.0	684.7085677576545	17.662212389801077	5.0	444.782467237953	23.791107485783705	14.0	2.580397149630257
245.60188694825362	5.767537804512944	5.0	671.9662877225297	18.050551074502337	5.0	448.3624240663712	22.941319375804003	14.0	1.281622520329482
226.7780478210488	6.323546919314616	5.0	559.0099855986429	18.278542055877175	5.0	497.68556785740503	22.246121313860552	14.0	-0.11594081392136014
217.45425275136003	7.30492622929173	5.0	521.1417525962881	18.73974868787764	5.0	519.4721589017208	21.493292335153917	14.0	5.493496449184693
295.18575456277387	8.126887820780277	5.0	458.54055477592755	19.85053431909691	5.0	472.0198522133569	21.647064003757386	14.0	3.6522771329902746
310.18353587543174	8.501510789418791	5.0	368.9718073758449	20.85235452480719	5.0	464.18135679000375	21.566256907567084	14.0	3.3448205017008195
329.44945992519104	8.266854015211505	5.0	362.4189266482302	21.175892420631428	5.0	460.2808134029849	22.444553679417794	14.0	4.702256928601617
334.15751359247355	8.082054789992368	5.0	374.2424037827707	20.621588502228175	5.0	491.0220650137011	23.160787084797544	14.0	3.4494004543997785
322.3002805112594	8.03723384456622	5.0	401.9686898015257	19.643604026997092	5.0	540.8229566851197	23.827207778674946	14.0	2.7110970615047996
333.43401243381055	9.178469618157395	5.0	338.353079944693	20.116279224241108	5.0	596.1581433518525	23.87335278793306	14.0	3.4823807375435782
369.8471655596989	9.84959783768926	5.0	353.791198103363	20.677059072158293	5.0	636.333692932865	23.864112068412233	14.0	2.9394807680558537
393.12828393412957	10.074925886375684	5.0	434.30876199425813	19.994065797596143	5.0	608.777257333509	24.096028585401854	14.0	4.19577457726649
398.34288017713163	11.020970441506535	5.0	402.0344850734662	19.901914783401093	5.0	620.962997180595	23.268765271018044	14.0	2.987532638661186
388.5597853155734	11.427576165718229	5.0	336.366068312251	20.171513669428716	5.0	684.7947069239486	22.772744783308543	14.0	0.4037004397174462
426.20974519108944	10.647643657441314	5.0	431.2873728156797	20.074241939163155	5.0	661.7707195293726	23.473618064882135	14.0	1.3681397544073948
498.8546159120355	11.315457366874263	5.0	473.54514566317664	20.723817906069215	5.0	607.6384721356618	22.611052893857455	14.0	1.3232025338090434
554.482681792129	12.044245735538153	5.0	423.0115504583893	21.887534576525493	5.0	553.3756669680376	21.210679746498144	14.0	1.9972552577870233
644.6505879522952	11.728095816956108	5.0	493.4119234041307	22.11703242967943	5.0	474.71227937346174	21.10137277489165	14.0	3.147861079601129
625.5425742696441	11.025788987964201	5.0	467.86494872895054	21.665658868260692	5.0	509.04190246127297	20.85289252390794	14.0	1.6314952792834692
699.1810419218644	11.238477981830043	5.0	481.9328607175794	22.42020279480781	5.0	499.8298509242644	21.03676840614409	14.0	-0.1668472545749607
763.5331830172277	11.329549480219244	5.0	469.43238937366453	22.76674598211687	5.0	481.7527976210988	21.26037231573573	14.0	3.4944203328104675
731.7500434746917	11.107399310918076	5.0	463.1341403942522	22.023168881598234	5.0	496.6120990656259	21.64717818126744	14.0	1.7403191968433591
749.0176114129371	10.91390165748874	5.0	540.3501894907284	21.5590523495082	5.0	464.75014782783376	22.0390445473895	14.0	3.473133937887884
775.1205925141858	10.991101725555016	5.0	537.2530049385376	21.863774649839073	5.0	473.3757294369348	22.161255529113216	14.0	3.0124967249626553
754.478261961485	11.269240455915554	5.0	473.0951656111189	22.104693838678127	5.0	489.02006121577205	21.765805806858683	14.0	-0.12296173275444121
736.9190454685422	11.122927668988137	5.0	415.8426378392928	22.071341005787648	5.0	495.2130770574951	21.894746236396127	14.0	3.3330379919493387
812.2265955873116	11.146694475503299	5.0	445.61613043335626	22.40758895903503	5.0	458.6943170657407	22.167528887549043	14.0	6.297597860242484
840.4084662480288	11.00410819473765	5.0	379.93479746463294	22.20916229247284	5.0	473.1378730441032	22.474839411306156	14.0	4.883158394835276
870.8533583875898	11.025093610415515	5.0	349.54191930369376	23.20186356219136	5.0	488.25219315713696	22.200765159280216	14.0	4.4284874692818885
993.3410014328027	10.820839363092745	5.0	360.20223134608165	23.742422082638196	5.0	442.7402176492106	23.11216733821739	14.0	5.6855109292794745
1062.6873286971515	10.838309848036134	5.0	247.03609136461725	24.7221535205368	5.0	456.43362581721306	23.9284653417373	14.0	5.650862409979038
996.9133345305638	10.751676174674836	5.0	193.46057871408672	25.229818482348076	5.0	495.0608609929538	23.66106156144747	14.0	3.667555816986897
970.7409940077507	10.807733666903264	5.0	170.6401548535005	24.860431016552678	5.0	486.0895198029741	23.722173276423153	14.0	3.7668360581285065
997.7105899234742	10.81694474227702	5.0	167.0090541786381	25.87156703470488	5.0	448.31143025539006	24.053838435988204	14.0	3.6935111454450933
965.3981407753263	10.588553587614031	5.0	167.1265417038112	25.037694350859752	5.0	405.0007940129939	25.180716361371747	14.0	3.6730844157515286
908.85959278138	10.763889888575887	5.0	114.74523620068365	25.925120095911325	5.0	410.4550864886671	24.485502219355098	14.0	3.4555327365597472
907.909398681372	10.970123045104327	5.0	107.21342217452366	26.67578516082932	5.0	394.8964742359171	24.626832497146058	14.0	2.4175251984369144
884.5618145099326	10.979961864136811	5.0	94.54672508968589	27.241502518169376	5.0	392.40071331671356	24.791327690414843	14.0	1.9470766337415835
904.9132907021209	11.108802273060801	5.0	94.81200261658385	27.938524098173676	5.0	381.80380869711956	24.28221404368768	14.0	2.943980400264981
888.130007980154	11.141850414222239	5.0	83.82088870300826	30.711936162136656	5.0	383.73431702868174	24.07490637223791	14.0	1.9012236396888658
861.027319147627	11.183847946259855	5.0	85.00424100841339	32.13958582703625	5.0	378.553615700565	23.746097097623338	14.0	0.7204812963644867
827.0020134771324	10.935210181660475	5.0	89.21915789000337	29.079741203636665	5.0	360.7065997648837	24.490080847120932	14.0	1.6413249631774207
773.5791862338508	10.72619378544615	5.0	96.44220566835115	28.7496959499077	5.0	352.0890366191734	24.23725055614648	14.0	3.1861406672975123
726.7611826768261	10.971563389045922	5.0	136.52187440658383	29.929376046861012	5.0	331.26617205881166	23.285270211341583	14.0	2.0353682831032978
665.8743806742806	10.94829613869045	5.0	120.01652385952876	30.57325881725534	5.0	345.23645623884835	22.98744359967966	14.0	0.39115685287599394
644.9295890143163	10.831153557314494	5.0	149.57047626466118	30.18744407679823	5.0	316.11826057241655	23.303942238017513	14.0	2.3580953651766525
612.8677472400929	10.885990556114221	5.0	180.6705268186829	29.45663095163524	5.0	277.16616097064434	23.004581143281914	14.0	3.0077404268159142
573.982593061557	10.684893134556678	5.0	182.76394710025343	29.290383437714056	5.0	276.6790656909696	23.394505933232836	14.0	3.968727957693354
528.2927408257787	10.504698886026995	5.0	189.92618168161437	29.191597932519052	5.0	281.7902220253007	22.655672527168427	14.0	1.6508722282784298
509.16051664036183	10.487860337515345	5.0	217.11277926969706	28.85168796143828	5.0	262.66542622162615	23.12551609352724	14.0	1.1496248235878512
459.35493065868764	10.494676012937408	5.0	220.9077354485912	28.568522094312314	5.0	270.8520971348948	23.152838636428914	14.0	1.7548739260051343
415.13725666285154	10.491095707505146	5.0	218.5559963439878	29.158536700164124	5.0	278.55636387354497	22.950023166717642	14.0	2.8617975444460018
265.1414595109255	9.303132562208667	5.0	0.0	18.47344935892304	5.0	449.3445969345364	23.896722178170915	14.0	-6.226663785113889
241.5741508793095	9.433166087862208	5.0	0.0	18.47344935892304	5.0	488.91398054991424	23.332263087368602	14.0	-7.423231460990958
243.71160049329936	9.57515210702608	5.0	0.0	18.47344935892304	5.0	534.7981138900963	23.829468741984883	14.0	-7.916599195789634
237.83676344652457	9.312965529947357	5.0	0.0	18.47344935892304	5.0	593.4487831116123	24.09208786883741	14.0	-11.18568413627853
249.1457520498879	9.158462721045508	5.0	0.0	18.47344935892304	5.0	641.4901016566538	24.395987376758768	14.0	-11.250867876271911
229.513764653651	9.045221684544083	5.0	0.0	18.47344935892304	5.0	689.3028368686325	24.334408390413078	14.0	-12.785066034618257
190.33237686014664	8.755822940400698	5.0	0.0	18.47344935892304	5.0	727.4540422499991	24.39042275822298	14.0	-15.279678381572428
151.52765946251355	8.426206942513485	5.0	0.0	18.47344935892304	5.0	767.0260341101614	24.366237144172185	14.0	-15.486961603481976
140.52121937131216	8.597840628216385	5.0	0.0	18.47344935892304	5.0	814.7211306741666	24.346134794660315	14.0	-18.075947428108456
136.05436833465743	8.884825889957634	5.0	0.0	18.47344935892304	5.0	886.0568992626964	24.304025334091683	14.0	-19.85948245936456
118.55500896927727	9.12239894735357	5.0	0.0	18.47344935892304	5.0	954.7883962614442	24.00998430543998	14.0	-20.695841990067414
140.3113607869859	9.799023777787253	5.0	0.0	18.47344935892304	5.0	1013.3334796137369	23.89419134937756	14.0	-22.92137153416093
148.9465051029663	9.62416626758316	5.0	0.0	18.47344935892304	5.0	1034.2692775265714	24.241767265805066	14.0	-25.54156207110742
168.46589650697538	10.007120494561336	5.0	0.0	18.47344935892304	5.0	1050.0677614153462	24.41987384990805	14.0	-25.813839727702373
127.26060099003762	10.006142134395734	5.0	0.0	18.47344935892304	5.0	1089.8418025608034	24.247062813456793	14.0	-28.359859433305623
86.50385175629084	9.446499021079681	5.0	0.0	18.47344935892304	5.0	1112.177994696751	24.111189165751092	14.0	-28.614384271736764
0.0	10.231374514024623	5.0	371.85106644657964	35.0	5.0	1066.4969768647982	21.958768001067753	14.0	-33.31486303326565
0.0	10.231374514024623	5.0	318.24880517289995	35.0	5.0	1159.6822892241084	22.505035932945347	14.0	-39.973662410308314
0.0	10.231374514024623	5.0	299.8993646868655	35.0	5.0	1248.3724549036003	22.817335595165208	14.0	-43.959846300765406
0.0	10.231374514024623	5.0	286.9390311810382	35.0	5.0	1346.6512464955995	23.083001140786497	14.0	-50.79919995428002
0.0	10.231374514024623	5.0	284.7988026877866	35.0	5.0	1436.0946590317092	23.382789243706622	14.0	-56.36425178883871
0.0	10.231374514024623	5.0	256.6554239521427	35.0	5.0	1507.166220290343	23.467428309132135	14.0	-60.1079729017568
0.0	10.231374514024623	5.0	246.49144131044662	35.0	5.0	1535.6040188194686	23.455548149223045	14.0	-60.21711790668585
0.0	10.231374514024623	5.0	277.0107472060449	35.0	5.0	1561.0110530925497	23.43259538104469	14.0	-60.91963636691808
0.0	10.231374514024623	5.0	277.8325193101964	35.0	5.0	1551.800262596712	23.40080973614413	14.0	-60.20829997667519
0.0	10.231374514024623	5.0	259.9729043742508	35.0	5.0	1572.4473413168191	23.611543911148186	14.0	-61.923086716608495
0.0	10.231374514024623	5.0	238.2498537358452	35.0	5.0	1617.3270736916452	23.780416170671025	14.0	-63.668094895357434
0.0	10.231374514024623	5.0	193.27998673548967	35.0	5.0	1730.749293193147	23.984386427583836	14.0	-70.01547636403993
0.0	10.231374514024623	5.0	84.81703735357284	35.0	5.0	1909.9628666658757	24.036312009832592	14.0	-77.38976766651687
0.0	10.231374514024623	5.0	0.0	35.0	5.0	2171.328752850574	23.910327004137045	14.0	-92.52641800230042
0.0	10.231374514024623	5.0	0.0	35.0	5.0	2432.4741827489693	23.296135521795517	14.0	-110.42123724368913
0.0	10.231374514024623	5.0	0.0	35.0	5.0	2691.6713750582276	22.595611189576626	14.0	-129.28006890259357
1491.06926236111	16.19931262313529	5.0	2988.24332637305	26.400059995576495	5.0	735.0477740934734	16.847172668136793	14.0	-7.592930360120811
1517.4172824553139	15.159314287220687	5.0	3354.6619561092175	25.0566857244103	5.0	754.1759346246533	17.402719881687084	14.0	-5.665302730049847
1581.3798662751303	14.591608952941794	5.0	3625.866175642962	23.944438213892123	5.0	746.2970487563473	17.297773421271145	14.0	-3.2246584510456695
1621.1713197148215	14.172995402329883	5.0	3811.813592268328	22.7436904009182	5.0	796.1231778348701	17.07462042576152	14.0	-3.7832822863248383
1540.9224926623772	12.836211237254341	5.0	4565.824048702846	21.189372898791067	5.0	796.1605712441659	17.599706336381022	14.0	0.20602652858915632
1053.9654602829676	10.118345191066508	5.0	5548.447137663372	19.830353711434505	5.0	748.5454775350545	19.025714261719646	14.0	2.4398921727852185
850.0490278286151	7.982333586983472	5.0	6082.951621233773	19.02414927279649	5.0	648.2857967878771	20.02164777143655	14.0	5.003191383086276
844.680145823478	6.511078924003199	5.0	6472.100580519004	18.381210806034858	5.0	539.4819208948699	21.21973334695831	14.0	8.405329032232114
932.9223629135944	5.595220178923812	5.0	7075.33157389546	17.858920275023273	5.0	396.96358443619414	24.420977144624647	14.0	10.187318560631986
920.8481097407798	4.527334816115515	5.0	7571.125911588812	17.319005494250852	5.0	315.48232482130123	28.29293288879356	14.0	7.929721713592677
847.0127723262776	2.9299814615191027	5.0	8204.811924988106	16.77168841286502	5.0	283.77495490051444	31.7895529583087	14.0	1.4055721319212071
873.9125383128539	2.7086551349780907	5.0	8499.470459048698	16.331242812858342	5.0	330.29928470330884	30.955127808283933	14.0	0.6918821076102107
823.9194061044097	2.5945961031529974	5.0	8489.12992151585	15.767070108299778	5.0	380.11041270771216	28.974000615516207	14.0	3.8133024664588095
826.3578908556436	1.8825097036805882	5.0	8775.422481882435	15.41621366470398	5.0	348.389286004897	31.638933804913176	14.0	-2.8687763597160916
860.1519045332624	1.897745885505152	5.0	8415.273369335211	15.0	5.0	350.94384336938555	31.0370392378489	14.0	-0.8993053301962085
1076.5160107404754	3.064651392472066	5.0	8488.329020902906	15.0	5.0	283.7295846642926	34.91685373690002	14.0	2.707705686658619
1214.0515225395663	3.13246020107786	5.0	8815.550496830858	15.0	5.0	267.045622819414	40.0	14.0	-3.6867820742709334
1327.0528818818827	3.7643208908811587	5.0	8505.209623015768	15.0	5.0	235.44828817591832	40.0	14.0	-2.322727972297581
1416.2530619564184	4.192596572587944	5.0	8258.570164411867	15.0	5.0	223.10566190874724	40.0	14.0	-0.3970404972837099
1570.3668640592314	5.115760103137714	5.0	7947.1448123220825	15.0	5.0	204.5119574469547	40.0	14.0	2.8070344805321903
1698.6747124872495	5.491162717763429	5.0	7917.372077455789	15.0	5.0	183.2518602055821	40.0	14.0	5.428808328476522
1872.3858816404706	5.742077526442887	5.0	8043.53104259373	15.0	5.0	187.02135138699052	40.0	14.0	6.899983617211065
1966.6058034891782	5.7269942051619065	5.0	7664.321113725568	15.0	5.0	190.13403454824925	40.0	14.0	7.388521771455722
1868.156746183711	4.930812859792365	5.0	7408.113530618492	15.0	5.0	198.80600932676376	40.0	14.0	3.543304334051483
1855.5851624368195	4.6961148544645335	5.0	7094.8273024369255	15.0	5.0	219.361168365785	40.0	14.0	1.738394539778028
1884.2215556495403	4.936093021364432	5.0	6571.673798936865	15.0	5.0	232.57842442783365	40.0	14.0	4.098782444288261
1961.9960275558074	5.121995692374952	5.0	6323.960922522072	15.0	5.0	249.45355994434942	40.0	14.0	6.178285986843237
2058.9530245410833	5.6690144053328515	5.0	6240.4922402367165	15.0	5.0	243.04339222403334	40.0	14.0	8.163026441397495
2201.7047547977772	6.354016266732709	5.0	5977.751009306549	15.0	5.0	245.07939053967297	40.0	14.0	12.982635601276513
2427.450674738871	6.5222380777744835	5.0	5576.298376798954	15.0	5.0	268.97299455014956	40.0	14.0	12.67465582259905
2968.0108759066284	7.773587025705196	5.0	5179.395520603463	15.0	5.0	260.9793007622125	40.0	14.0	23.966543534942957
3716.3545267553636	8.557839735010285	5.0	4712.365474306281	15.0	5.0	264.2930600676061	40.0	14.0	29.652014990079937
4757.404863889718	10.123100876507143	5.0	2783.3377779937923	15.0	5.0	848.852963076587	15.198834452313436	14.0	16.94415284856844
5676.48909459812	10.200000537656413	5.0	2335.3899866269635	15.0	5.0	925.6555409330534	15.080293755206753	14.0	14.091279698171277
6095.5187106204185	9.855479443930394	5.0	2253.6701696360633	15.0	5.0	969.077890287429	15.641030575358396	14.0	12.250671718156905
6288.540691238393	9.399063082391166	5.0	2264.1399938188238	15.0	5.0	1050.450080655398	16.096055147546775	14.0	8.286686603394463
6332.121532149421	9.060055989777984	5.0	2368.3567804345153	15.0	5.0	1117.0490686338665	16.14485866333705	14.0	4.349688975971214
7084.81340484543	9.147249993730096	5.0	1789.1073292157241	16.12467001856349	5.0	1132.565804908904	15.966916357689218	14.0	6.559154364250912
7380.015902564471	9.002255832903526	5.0	1403.8281734449379	16.661556946484524	5.0	1160.389234745812	15.96581935371784	14.0	6.573620106863808
6577.807437215122	8.510751587942972	5.0	1926.414703223134	15.19917548600737	5.0	1200.1834371619411	16.12759730879835	14.0	5.208171534114636
6131.870395478048	8.201407565130602	5.0	2076.939567690934	15.322656652876365	5.0	1185.7767279192828	16.00650470378708	14.0	7.8745411488815025
5668.597044934066	7.753277745547552	5.0	2359.4865382229045	15.347279424367365	5.0	1148.300703685119	16.40475932092179	14.0	11.076888727626828
5100.696207204875	7.199271151634535	5.0	2875.3077563690485	15.0	5.0	1094.4191573712853	16.872351267121136	14.0	14.445224822367212
4850.426780779304	6.922154373732088	5.0	3270.79287212316	15.137163148696123	5.0	975.3218533714257	17.58630180147291	14.0	18.508830126307146
4743.024635405737	6.850968054426576	5.0	3461.4502654101257	15.473698629091661	5.0	874.1980418773555	18.16827752417554	14.0	23.822565233480848
4634.026553216356	6.814263309113697	5.0	3504.8883878501338	15.446196810226505	5.0	840.2767709728174	18.75783032580107	14.0	25.076594137878573
4291.075754577981	6.565778448426026	5.0	3848.3895772920782	15.122391044033556	5.0	735.1010076663299	20.06102914287356	14.0	25.381578043782692
3937.9364568421847	6.429982884963722	5.0	4193.898844178281	15.0	5.0	599.7833070292472	21.415811130884926	14.0	33.13247640550955
3901.939342535885	6.936517809258518	5.0	3931.4778358536237	15.0	5.0	642.9533647730259	18.711699961793762	14.0	36.500641261968894
4188.680295172018	6.9968803796350505	5.0	4186.355392129138	15.0	5.0	416.92896415940265	26.542535880776413	14.0	37.273087535671614
4279.363431097662	7.489553321339046	5.0	4055.593807999023	15.0	5.0	365.05994924962494	29.268461728290784	14.0	39.58780892194184
4707.693121917711	8.228209987622938	5.0	3565.7935599726807	15.0	5.0	359.8460319180218	29.660215601652173	14.0	39.7814614920842
5098.950888072565	8.86068229244546	5.0	3087.2962713710544	15.0	5.0	369.36694572486107	29.814257411223085	14.0	44.65824955862653
5465.295158656066	9.392427173192013	5.0	2696.066946387847	15.0	5.0	377.9379490284131	31.152094127066043	14.0	48.77228945212731
5271.764749023282	9.564552599174025	5.0	2855.3480153204305	15.0	5.0	376.16252121904955	32.363471601844196	14.0	44.46963257146812
4860.778242506224	9.87750250439021	5.0	2946.4084252616854	15.0	5.0	391.10883376432287	31.420222670360335	14.0	44.88134990947572
4298.601696408699	9.927695642641432	5.0	3221.628089866553	15.0	5.0	394.51110892944143	31.515202780769403	14.0	40.78500514726539
3296.2062493145127	9.403966032549633	5.0	3776.0458210997763	15.0	5.0	395.30119759737676	31.522698964907654	14.0	34.148990703517455
2569.2849108253663	8.797176730248749	5.0	4054.0188835468484	15.0	5.0	377.41921575092283	31.848298734998902	14.0	28.405427960264177
1997.8902547567643	7.8749520213954725	5.0	4314.422734044285	15.0	5.0	349.9416837191227	32.77074439815214	14.0	21.456611564185028
1738.5624815243166	7.00544753164196	5.0	4130.948596776377	15.013678582404985	5.0	385.2960207794417	30.41964492228397	14.0	16.38167141862415
1869.8647417772197	7.393921196763884	5.0	3683.5085045243854	15.475458421832226	5.0	387.2161827917025	29.508903143173054	14.0	16.97074766619918
2013.9387419039256	7.833625120641027	5.0	3393.587781338555	15.942494294705957	5.0	408.6537781237778	28.39615444814817	14.0	15.30349761437779
2246.6297248610745	8.18741830162491	5.0	3038.49999896198	16.525249223600444	5.0	411.7579318233496	27.877989810429163	14.0	16.406589920041792
2311.994847117023	8.198955658771327	5.0	2907.41425297712	16.703687307754823	5.0	426.54095585825223	26.834682646073908	14.0	15.189000287474943
2451.0209683492744	8.284635367343121	5.0	2974.9056287182243	16.964117543657114	5.0	389.3125036259568	28.146065867325657	14.0	13.362559054221949
2436.7322589103837	8.471017775283322	5.0	2999.81956850224	16.901457008034026	5.0	375.46193304614644	27.987630605940094	14.0	14.968639928395303
2460.693633906693	8.637348070366128	5.0	2887.337339297005	16.70427179268877	5.0	370.98390801048396	27.11408998279274	14.0	15.081807728016924
2387.0612393449082	8.86231993737134	5.0	2824.2185575425815	16.327998917980867	5.0	394.3459472993871	25.46941514138052	14.0	16.034785609429008
2234.994973747421	8.649311988755043	5.0	3050.027766764481	16.020754471791022	5.0	362.8305308757238	27.089719468941738	14.0	14.043123161493744
2299.795887642417	8.761919472689529	5.0	3079.5592635032294	16.027878969675395	5.0	330.2708696189507	28.637626522574497	14.0	12.082341685525861
2157.097381879659	8.843623805693033	5.0	3168.62480149549	15.616303796305264	5.0	384.34558477629935	26.351780765923372	14.0	14.502542237334637
2417.373422807724	9.139752946752504	5.0	3037.4226960306883	15.84555744346127	5.0	397.84927481458095	26.394872933893744	14.0	14.074330496765306
2577.0789159202145	9.453500389053213	5.0	2929.3815749065607	16.401290482668074	5.0	408.61388816872994	26.473532046433846	14.0	15.188156202729196
2625.306585932358	9.723464034529393	5.0	2773.263794252189	16.663015971065903	5.0	460.62701943991465	25.23719300099762	14.0	15.465058352388183
2827.3012174937294	10.096239358405676	5.0	2516.562372202104	17.45756464216866	5.0	497.62161184934547	24.717099146201218	14.0	15.083033049669517
2784.370105785724	10.01426261550614	5.0	2721.329476387994	18.092152918079094	5.0	451.03069689920375	27.2964247498565	14.0	14.672598894845047
2723.2784301675492	10.110528734507376	5.0	2678.517694525336	18.652272585827745	5.0	462.53520107307054	27.057201715412145	14.0	15.880651535036026
2558.543672968802	10.364511702081542	5.0	2682.5466529725754	18.880996659748483	5.0	534.7208166333766	24.81620732081471	14.0	17.770775974022467
2313.0609105769654	10.125152879466858	5.0	2871.3357834393887	18.697620900076828	5.0	572.6109864630089	24.16023943176935	14.0	17.711846582675758
2156.9722242179964	10.139191329196956	5.0	2837.7394656846036	18.75496231946955	5.0	648.5290314537598	22.895831906997667	14.0	16.09614020492092
1971.1095346394443	9.907756263303966	5.0	2930.7328962703714	18.528854673314008	5.0	709.2281072523023	22.57339608309106	14.0	15.248835514599966
1892.0676952825559	9.554255691626757	5.0	2933.382139737005	18.427549740611934	5.0	704.5181098732199	22.865601958017482	14.0	13.805227904485598
1712.3034666948572	9.110425823441744	5.0	3120.627469774223	18.31494925268029	5.0	653.7624524255797	23.90933734754145	14.0	13.328409893547619
1609.968022476826	8.50573929481614	5.0	3378.344834041024	18.32817648507822	5.0	564.1968490115775	25.65883730606859	14.0	13.0129197809489
1658.8732745459217	8.299419096752198	5.0	3504.509730877452	18.659237171197542	5.0	441.8436190293919	28.80076466169251	14.0	13.061704714356816
1630.894080799748	8.076248101170481	5.0	3563.8939957422654	18.827407484891197	5.0	362.81611276245576	31.301550827172946	14.0	10.681171596602912
1712.1908297787281	8.114474792364263	5.0	3369.6375007425763	18.825452687308132	5.0	344.5198933250986	31.58742994840587	14.0	9.452099934994747
1804.3658873690333	8.211382555827	5.0	3152.7512886371424	18.71580893166547	5.0	324.92864334103933	31.3450086844772	14.0	9.124056142993032
1813.3457104330969	8.090212421713103	5.0	3088.1550573448008	18.246307650417037	5.0	323.07121028801805	31.02848152740693	14.0	8.122278298175784
1731.2249079757994	7.939327362740826	5.0	3147.2671866322303	17.36022969033941	5.0	343.87203570907116	29.804946697336803	14.0	8.459806040798984
1590.2194092356667	7.568398413902048	5.0	3422.5316993918323	16.56267713690539	5.0	319.9717592626516	30.693309907837932	14.0	8.430144742267691
1542.0580213917817	7.278986510920937	5.0	3654.5656446922367	16.082591807322068	5.0	302.2896595750508	33.147314809152874	14.0	3.6351945120177147
1510.3987924144928	7.1961225939659546	5.0	3786.4747458516295	15.68747724194687	5.0	298.3193776331386	34.370167433603605	14.0	3.3810613966240197
1488.8319678559503	7.058280177810515	5.0	3930.799777884772	15.466497306918166	5.0	302.8543754293903	35.28410262053314	14.0	3.263950144374121
1568.5151127119534	7.046513409190835	5.0	3970.708561118773	15.392755482151161	5.0	317.11042608167924	35.63542432161794	14.0	1.5554912756837311
1670.6745883505182	7.1562969996959325	5.0	3852.744308718022	15.518446018833844	5.0	324.767239113952	35.97048116943161	14.0	1.4852473146454659
1739.0584408630014	7.175647235662701	5.0	3793.061662996172	15.782820418947757	5.0	333.9739855926523	36.263184627014276	14.0	-0.3210804565779751
1827.6090363762887	7.306039673399116	5.0	3648.202264443255	16.14535470370403	5.0	343.231667683839	35.96289338379497	14.0	0.823034194476664
1882.7908618689721	7.227909186492689	5.0	3513.463134514885	16.458633804530805	5.0	364.4215947877104	35.26608813040231	14.0	0.7746378108759845
1966.6333790664671	7.423854425703109	5.0	3443.2027820989097	16.767424922624095	5.0	380.2603633115288	34.997768776199706	14.0	0.26557816678463797
2207.1722033777796	8.103248528804613	5.0	3194.5000631068297	17.31797265592338	5.0	382.14008722270256	34.709994642762126	14.0	3.514448422607206
2432.1632286209806	8.34698918809901	5.0	3035.0031256840675	17.741230160426085	5.0	384.60062332125636	34.40967764620546	14.0	5.5241856006769074
2624.7990519407317	8.483286209826783	5.0	3015.567646366986	17.997556530773707	5.0	385.44304403946524	34.28843254999556	14.0	5.669329731239239
2895.0465077019553	8.801386823145641	5.0	3076.863522233024	18.11661820061078	5.0	383.2364781582845	34.021360958456505	14.0	7.771371045836498
3247.882970269545	8.97206438951731	5.0	3222.6386614535245	18.217482841570906	5.0	363.59150098253815	34.81660288273531	14.0	8.07317508281003
3588.917129746841	9.081964972930361	5.0	3387.8710135456677	18.408447213859723	5.0	340.24378934092	36.443473666824225	14.0	5.637236661060478
3705.043338679142	9.07321458509643	5.0	3601.4964454652104	18.36138260094876	5.0	340.19701902823243	35.823089719734355	14.0	7.698651050449429
3778.1432513554387	9.049310615294972	5.0	3693.1593255052967	18.44588927446993	5.0	329.0328890042885	35.56410680036324	14.0	7.31046246317677
3811.65156034192	9.08370743292345	5.0	3804.262475454341	18.71310165997519	5.0	299.9077486552722	36.922039086059804	14.0	7.437525890940039
3771.0622439844424	9.139329908268607	5.0	3783.5029990627486	18.971599325255095	5.0	298.53795923643156	36.315478568679445	14.0	7.458178200596502
3632.8651366993045	9.300554130970362	5.0	3713.1331264148967	19.213922524941957	5.0	329.5749710513796	33.459179465113614	14.0	9.814874520872516
3492.5584272688993	9.684990812519102	5.0	3630.9132608341683	19.60637073278122	5.0	411.3237193713764	28.096584415344477	14.0	15.359035943555506
3267.76278613113	10.025327310004494	5.0	3328.4649533599068	20.027969794762985	5.0	616.4892256057486	23.52344559216554	14.0	13.544402873816933
2882.9257830751662	9.995535930023019	5.0	3207.917957437669	19.978264894367687	5.0	796.2016550341081	22.464745690363976	14.0	9.44582900535267
2785.830210871412	9.868262373200745	5.0	3040.530009115275	20.291040626448876	5.0	844.6221965804635	22.656483147539024	14.0	11.08128538085498
2696.220623784932	9.443894950910048	5.0	2802.3661570041027	20.613320518472698	5.0	827.6286959459126	23.905767856931156	14.0	11.773228590543969
2769.60638578319	9.077067981641354	5.0	2564.900810313452	20.85250463212408	5.0	710.7599116144813	26.220760269208277	14.0	14.70786584655263
2859.3150588761982	8.810485477902235	5.0	2379.828806616443	20.690556063959093	5.0	598.7223781126821	29.85188294385795	14.0	14.384980067107376
2872.0905411829112	8.905032332004193	5.0	2140.344384134026	20.031625374450275	5.0	577.9610206265635	31.183319213439606	14.0	14.501207598241445
2939.101442322014	9.01338079208316	5.0	2208.4511821955166	18.904557157443804	5.0	566.3251568953182	31.73975463021683	14.0	15.113988040400093
2935.8333676738125	9.10999040791058	5.0	2628.7379844341344	17.84950489398575	5.0	562.1157214374501	32.51337074273151	14.0	15.847482190560592
3221.721769461028	9.431608043708753	5.0	2885.7950129265078	17.29290853134831	5.0	578.535503293799	32.85263787145108	14.0	17.101595618294333
3502.7656982758735	9.354338002587282	5.0	3104.199077351572	16.973759354945113	5.0	636.6571985124011	32.058776052917636	14.0	15.958125627027144
3985.7423050669518	9.425813437741844	5.0	3002.271952218795	17.352779491184712	5.0	704.8080452656857	31.15989500862469	14.0	16.505427173311446
4546.497976824935	9.600888162651504	5.0	2522.5876930737036	18.214833332508626	5.0	774.406700683663	30.876088669613708	14.0	15.042810841999952
4691.919527649449	9.312454821385694	5.0	2080.320593486792	18.962894731937123	5.0	875.0080899456855	30.309655181140112	14.0	16.00266999081574
4714.614254506294	8.897030440796899	5.0	1759.765704658882	19.69585233517715	5.0	953.6707368276547	30.53976425518971	14.0	13.62151968220862
4585.966521655484	8.565146290651354	5.0	1434.8793938112415	20.24473688442862	5.0	1050.0875089571186	30.240837085660985	14.0	11.365039799670207
4327.6367729644035	8.172485654417024	5.0	1002.7608947147362	20.99400678439714	5.0	1259.3835437769337	29.066951013965195	14.0	8.226259023993322
4015.752736370833	7.9260432110624635	5.0	704.3197854833667	22.36176976463952	5.0	1425.1968269944073	27.76822111632809	14.0	7.729763069642903
3690.3939424970845	7.71863006469536	5.0	687.9744951353146	24.617426240103047	5.0	1498.524138125487	26.480691152696433	14.0	11.331382499207944
3292.9229939343536	7.473351611170503	5.0	816.6794982017041	25.63327294728189	5.0	1709.1412195944129	24.867345293694306	14.0	11.11009167036271
2931.588862228661	7.473848439980441	5.0	963.2521088433004	25.691163706882712	5.0	1943.514338833131	23.17191421338891	14.0	12.012346814453561
2715.932113748467	7.637186044632747	5.0	1174.5250276771158	25.07415685588247	5.0	2102.9362737813685	22.491072543939417	14.0	11.735396283516215
2530.428112452034	7.918013495190003	5.0	1252.6343121267676	24.566947331398115	5.0	2200.6178578397257	22.40114082082204	14.0	13.846283311767353
2507.925433035505	8.231340649413333	5.0	1151.0882135137078	24.63666104508829	5.0	2178.163051520675	22.764874648198457	14.0	18.930812713625663
2504.131190197165	8.487732061863088	5.0	1134.5430688247325	24.06502789122393	5.0	2073.024199644604	23.587625894842645	14.0	26.19301158032742
2798.0211317625713	8.682032785661304	5.0	1464.7253286524283	23.396915698423165	5.0	1821.0261921650713	24.857874170353664	14.0	35.623667741241015
3164.902141520011	8.882630584234295	5.0	2256.044201956793	22.89362666881987	5.0	1460.2389235081482	27.087383602831842	14.0	42.05833026083486
3345.9108725072697	9.056800276069726	5.0	3260.260460610079	22.275233004107704	5.0	1161.044664581344	30.300257702782417	14.0	40.23477974038453
3390.8924439974553	9.178698695078591	5.0	4340.214117021742	22.08599298816394	5.0	922.4434081142094	34.056628463554866	14.0	30.63281962209589
3200.7429802842667	9.374133911817717	5.0	5296.054237328418	22.00646405262992	5.0	807.5443544051377	36.14824578512814	14.0	21.873400116071892
2912.0613135425374	9.328077879942489	5.0	6151.385095311573	21.728315320175238	5.0	746.2434580163842	37.187884767999314	14.0	17.55020828174377
2701.009605967272	9.203528576007185	5.0	6645.740294250336	21.343374177766957	5.0	720.8373523988703	37.082510782345494	14.0	15.324928819391335
2475.8391975914865	9.100748222335017	5.0	7088.24747100305	20.898019320030937	5.0	719.5211468294157	37.01670694501428	14.0	14.891485676613456
2442.061920533477	9.28471347034566	5.0	7078.645519622788	20.753549005413657	5.0	692.630653557901	37.504777971343614	14.0	11.578001931963062
2473.59451845578	9.630407535109745	5.0	6456.738753014129	20.68013366150113	5.0	751.0315352727897	35.92467123171225	14.0	15.113978739654177
2474.3987441511917	9.686632049225969	5.0	5802.385697804947	20.758010023501363	5.0	810.5991458096449	34.95761220457049	14.0	16.124679949559503
2465.7554252261843	9.805419819793677	5.0	5156.915394724559	20.921680046441306	5.0	867.8968738090814	33.59536496834529	14.0	22.37762987670328
2502.885787997747	9.835806849520718	5.0	4895.573955399901	21.18478233381797	5.0	913.6385268868459	32.971142842728554	14.0	24.108859627745527
2567.7660189091566	9.902319180360074	5.0	4899.683913377278	21.380371026539834	5.0	990.7070311160679	31.894239090462428	14.0	28.355439900667953
2529.8686354882943	9.936467411626376	5.0	5257.327516868326	21.421369601210497	5.0	1112.3989445093487	30.417824769382218	14.0	33.119032079916316
2667.8890993435093	10.090265405430792	5.0	5965.584063168251	21.49021233354084	5.0	1111.3622179602887	31.02064185363464	14.0	38.5464311573045
2630.350625410221	10.402377527097661	5.0	6399.171632377329	21.409379395613552	5.0	1275.1746494253318	29.515588459733753	14.0	45.969880216564285
2453.232764488013	10.849428157051683	5.0	6466.1867323184515	21.186478240748983	5.0	1617.595812532253	26.683080374889197	14.0	53.26770095963351
2565.739216802818	11.759317312589365	5.0	6155.635125775499	21.1319302517207	5.0	1993.8150148123896	24.655898485982547	14.0	52.869961768066055
2925.333672382394	12.78575541251884	5.0	5742.9849074208905	21.45575380908586	5.0	2323.4708222867857	23.49226820196085	14.0	51.72486743971524
3626.449212432904	14.029823438316846	5.0	5054.43747092354	21.97129614251611	5.0	2640.5844443846536	22.7860772569388	14.0	50.18287665748454
4526.999984194435	14.453399002222632	5.0	4690.31859512312	22.598697032270884	5.0	2767.7975086159313	22.862669998920246	14.0	56.098991019665796
4925.602739405385	14.579725976800523	5.0	4669.999930994843	22.821878357599036	5.0	2938.159092333865	22.621830870551555	14.0	69.00233182061119
5413.261059674402	15.154978799888925	5.0	4537.996831872646	23.323435649537753	5.0	3157.012512812397	21.949724356732574	14.0	87.54656491700173
5545.723086647097	15.049720689587089	5.0	5098.279577486279	23.556779935024082	5.0	3200.2806427205546	21.428522174963607	14.0	110.76110588762465
5215.151979623303	14.465156333476475	5.0	5963.836861930745	23.42980623929997	5.0	3115.700812513222	20.554323608209785	14.0	131.3140170153125
4572.998583948104	14.077106421334172	5.0	6992.097955432394	23.37138979211093	5.0	3108.259253107536	19.22366674099728	14.0	135.3940423700302
4082.958639998844	13.644889786446821	5.0	7827.826566042877	23.31308084816873	5.0	3093.3419370185893	18.449687659048703	14.0	123.79499112032433
3697.758321928669	12.99730727815465	5.0	8445.91193627452	22.991940817397666	5.0	3037.336959459215	18.428730673603752	14.0	105.5403646670669
3645.1923040636375	12.623600238599685	5.0	8800.745174735584	22.72735925525737	5.0	2927.0199677897945	18.53499490673387	14.0	89.95767455095803
3757.1418308564107	12.209118066477048	5.0	9278.396893120891	22.302121856877676	5.0	2749.7112197306888	18.861050075635752	14.0	74.96206588121923
3909.7879380332975	11.771456659674058	5.0	9916.860977782007	21.74478165308379	5.0	2506.9201055959193	19.88526642718104	14.0	66.29756419736724
4179.11849216962	11.55989713591657	5.0	10225.658809144616	21.401571986131618	5.0	2231.770582429576	21.0445550295662	14.0	60.95230153241515
4300.839336722834	11.205800123467313	5.0	10629.811164780624	20.993587415734297	5.0	1939.3366773352277	22.184268566148305	14.0	58.33562430347708
4203.412900474974	10.98333020385234	5.0	10655.88484573158	20.59018007032889	5.0	1791.8563154082344	22.634389947167982	14.0	53.567569767378565
4257.705980555084	11.107019702988275	5.0	10082.606711685181	20.262583642371013	5.0	1738.651830892783	22.53497714479226	14.0	50.20741799528579
4259.823031807397	10.99991045216025	5.0	9902.803907453512	19.79584938333485	5.0	1657.985596675732	22.816448812209295	14.0	49.90409915152527
4246.16081337688	10.758094466195221	5.0	10191.041918151654	19.428376424493656	5.0	1453.542222226196	24.22896414814832	14.0	50.2318696912703
4259.5730227115	10.396276019530152	5.0	10945.64365257225	19.07302591805398	5.0	1209.5248514989637	27.89830606909572	14.0	45.29988257404757
4431.493966936342	10.621664194569995	5.0	11208.501727813917	18.88294628551334	5.0	1196.883185414689	28.852177411461305	14.0	40.44553841586429
4713.621951480042	11.014995058619537	5.0	11423.63993317309	18.87257651055382	5.0	1168.9864313826915	29.34694319917192	14.0	39.88980240570129
4709.491527251238	10.885920744809496	5.0	12060.342603101952	18.711652258370822	5.0	1143.6165811104916	30.03562621929039	14.0	39.49272721647331
4909.444771872136	10.57907265800912	5.0	12845.921283686022	18.58763240139326	5.0	1051.8515711859964	31.84943146868739	14.0	32.86903955499193
5301.7258284582485	10.563923660946855	5.0	13158.104609231947	18.59906046711487	5.0	963.3361222895612	33.25969623313199	14.0	26.382852425525364
4888.012817851108	10.181563209517856	5.0	13856.31213538981	18.395300148957322	5.0	943.1508759829704	33.25616487492562	14.0	22.881833957074356
5341.630343236889	10.598447698775058	5.0	13419.815100606163	18.481529218866317	5.0	885.7692513123795	33.787961821305196	14.0	20.596846326646173
5782.8371405682665	10.982636069307027	5.0	13025.372806152523	18.698255186312423	5.0	797.7509053052694	34.96609109121489	14.0	17.133792625669123
5038.398262836502	10.549068332196992	5.0	13925.458053011398	18.628328994706	5.0	748.5578229080585	35.805332115920855	14.0	9.427985566029372
5101.266847781563	10.637002819867481	5.0	13641.139727303762	18.806822110643292	5.0	750.3502102743479	35.940005275355475	14.0	8.010903159286508
4945.32170211076	10.596877744973403	5.0	14012.53531015914	18.93316955604614	5.0	721.8014402714851	36.57047462005352	14.0	6.825810195411422
4324.018635513271	10.09507297069004	5.0	15008.135013658644	18.872206661153832	5.0	712.3663638843632	37.20001500377667	14.0	1.7194449800386917
4047.2035195806093	10.143015770181744	5.0	15468.725430885743	18.87232504710981	5.0	735.8583417101082	36.93419936547594	14.0	3.7568570633977587
3489.287468470402	10.001848966904939	5.0	16337.463284669886	18.75391985735373	5.0	749.7174394472962	36.183211198045136	14.0	5.6121547957096585
2789.9759678429227	9.705905767892421	5.0	17636.282819758657	18.654631954483197	5.0	726.013671325616	36.72975896198459	14.0	2.503114948828775
2510.503114559057	10.12423820288161	5.0	18270.568961753474	18.639169961484875	5.0	728.8277724393636	36.53170717574032	14.0	4.128896201932166
2439.3807202867647	11.030348161714175	5.0	18578.858431507764	18.644293371198504	5.0	776.3163643810067	35.35462502651294	14.0	9.815097229218363
2365.9811631576554	11.689590341683521	5.0	19011.261310845293	18.596412613747077	5.0	810.6587224474242	34.51102380072849	14.0	13.33795307889952
2246.8552476179852	11.686813622005712	5.0	19553.729363957773	18.563230393656156	5.0	850.023863803663	34.21907010725553	14.0	15.116745638132478
2668.6210333916974	12.44374024696086	5.0	19228.088508967005	18.718596785638894	5.0	888.9581574241677	33.69438244810469	14.0	19.964965339577688
3520.1134073925455	13.48124672719011	5.0	18644.344452802587	18.97889016635475	5.0	959.8715392199645	32.70653178686503	14.0	31.38029690583814
2368.8795365304554	12.995303608144896	5.0	20064.008490023418	18.87026462106238	5.0	1058.9715665804829	31.60603109445296	14.0	36.5578566662331
2906.6907034191813	14.50190992197893	5.0	19485.92526784577	19.06032559726988	5.0	1102.813197760268	30.59974865560551	14.0	44.61362317818693
420.3883205079546	8.79457855188406	5.0	21637.49872298616	18.807591159880836	5.0	1177.3391269367603	30.25808504720548	14.0	38.10979143636889
374.9676081982213	4.07367845508739	5.0	21899.75026380478	18.90792756281911	5.0	944.1384884547675	34.2536685401516	14.0	19.153266523127332
402.72803297074677	3.372116558495598	5.0	21610.82172548236	18.952179859169718	5.0	843.9167048579469	36.124992740873395	14.0	8.417876605192621
412.56675853156406	2.9626261762773676	5.0	21205.348855185264	18.981836923593153	5.0	796.4863195565298	37.108431966625155	14.0	1.2376632310523001
371.65264972525114	2.687894005213342	5.0	21098.949121485726	18.89371653241968	5.0	787.2384277420718	36.71580053702293	14.0	3.3062132106619
334.92843870552565	2.063091517504333	5.0	21163.618694746587	18.84609618103482	5.0	828.6388840299873	35.35674776960473	14.0	6.004470951999315
320.782037007678	1.783791211499527	5.0	21464.676331047584	18.87371133849848	5.0	798.7633503961372	35.21816968377461	14.0	7.330052781348799
311.302077014328	1.6699245240142062	5.0	22139.814338972352	18.905986614816022	5.0	823.370622600748	34.99438317550093	14.0	7.82589424956208
291.92192805845616	1.6711420952877478	5.0	23097.0604250517	19.002614797479573	5.0	879.0335067138614	34.08112746553902	14.0	10.915478795489879
250.972237994516	0.9278493234214539	5.0	24235.62000955913	19.065859959701275	5.0	921.241471717463	34.0461580600789	14.0	4.286617047014016
240.62865352476882	0.932700302439709	5.0	25328.988701186645	19.214548379183377	5.0	907.8195752257062	34.953970836681826	14.0	-1.9291014925655696
244.57704328492267	1.362313110773724	5.0	25718.39323896153	19.313794408169475	5.0	931.0978874459098	34.33299128455421	14.0	0.33231032562603724
0.0	20.0	5.0	25824.124900643463	19.39097818784776	5.0	1089.2212050534501	30.42258472923529	14.0	28.14791581227401
0.0	20.0	5.0	26227.28019027693	19.37511788440027	5.0	1191.9252588959425	28.51329343092244	14.0	29.11447160807147
0.0	17.892302515507332	5.0	25999.7939386306	19.21009255878277	5.0	1329.8239963378862	27.103272707153916	14.0	24.721241204325747
0.0	20.0	5.0	25803.463948423527	19.07529116499958	5.0	1428.0336038795108	26.448435108086375	14.0	19.55469761546462
0.5277020351574162	20.0	5.0	25682.2210675464	18.9085315187518	5.0	1418.6854220982714	26.611528135079304	14.0	13.405839126455158
5513.541469073018	20.0	5.0	19362.40478583556	18.469871031379036	5.0	1307.6981392219777	26.693366310918687	14.0	17.511214877964075
1371.4910783944536	14.62897674365915	5.0	22680.708184784497	18.936857250996677	5.0	1166.2260902373148	26.81724386791231	14.0	22.43154709645805
1091.0410181255536	12.833363421446023	5.0	22674.95944142678	18.860365455677126	5.0	1016.5157589985946	27.68275895218982	14.0	26.271439749221805
1174.8814675031265	12.425578269811114	5.0	22537.231270531716	18.847105781671708	5.0	886.4646593987936	28.74068751185557	14.0	27.11335933840766
2071.3660561012925	13.197502516897693	5.0	21354.31966506005	18.970360156804357	5.0	802.1597980914169	29.89437136250744	14.0	28.75357289109717
2561.7091525209657	13.306706765382396	5.0	21054.51824678177	19.062364943339027	5.0	742.3688070625049	31.16245964370675	14.0	29.768556766082096
1329.7950654047008	10.354421999049714	5.0	23065.083038633747	18.85336993264227	5.0	662.2264821736552	33.75811777743897	14.0	21.97766257871066
1216.7531043556444	10.058884546721703	5.0	23244.606372382823	18.81592508721151	5.0	676.3571730796023	33.97813762195738	14.0	21.575945608534017
1252.11251507689	10.991620538202925	5.0	23359.927379507957	18.909650507947774	5.0	725.0908384738567	32.909400387811814	14.0	25.158248650821854
1163.1173357000157	9.91565866135762	5.0	23645.859597069306	19.191148418573466	5.0	713.0447491173475	34.26316747257357	14.0	17.280820704844025
1197.7773664806784	11.075220163431403	5.0	22534.728083104274	19.585198304562407	5.0	860.4180496815462	30.965995870810826	14.0	23.931762699950543
667.8454508581024	10.650095308133347	5.0	21500.56868636533	19.750872457925407	5.0	1025.8521266786129	28.355293997027758	14.0	26.846673306004572
626.897356720379	10.223210289742244	5.0	20264.75120323119	19.98284632853171	5.0	916.9873285181535	29.61518293801011	14.0	26.071181581569803
799.280275520715	11.66575276763126	5.0	18978.53264474803	20.146584120665672	5.0	808.0065486219944	31.125821396065657	14.0	28.588188972085085
437.1175535915873	8.11806532537431	5.0	18690.39789689806	19.94077900508436	5.0	746.2796256406233	33.292061143678275	14.0	19.77498606436974
318.31767952623187	6.825899285545218	5.0	18295.14021934931	19.794563369025344	5.0	708.2969257781134	34.09190594532449	14.0	15.483141312933473
245.40754281822822	4.992079134114431	5.0	18172.19302167018	19.71663150812371	5.0	649.5041872457315	35.198967062918896	14.0	11.19375684610889
173.04936410480897	2.3758451157668214	5.0	17688.224038900815	19.61152476444722	5.0	605.5283543549813	35.519671448370836	14.0	6.434214391852435
151.02159229493844	1.3504922100759813	5.0	17341.55818808891	19.5475014571468	5.0	529.7580453973329	36.14190388176562	14.0	5.503003720907757
173.46557838161644	0.9711903159275213	5.0	17552.313478500688	19.574635875974113	5.0	420.90543619059594	39.2187610128297	14.0	-2.654303140694746
161.74536023074575	0.46330424053287916	5.0	17505.72369610108	19.490688580264475	5.0	416.71108212744	38.81682312347979	14.0	-1.3960329643209135
163.51797843398126	1.6119658949597613	5.0	17450.897928900595	19.378350485362393	5.0	428.5267849444856	37.43334496208824	14.0	7.497558153969105
148.73829059790398	0.0	5.0	17802.492255201214	19.118660755721194	5.0	439.92745932101434	37.66987459347685	14.0	2.570312092888997
129.8505517371512	0.0	5.0	18531.106834906273	18.749033040601407	5.0	431.274485391602	40.0	14.0	-13.219456737747942
98.41786650117825	0.0	5.0	19071.818349741035	18.37295368959063	5.0	412.2282102219636	40.0	14.0	-19.208136707793372
72.88928035168944	0.0	5.0	19138.018003509347	18.024339759231193	5.0	415.48249549979914	40.0	14.0	-21.1653232952663
65.56354876309578	0.0	5.0	19069.45288592832	17.83846638836226	5.0	417.6744564154372	40.0	14.0	-22.906351426285745
40.68965376556202	0.0	5.0	19485.47180127053	17.755015053447867	5.0	373.36320179075676	40.0	14.0	-29.229943299579663
18.043715753633627	0.0	5.0	19403.70942929871	17.707729114723403	5.0	375.2273526820761	40.0	14.0	-29.043397005771425
48.02274524925018	0.0	5.0	18661.111653135322	17.857212808739682	5.0	405.08513847444334	40.0	14.0	-21.6567986580033
97.93449120280945	0.0	5.0	18252.224715365686	18.144912181806948	5.0	447.97912980421097	40.0	14.0	-15.125950035702202
124.27538933784571	0.0	5.0	17837.769788666144	18.498911777186724	5.0	537.3992463900324	36.95064064609945	14.0	-5.24253913567448
122.82081157012054	0.0	5.0	17017.26647986683	18.88311416211748	5.0	657.4481762685272	33.22692134338587	14.0	6.5219590899260975
0.0	0.0	5.0	15615.535660311272	19.268048201309874	5.0	1073.4659906998957	26.07676876379021	14.0	13.530791500874
0.0	0.0	5.0	14656.45727458083	19.63820483593283	5.0	1413.8603984050135	24.365698712146294	14.0	-1.5184874181488746
0.0	0.0	5.0	14070.533916261098	19.958524219327128	5.0	1612.8678782334985	23.73874216906328	14.0	-11.160953017675169
0.0	0.0	5.0	13633.978366988054	20.15776642854424	5.0	1813.273195284761	23.400874410130932	14.0	-20.492603975801796
0.0	0.0	5.0	13435.46943976446	20.392327561316915	5.0	1833.4292801822821	23.017672211227477	14.0	-20.270752452832784
0.0	0.0	5.0	13383.853242081046	20.484319258786595	5.0	1765.6379117654276	23.391818357666807	14.0	-17.190829667687716
12211.604816201398	20.0	5.0	2195.5042253170277	24.622608239218895	5.0	1212.3136623309292	23.87890161440702	14.0	13.027645866539832
10260.099556239287	20.0	5.0	4043.1068167627955	22.62036062726049	5.0	1149.3277853112215	24.27708520644507	14.0	13.93458739672778
742.2999596187582	15.210012284944595	5.0	13791.783769225112	20.733591005531682	5.0	998.7341953203185	26.591818658842385	14.0	13.228811380354426
539.1098084433007	12.03039239362071	5.0	14334.855451159101	20.45549891901645	5.0	800.3921335967341	28.81310560585978	14.0	17.947815483754106
522.8331206679587	12.23813197776877	5.0	14129.217971027449	20.166928840530204	5.0	794.9899746126315	28.438536719109273	14.0	18.648900656530333
367.47523327439444	10.184191602709317	5.0	14213.904876606797	19.77719730605535	5.0	762.6535529695417	29.30736002538979	14.0	16.976643849927658
277.97265622044307	8.281866145853288	5.0	14498.13007026414	19.37508889893526	5.0	724.3706246048531	30.051555975356536	14.0	16.876939786392885
126.30632132577625	5.142375696179516	5.0	14307.636673569934	18.940991450120418	5.0	827.3647138205035	28.083706720030104	14.0	15.307871349605032
157.93283013217223	18.584836021180575	5.0	13971.822193322063	18.585960664728308	5.0	911.9474808348751	25.670569846982847	14.0	19.185267485722147
3166.3419743262916	15.929804392364108	5.0	11849.738498684796	19.031323681439197	5.0	761.287917791531	27.437278097453287	14.0	22.12003490929529
1498.1837387472547	13.98223799801896	5.0	13988.540952458894	18.730409493079403	5.0	668.1597903249874	28.337983962054754	14.0	25.321736259851566
1884.728066964289	14.606943109940842	5.0	13880.29499731273	18.619554472741704	5.0	664.6355760803615	27.51408530165556	14.0	25.94524115771823
1260.4162776429387	13.54769852911706	5.0	14632.161287465542	18.504117234692302	5.0	641.8084887884395	27.340535713895935	14.0	26.557420570357703
3117.4523636556046	15.401889690141987	5.0	12347.595491090371	18.83192055442908	5.0	682.7562078811884	26.231718738580078	14.0	25.2226350746222
3925.5013285618984	15.399596768712025	5.0	11458.038417954374	19.011813615357617	5.0	660.2904038814029	27.113606255690875	14.0	24.776034029216788
6514.1008971320025	16.245809037886133	5.0	8526.032050154074	19.47145827025408	5.0	700.8692770472207	26.397209186495473	14.0	27.656529668247746
8794.946768536669	16.440872697774875	5.0	6114.25525109219	20.026811073575782	5.0	653.7038151945706	27.375744813200164	14.0	26.236940553036607
9119.06866949355	16.530842479915158	5.0	5479.53175937298	19.399437108082957	5.0	691.2516831966049	26.994129006991315	14.0	22.699956637660655
12584.333037777986	16.869709367314957	5.0	1807.251423601728	20.548516336624793	5.0	675.2354982579379	27.29066771002924	14.0	24.514070544932487
11737.98656394325	16.47986582914096	5.0	2523.2930499281856	20.10071223901607	5.0	649.3237039006013	27.501271859015333	14.0	24.117327009063086
10443.500958996303	16.051767726872395	5.0	3557.6490331896844	19.550055961602588	5.0	637.0430246209313	27.345011087378804	14.0	23.892651909329732
10909.773508880957	15.91738891652255	5.0	2742.4247307715996	20.561775427918192	5.0	610.8919698028318	27.69096479911598	14.0	24.535737199988496
10284.707242435854	15.69190484467777	5.0	3037.025383314978	20.99386353820428	5.0	595.3641758641368	28.068138421318018	14.0	24.32291402999335
9670.468180147447	15.688440845322884	5.0	3211.986790462647	21.19236230717957	5.0	615.3994918814495	27.2405546132905	14.0	23.942081666633175
8219.687347622155	15.390927410025734	5.0	4320.84285242206	20.769782831281585	5.0	604.0046398392656	27.873438779626625	14.0	23.056176051266682
7725.148042072527	15.390386262947455	5.0	4369.7810686220955	20.69161785970671	5.0	614.475214223521	28.17068794098919	14.0	19.93369642552269
7209.206197160091	15.436319243155115	5.0	4499.271056975513	20.555170561902568	5.0	656.8214434454203	27.475632497414395	14.0	18.353494728113244
5613.876358940153	14.870964202882224	5.0	5785.008097664022	20.147290136893243	5.0	694.9282155989365	27.177815198910565	14.0	16.45220965354064
5723.834565942916	15.086889538037166	5.0	5437.32756621655	20.414232625777473	5.0	694.2022383085159	26.916431909981146	14.0	17.017728000002244
5557.084843780428	14.987344097090967	5.0	5583.97805687368	20.408126408470167	5.0	586.3672937435788	28.47113315896599	14.0	18.14629404623289
4733.764069308095	14.548642637229952	5.0	6383.63115714077	20.023206845500436	5.0	495.3390906879441	29.318511553274107	14.0	18.74961900603273
3630.7200573305063	14.084149706335838	5.0	7116.956173266492	19.381226830596763	5.0	487.7567404383674	28.69444310671851	14.0	19.206483510310594
3344.745746383341	14.164583394821566	5.0	6770.015836229103	18.886961700497487	5.0	516.9987170648013	26.700333550848853	14.0	18.474366810395413
3708.5196349269745	14.588194927012866	5.0	5929.957202643308	18.660072847951515	5.0	522.4122974162041	25.528733213139873	14.0	18.019977351183883
3815.83031177473	14.76409125544041	5.0	5194.752253431034	18.406635510438786	5.0	537.7636961276072	23.934897649594333	14.0	17.635026764679637
4399.729938707813	14.946941498751752	5.0	3995.0767224944184	18.506154005780015	5.0	543.0858430282959	23.113044290380156	14.0	16.132058123068138
4935.565997260394	15.24011989583612	5.0	2752.8596459454197	18.873582766222466	5.0	537.7158836704182	22.62069531699483	14.0	15.777119581920978
5284.964989422403	15.499625088405224	5.0	1795.110959019274	19.009734005702704	5.0	537.1741446394991	22.09750503384996	14.0	14.32555581048414
5554.472176135574	15.759812304143793	5.0	1049.9263474126565	19.23053348652533	5.0	562.9362804398038	21.518125632164395	14.0	15.812131340525168
2809.8050384650655	14.656069277596199	5.0	3473.4877222492064	17.683881706724623	5.0	518.893243313176	21.599287158768092	14.0	13.941417848239698
1635.5751083363402	13.407135521748272	5.0	4395.780057797606	17.461990452785358	5.0	459.71893221766175	21.723022571504227	14.0	17.700633769281943
1199.1932604839394	12.958734998427396	5.0	4655.323873394605	17.240955831942067	5.0	490.35661886507995	21.433356842202844	14.0	16.539543574084263
1387.9112385766114	12.73085609405015	5.0	4549.072842393618	17.682819730642652	5.0	443.4030867100985	22.425502648687218	14.0	19.072105787276975
1514.1783489444128	12.951367169972047	5.0	4343.943538842159	18.254613010851244	5.0	469.38134211568024	22.21863065019172	14.0	18.798379118244597
1632.7733325158945	13.403971559484763	5.0	4170.430073681933	18.79985147240654	5.0	522.939728781371	21.61881580714971	14.0	18.25886766514122
1654.1479398753984	13.542517504812135	5.0	4137.09713837831	19.35678703576625	5.0	519.5633531347112	21.993092230144356	14.0	17.72612308847775
1601.6855394438571	13.894287220485191	5.0	4062.155260554964	19.823468642764524	5.0	575.8387042761424	22.12460112302415	14.0	15.027939373138718
1713.7590803398496	14.350140597563456	5.0	3730.8348045917023	20.414218298424835	5.0	622.5676791103958	22.60955760758517	14.0	14.148727189421624
1615.3197283132401	14.383035580752619	5.0	3621.4523511039624	20.65153350348444	5.0	674.4277056753275	23.26364963935628	14.0	12.08333375356108
1530.4071143586211	14.44374644106873	5.0	3532.3265400705172	20.805669165541094	5.0	728.6992323521769	23.371013165534123	14.0	12.36568424824303
1527.644802288309	14.016440981453835	5.0	3453.043228511921	21.046822853135254	5.0	681.5209817821982	23.83059573464872	14.0	15.105154443764565
1636.1564341640685	13.901247388880117	5.0	3412.889194631054	21.328725970252435	5.0	591.848145061082	24.092873224498017	14.0	18.449367062289056
1412.6793395677246	13.267578397863716	5.0	3475.726846650263	21.191312188991922	5.0	543.6199681779642	24.74443969757161	14.0	19.22122870454673
1312.8305599143453	13.29994947153238	5.0	3304.664738307737	21.361127404671027	5.0	514.9986130740399	23.922358242095882	14.0	19.835795216691658
1332.5979115358216	13.644207400994029	5.0	3072.2008073998727	21.493180593068015	5.0	511.7283608977815	23.477888492158023	14.0	17.78686695919389
1216.4134656609801	13.302322620883618	5.0	2963.792694313998	21.29691371755954	5.0	487.1170933637081	24.586351565607778	14.0	15.635122411733857
1117.3233044953008	13.396131658944443	5.0	2797.936490218888	21.086095080305178	5.0	482.83920885139037	23.941329433228194	14.0	14.304724156184175
1091.840364654854	13.463857343947996	5.0	2611.0313056700456	20.8812035325269	5.0	481.38526392882113	24.08454670636371	14.0	12.880822039338021
962.7907521837785	13.259569481044979	5.0	2545.860715121905	20.754409117500785	5.0	469.9660203946676	24.349906270739275	14.0	11.159852413476862
897.6284222226465	13.08676110807572	5.0	2410.752709226226	20.597887613135395	5.0	462.8386742934198	24.408862313066262	14.0	10.045990576442149
858.1757122395765	12.94745277719787	5.0	2305.2233659957474	20.570235253367073	5.0	475.5642298346101	24.410732519084778	14.0	9.176375941294905
871.8296031881604	12.990113044795216	5.0	2195.877137228546	20.993951660669904	5.0	442.2807605834957	24.346683943365303	14.0	11.838369068080581
946.1801387377019	13.248529660468078	5.0	2130.8069273507667	21.240440589762983	5.0	411.0217659525012	24.84774624240292	14.0	13.112730439203988
1021.7122550569075	13.963854467486568	5.0	1941.9507286941994	21.454049596580965	5.0	446.18725405450556	24.11935170265559	14.0	10.786764213306967
943.5583019671302	13.851226084433002	5.0	1866.2668973041493	21.407091725260827	5.0	480.73352983698476	23.726316072559825	14.0	12.212074338056
1184.8084491424481	14.550194201924883	5.0	1620.0491871558872	22.22043535514757	5.0	470.32100295170994	23.740256204979794	14.0	12.516645950968089
1170.6879702451704	14.337362892201966	5.0	1587.2031072543375	22.283349096968134	5.0	464.74303631195994	24.271658752961375	14.0	11.985183636615327
976.5195076483456	13.540439339054224	5.0	1598.81993725345	21.50298169482066	5.0	487.75192117877435	24.719524024873273	14.0	12.070033951947247
1115.695823390762	13.919827081649018	5.0	1387.874659680412	21.992141045264418	5.0	464.45240822883466	24.962964130808032	14.0	11.759793153695163
1126.3817100820015	13.931957683670696	5.0	1266.770405496112	21.769939895729706	5.0	488.9835786754233	24.65012562665388	14.0	11.357218891392089
1199.3747306234295	13.618708365038815	5.0	1342.5063175338894	21.916126948050938	5.0	438.00290269865593	24.969143448376855	14.0	13.813971182771136
1274.4065632527718	13.779226604905222	5.0	1323.6083010750624	21.92935187174766	5.0	470.64748784248036	24.486326512023417	14.0	13.77372878171103
1251.3982188807179	13.924641165707909	5.0	1324.222505668541	21.739787848084404	5.0	520.0771468027856	23.384470065188957	14.0	14.346100616989208
1278.7527804529811	13.831148094978841	5.0	1316.7388249500443	21.611833134888002	5.0	541.646654343079	23.228859191093044	14.0	12.662230791689334
1424.4632011376184	13.823461638162087	5.0	1245.265386931769	21.97139263185579	5.0	583.6728313587182	23.271418823872622	14.0	8.804290730643633
1473.995009243806	14.310892746303912	5.0	1116.647801923085	22.363555472755458	5.0	682.9601256431965	22.685503929272627	14.0	4.474839715275722
1529.8299292097038	14.454180774625943	5.0	1121.4538813621011	22.15375288653973	5.0	743.6596160207117	22.52649567842988	14.0	4.378467013152979
1462.9699611074373	13.83960040607942	5.0	1319.657359101267	21.60641927906202	5.0	752.5113841771413	22.861939202435867	14.0	3.7856957850230977
1594.0484830288174	13.82754080772302	5.0	1278.171714673003	21.9691372020287	5.0	805.113684022956	22.629738783082413	14.0	3.5613839249756074
1708.0241698922043	13.567017624094316	5.0	1184.073224774637	21.817108000026476	5.0	847.658303681737	22.456557552138314	14.0	4.19033351117575
1710.3359807874865	13.287087013871847	5.0	1180.932139787619	21.239869946131083	5.0	861.4819256505846	22.451370917089466	14.0	5.079156097792562
1608.1190675535895	12.766897915952233	5.0	1258.2456261531474	20.44942055905158	5.0	887.6663553850939	22.09187459314361	14.0	4.948549330846747
1628.6812352029808	12.772114168929045	5.0	1237.5322014638298	20.381999170406477	5.0	952.0494805115087	21.31481277492133	14.0	4.778673102845553
1690.755031830189	12.84797742034923	5.0	1262.6541463961667	21.20965620936453	5.0	934.6723534987348	20.60836044985355	14.0	8.891494975379308
1712.2256590145653	12.714786239451719	5.0	1433.3180556172374	21.533268700013007	5.0	930.0282241091461	20.461441226637415	14.0	8.507632810671165
1628.2671554623548	12.055536512207025	5.0	1794.0308891404513	20.980113779648818	5.0	872.8561227244073	20.73152286924624	14.0	8.374564735911065
1686.6117387227862	12.36428395319621	5.0	1751.2396091225337	21.700010671372276	5.0	907.482377268392	19.913012738257052	14.0	6.910193378552461
1726.9162765592214	12.502102848945977	5.0	1837.6561846663724	22.250892522657853	5.0	917.1273354948921	19.535949267508773	14.0	6.833263930294956
1804.2473064839398	12.764022146246257	5.0	1876.926408866294	22.80557072317522	5.0	916.9251128958647	19.440461520437264	14.0	7.148505458906009
1943.0304588072909	12.92563342542309	5.0	1980.7510582346881	23.275911312413346	5.0	910.3336110388084	19.182133597726605	14.0	6.728733515431891
2037.979836471104	13.103320512084455	5.0	2072.9474052187347	23.632324253400373	5.0	910.4369210376017	18.866560158647143	14.0	9.629230109989809
2134.0822758767026	12.875996358105438	5.0	2146.3062724086644	23.51334521117131	5.0	880.8817366827453	18.956398190993898	14.0	11.721135088111557
2035.8811413299613	12.327472306872773	5.0	2053.0583940161755	23.359349319149	5.0	938.0089849692382	18.903882325817683	14.0	8.788848536701684
1918.4790650722005	12.097160220507146	5.0	1763.8133367127973	23.29819777268894	5.0	1001.2807740204034	18.31906571847735	14.0	6.81286100951075
1942.2293394372844	12.246810779120782	5.0	1465.6655771514095	23.41643652321901	5.0	993.1105261659583	17.86593105528812	14.0	6.541341126403511
1907.105297980065	12.110467061065938	5.0	1326.6100124385143	23.187081221275335	5.0	976.5376633810903	17.808272199148416	14.0	4.4977839904702535
1926.5071975005646	12.076163387223136	5.0	1117.246940947967	22.57823945046626	5.0	994.4913660858995	17.98212847727816	14.0	2.9166912830476694
1894.7887188678833	12.379177413783536	5.0	934.8884927517295	22.691160148604133	5.0	1018.8155926126477	18.172649135840658	14.0	2.4427580882303253
1874.7332025343228	12.584875838712906	5.0	954.8616127817194	21.988028287791412	5.0	1027.821427573679	18.71995833542788	14.0	3.3302272164880398
1864.2063789351987	12.629835922448965	5.0	925.2660020761713	22.15931929495633	5.0	1073.3412017229934	19.13326890439453	14.0	4.1729478631758266
1689.1982390714145	12.498635308960319	5.0	1031.061184018455	22.54543157361321	5.0	1111.8159379382591	19.21956500442016	14.0	4.674912835191015
1670.6143110270627	12.460909169738136	5.0	1132.7255965207878	22.549222526247238	5.0	1180.4742091219318	19.45035984759426	14.0	3.774671714041919
1668.2653648657124	12.109609831309676	5.0	1279.841593329427	22.674286587316125	5.0	1199.035331861442	19.659234269048824	14.0	2.9347021430832725
1644.658991431857	12.308300027111306	5.0	1565.1717045800222	22.708050947185836	5.0	1228.8773455974701	19.072196443803787	14.0	1.5250597820211238
1870.4059452921983	12.831357822942927	5.0	1733.5405438646242	22.851281248991718	5.0	1220.963726445505	19.02458103581431	14.0	0.45413750254104457
2130.115264161313	13.277176977240416	5.0	2056.393910040247	23.005676231126632	5.0	1120.7808105642805	18.998435124265335	14.0	2.1011562392644603
1884.2156392747138	13.550070597020278	5.0	2393.5557158480237	22.237945873491125	5.0	1140.1420122620345	19.14788020080868	14.0	-3.085922822720018
1789.1118515521382	14.244089326109544	5.0	2464.8062135549703	22.33144021105767	5.0	1102.923989897231	18.78915343064293	14.0	-2.8684542101644577
1680.5803638876023	14.33712029789889	5.0	2610.095746275027	22.530431510232837	5.0	1010.7111899238253	18.529854597214474	14.0	1.6200421291343154
1473.3605673261154	13.888623343490556	5.0	2652.4492442397523	22.569476148972196	5.0	948.1608707528303	19.180728756933636	14.0	2.851655760284266
1366.5911525924237	14.2825032285144	5.0	2363.787306350509	22.575014619414933	5.0	1006.8539783705684	18.996572873597714	14.0	0.11616351872654306
1065.6440623648616	13.26647858371936	5.0	2356.477502556817	22.047825665553813	5.0	1019.2754991674204	19.03720852570551	14.0	0.180816362556853
1010.0475224730584	12.914337699101118	5.0	2194.9226066333254	22.194995868133187	5.0	984.1965996037793	18.97680057332387	14.0	-1.3636904089977477
957.2929918931306	12.823471058402735	5.0	2034.417258583399	22.29970144042402	5.0	1000.2122267506645	19.01190627654155	14.0	0.6178741960556655
763.3484342152865	12.481352611336654	5.0	1942.052563650935	21.61856723157882	5.0	1017.3291924303919	19.48082764200749	14.0	-0.8694544879978056
667.3519672864408	11.78894079427857	5.0	1798.6110874015806	21.247750764256267	5.0	994.4075241661069	19.536663544037346	14.0	0.09307188206299014
512.521416865468	9.796532596659532	5.0	1743.4772698283202	20.38329410979497	5.0	1034.5511188465255	20.12885657233783	14.0	-0.3074391926932509
544.2182032996002	10.547570302487578	5.0	1576.607663771167	20.807183452989616	5.0	1084.0627846818609	19.86909739775281	14.0	-1.840865161443208
589.7185841607115	9.405562403365241	5.0	1673.8757844003949	20.73574861170955	5.0	1013.2901564370454	20.379693195187272	14.0	0.4897612585123581
577.7437181237217	10.253340878192558	5.0	1676.3429672709942	20.299348861882024	5.0	1014.1249621586784	20.235035674908048	14.0	-0.34475094843828485
678.3206675035702	10.949016360754982	5.0	1650.1046380267533	20.55222823362613	5.0	979.4213697546488	20.10128319659311	14.0	1.2002478587244594
647.6886899150653	11.208389188520336	5.0	1601.5634790787917	20.585490506680316	5.0	980.3182229738187	19.864229352561438	14.0	1.1958515874658286
576.6303820561767	9.602671542687654	5.0	1778.4957670827096	19.9006145865993	5.0	958.541589992091	20.515486763782885	14.0	0.3305984897069687
658.3614613105486	9.65511095857403	5.0	1734.4385046141952	19.907939250974948	5.0	938.4592449629574	20.700001799964973	14.0	-1.7142915706807265
672.5007914010189	10.546144353494672	5.0	1522.5688928230036	20.383293078056415	5.0	944.914667088583	20.656343317988586	14.0	0.023565295327928667
615.449928887003	10.288287553957591	5.0	1467.9282121749309	20.307091815146425	5.0	914.9357485736662	20.571435759186514	14.0	0.30659718526599194
606.8779042489139	9.880580719658715	5.0	1316.3764843287506	20.304753879002682	5.0	864.9547409358786	20.705303443239128	14.0	2.260936063330849
594.246396257888	10.281222996452186	5.0	1234.6710580662952	20.88056191445981	5.0	859.9407841561407	20.63102217339545	14.0	0.7102307109889759
644.2947319651671	10.693362466272644	5.0	1177.9931698223124	21.178636467541775	5.0	829.2890489892417	20.328605652153392	14.0	3.0693388942122097
565.2922754355935	10.049517730961695	5.0	1205.873275036577	20.87986603884721	5.0	822.2416445214855	20.182718302787492	14.0	2.7547209651341347
