amplitude_0	mean_0	stddev_0	amplitude_1	mean_1	stddev_1	amplitude_2	mean_2	stddev_2	amplitude_3
400.7985141964894	14.29999166717508	5.0	527.821596657231	22.359698485190314	5.0	295.5445112138376	19.546482080061054	14.0	0.8881338559905552
276.23300927730884	11.697928125257796	5.0	699.722526379628	21.409614440565534	5.0	270.8750311396099	20.717131910617827	14.0	2.2748544827090043
170.11691918034563	10.36230063785117	5.0	712.4790794878504	20.494741242338055	5.0	306.15004849656486	20.079060615157562	14.0	-1.3153043138751601
260.48666076855	12.380071767598418	5.0	665.0361729555303	21.401286092104588	5.0	292.03774297453515	19.73248092518055	14.0	-2.335957596925192
240.14428120763267	11.721569049932585	5.0	658.7212315316796	21.423412606698168	5.0	284.3670858871683	20.000664524430942	14.0	-2.0547543604646283
276.25827658954915	10.87285965667893	5.0	707.7189484800108	21.151712038724114	5.0	264.5389619935828	20.69388655780094	14.0	-2.7951195371102244
252.20582357816167	10.652410133202938	5.0	682.3097946059166	21.334460870279177	5.0	269.30863095558976	20.012561029763894	14.0	0.38987072137874207
288.90459270913414	11.373673017472646	5.0	663.0687452931218	21.553087072023448	5.0	258.1808386736517	20.421208232823304	14.0	0.9270631160719627
280.50071586177137	12.31421058241226	5.0	582.2171651169955	21.362268509165563	5.0	321.3580777038154	19.9548483244005	14.0	-1.2270014089416081
264.8879452028306	12.99864146883568	5.0	657.6766157981892	21.507873669573602	5.0	291.4254361883003	19.73024032940424	14.0	-0.21968283720473145
307.2241856443658	12.671080306058256	5.0	592.7378268885514	21.333107133221727	5.0	274.5658224939265	20.0295800736079	14.0	-0.3081227648038633
235.747847444818	10.268052400725523	5.0	695.704867024995	20.76049977720159	5.0	271.7785407657589	20.392913227418052	14.0	-0.3523565592608692
279.35265170662666	11.937433015585766	5.0	568.9871833191589	21.289741947492008	5.0	273.501016047819	20.44456777744667	14.0	0.051721812082097966
245.59008646891087	11.62551615580598	5.0	658.1375881728148	21.145596477878254	5.0	272.2671776460679	20.49471328768234	14.0	-3.311931015758328
288.64105879474806	10.395494839968862	5.0	665.8415583051378	21.083084947805204	5.0	237.2435800124732	22.347761544256205	14.0	-0.831870084955903
323.11245152101924	11.908882813178048	5.0	636.674681040738	21.57609036709068	5.0	241.0196316071215	20.81540494139317	14.0	0.256181621966911
292.9273621723419	10.257840257654696	5.0	724.7844914686143	21.06422586739265	5.0	226.2263423231999	21.319754566645006	14.0	0.05291837651380987
318.84365222189956	10.352766998087542	5.0	723.7100154662943	21.044079994104905	5.0	211.31718294423567	22.286022849457094	14.0	0.983571522783355
233.36548909285443	9.881843517676188	5.0	733.9510763340113	20.490602822782815	5.0	220.65907569938256	21.08179698963347	14.0	1.9524338262160517
310.3203922094206	10.059960103780611	5.0	754.4974615512749	20.865198660541925	5.0	213.92999194607052	21.2971415163385	14.0	1.0622947740272888
251.28189983659036	10.383738174238577	5.0	793.6913019109293	20.28937542180305	5.0	248.06022571455063	20.798937072256017	14.0	-1.934641557968211
324.04035001015137	11.573301094852377	5.0	703.1816729261863	20.432190682737463	5.0	238.61829244338026	20.44237519107706	14.0	-1.1013416177444415
272.4032930656516	10.607169418284272	5.0	754.4275752332628	20.074193484704793	5.0	228.76486266755097	20.53894402793793	14.0	0.4057708146751364
212.0996462028241	9.684907724965777	5.0	750.7508091559665	19.46114274149673	5.0	238.25584890711954	21.436722974540864	14.0	0.9707297917059204
286.73158248875853	11.928201839284446	5.0	756.847528072884	19.999838098658604	5.0	255.07859995909482	20.260745855667246	14.0	-0.31574435085260594
348.54465187697394	10.665487919282883	5.0	859.5742041276073	19.61769629622715	5.0	186.1021298361795	24.102386934427955	14.0	3.3419568393581884
240.2104438853992	11.581676417683152	5.0	820.5121844081967	19.046583044924034	5.0	265.06921764389176	21.124331528012874	14.0	1.2770154533662155
149.24147226895462	8.76913565579792	5.0	953.7705476435995	18.12708337039975	5.0	241.33759652055969	22.700060725085724	14.0	-0.8907081838892181
155.31759624457143	7.66536984461811	5.0	1017.2077836629607	18.10460898776845	5.0	203.36920115874142	24.114185603911892	14.0	1.0003962274860452
151.50921611740662	8.007775145678153	5.0	978.9313300188288	18.23478655782161	5.0	226.7790712754086	23.55232377872101	14.0	0.8440039693678512
80.67659409880179	5.16847242775544	5.0	966.4907426478863	17.70987014163487	5.0	249.57673192049555	22.815215684140345	14.0	-0.9526977443307179
119.49486679772284	6.949400673978965	5.0	979.2372736495645	18.055619567102262	5.0	218.33148833171964	23.781435599102725	14.0	1.0544145641545224
869.9237194471191	17.474070357093115	5.0	52.3471969597774	26.658986463998275	5.0	284.0054450330498	19.864079066156776	14.0	-1.0332940835859872
451.99459287756054	15.462833260855092	5.0	447.74233714113006	19.740653836138797	5.0	259.5703686857824	20.62222476831165	14.0	-0.7919943581308849
766.9093622332863	16.864411879846195	5.0	101.02958873834277	24.450913060095782	5.0	272.9375198073665	20.607947808947156	14.0	-0.9110676147575681
735.708748743038	16.81471890298044	5.0	100.26284935726757	24.257671551771594	5.0	261.88751584165897	20.31841683336592	14.0	0.018245381792737502
724.2279189908834	16.88652251583349	5.0	93.9355977059781	24.34818199015184	5.0	283.8747134779003	20.2840390593862	14.0	-1.0349748971429027
660.743095295248	16.291006392540087	5.0	201.48024696990024	22.775521923295724	5.0	272.65561039514625	20.616391342892225	14.0	-1.9386976904576625
654.1584022026597	16.341909123566094	5.0	244.90841301038157	22.761940235029748	5.0	260.9317263768859	20.231998483276808	14.0	0.14307198780293057
124.6812090926086	10.12837280809882	5.0	748.8040339775368	18.3411486133653	5.0	280.5263925840688	22.175636996251818	14.0	-1.6146727739663633
110.72447630665403	9.821165071950237	5.0	784.6611873788777	18.267408532691707	5.0	295.9720572994295	22.433762906242002	14.0	-1.0449868370959816
151.15511106583529	10.159252615748407	5.0	792.3288598673224	18.81879374012391	5.0	266.563190264956	23.2004203975709	14.0	-0.05734126851917678
189.16010403757005	9.926246650261493	5.0	793.4796398531062	19.1363857931039	5.0	236.89345050416787	23.145627313448422	14.0	-1.110977239870343
147.52582085803448	9.315797145653741	5.0	738.0169080067718	18.965019582240302	5.0	251.51604715361162	22.985259402926356	14.0	-0.6607339445931466
208.8226841608298	11.267447358148688	5.0	683.349946577593	19.24727846729955	5.0	241.78028664722788	23.253998698553758	14.0	-0.2983050641322528
230.24834161442118	11.186213524212695	5.0	633.4414609068599	19.40195850814035	5.0	234.7093564404491	22.735159521335248	14.0	0.09481197006688824
183.4721679706532	10.003721872003368	5.0	656.990839239822	19.024100089572574	5.0	241.4929090666803	23.175825033041125	14.0	-0.02138854789640827
220.36948012583383	10.00188766227082	5.0	668.3189922413484	19.520059069720627	5.0	207.4455401770363	23.999581716446503	14.0	0.08339241720999939
186.27051008142084	9.634006024228707	5.0	648.7378941357798	19.243499299296783	5.0	240.02689000305932	23.457500654652275	14.0	-0.22660693212995248
198.18306350784908	10.484536803135626	5.0	680.1169134133343	19.39503618922715	5.0	238.63655384926633	23.146195882412528	14.0	0.43395563130166004
198.37086547807345	11.191893184838829	5.0	649.1768594408502	19.37879717096363	5.0	245.7949890854499	22.126782831077225	14.0	-0.08482629353630008
208.7307334601104	10.513045084322686	5.0	687.1187355002343	18.91291130996787	5.0	263.19621623090853	22.61245398594508	14.0	-0.6721647599638506
344.00096606321847	13.33916042510725	5.0	545.301754394991	19.85665301137674	5.0	265.7825859307714	21.376773333961815	14.0	-0.8399648060698285
330.50662122619843	12.06779897940688	5.0	666.9788397390591	19.23919709475321	5.0	263.3058129763483	22.955150324136163	14.0	0.9350074009038756
383.73921682581204	13.871496912835925	5.0	568.3278662020648	19.11602895738998	5.0	289.77868464520407	22.484085238531705	14.0	0.011345906077649912
736.0182832316731	14.936093656868206	5.0	327.94902355946095	21.254144559798632	5.0	280.65361646791206	22.41805603558211	14.0	0.5529251833909129
940.7128011975996	15.347392692332471	5.0	282.00942918863956	22.545559337655355	5.0	264.9458254511072	21.92871699553137	14.0	2.34219215801264
1125.7882609849405	15.584350046736429	5.0	193.97871647083795	23.594422068863345	5.0	272.632132758328	22.7495213031757	14.0	3.2733666306786815
1293.4322374183196	15.906966967810993	5.0	118.29040761654176	24.896438689735778	5.0	293.9641986959018	22.510110597433158	14.0	3.5480000877178743
1360.581900032822	15.756017858166503	5.0	121.07393935269795	24.759658956640013	5.0	292.77542400766276	22.316145335342103	14.0	2.011409494640093
1351.877586336189	15.453524592401852	5.0	179.98360412276023	24.390689557850283	5.0	284.52173069225347	22.563687189357857	14.0	3.0730958938150046
1347.1237218044098	15.567441075640469	5.0	180.25669200582192	23.93387341245076	5.0	268.00966454127916	23.707286178167973	14.0	3.598937958004052
1226.314820551497	15.496204771208953	5.0	187.27903302544175	24.497003947838543	5.0	266.81597227764394	23.877735297883746	14.0	4.195901202345393
1144.7413562797783	15.203436883904981	5.0	199.7247462185163	23.139654952307957	5.0	289.1363409580748	23.575403390703414	14.0	4.040502408849679
928.351000409271	15.195131727133727	5.0	274.9173582037775	21.91931723939429	5.0	308.74720457074017	23.334852134227873	14.0	1.4928394998785608
848.2392180486602	14.861512034955593	5.0	306.90153770262384	21.897859430327077	5.0	327.55903123132134	23.95046016059098	14.0	1.3069200523489055
836.5304755574522	14.826062990634178	5.0	313.7839735215981	22.396066941596274	5.0	338.6815461737034	23.64526759170356	14.0	2.05695291196379
857.5309792950023	15.241531041776117	5.0	279.82234276864625	23.288362627442975	5.0	384.2251998669601	23.589343659700305	14.0	0.9611458465940954
719.7824774669318	14.737474002457637	5.0	352.99274172990556	21.198277305698845	5.0	444.9352518203019	23.92498054193976	14.0	-0.4341273763801508
820.4647199945144	15.517894508186446	5.0	343.89160033711624	21.938825535736335	5.0	438.43662852477075	24.270120596971847	14.0	1.8196703076325869
977.3808738250807	15.946914753910518	5.0	208.8970145377023	23.44756540115537	5.0	415.87821313937235	24.27318156227225	14.0	0.6112191909021131
1050.0556290321117	16.418060389943395	5.0	186.74497387814765	22.342254132031414	5.0	428.09681696731354	23.26559472253855	14.0	-0.155778485306219
1214.0847645276026	16.875194082337533	5.0	68.5951352017068	28.48261828529944	5.0	423.7693367793861	23.11559441789162	14.0	0.0652303296953586
1382.5348157109954	16.470476213950814	5.0	122.5831479806788	25.148451472434395	5.0	371.5360200571359	23.314855547184774	14.0	1.7862623639397992
1509.6986005816286	16.542730660892413	5.0	104.53185905457238	27.28440498814266	5.0	392.0000576856712	23.03789482121534	14.0	0.7774985087543851
1545.4335116448717	16.71728736728136	5.0	90.35515627740783	26.70433845501253	5.0	394.49883548970234	21.7842594881097	14.0	0.691835646850368
1462.02766178746	16.343372614418286	5.0	214.41406942464005	24.24794553394944	5.0	364.2878181217903	22.106905916930444	14.0	-0.18985876936224913
1444.2822344678402	16.61906486035384	5.0	103.22978176966343	25.49547953729101	5.0	398.7334518700729	22.00363533865922	14.0	0.14205212882726587
695.2402814515997	14.77361842606521	5.0	788.3269254515524	19.145813098152654	5.0	393.9383000912134	23.187062593613067	14.0	-0.554252548451577
1087.8168916050442	16.03741758474689	5.0	444.95174132885626	20.527192395814627	5.0	415.3621934018651	23.26595921020707	14.0	0.5329764991186616
1373.8725970493567	17.157637768487056	5.0	151.1460680319319	24.823051832225747	5.0	434.38236490798016	21.824761800511673	14.0	-0.9534950879381976
1447.1749328167155	16.667529414595244	5.0	261.9097932258023	23.677869689766023	5.0	408.4889789976165	22.90974446564482	14.0	0.9944543718582486
1556.9881243063696	16.77353595194437	5.0	250.84175567669766	23.870674630358508	5.0	420.7538411639296	21.922174902118805	14.0	-0.252817627246838
1621.3451637912028	16.755853363425533	5.0	298.2102681898059	23.625407983457773	5.0	411.3459563744468	22.70717780310038	14.0	2.2655054743756557
1733.530316634382	16.322909562268354	5.0	317.8804647682703	23.805140639945737	5.0	426.29395347828415	22.56553370115209	14.0	1.2780693065261366
1911.3862896883534	16.637513233078995	5.0	244.1454324450351	24.173657993976946	5.0	472.6671943404366	22.946426779768707	14.0	0.3592751742653792
1701.7727852537455	16.37244845961884	5.0	565.3346724413024	19.801052971728243	5.0	486.25239077452017	23.061189767986427	14.0	2.7468779218297916
2182.657750431326	16.94310800888877	5.0	86.52432779868856	26.995970746889174	5.0	478.55126302824567	23.315274915946528	14.0	3.9370971744702308
2144.2767725800327	17.047669611397573	5.0	62.28870264071589	25.383345098714088	5.0	538.2090464618102	23.633497350838912	14.0	1.6000040134819213
2126.1121309628475	17.186088557708477	5.0	90.88050674790213	29.03658962333399	5.0	523.5703458707351	24.163304558103864	14.0	2.8540728288766193
2197.2005498074623	17.376655140791627	5.0	164.6026993261998	28.716163254797724	5.0	517.0547129255748	24.46395042543025	14.0	5.5345534651663675
2218.026220789218	17.682040205065256	5.0	113.69912408158049	29.438656937947147	5.0	558.0485841745567	24.498300653632448	14.0	3.134900951171518
2447.625191818067	17.55421952732724	5.0	140.49627591755387	29.93540551819713	5.0	517.070321709782	25.12845907359844	14.0	4.665086254694195
2770.1842398330946	17.538987691164355	5.0	221.52372693905417	31.23775594735778	5.0	449.6880219257608	25.497043072857526	14.0	7.4551075598284084
2940.5430635168555	17.65763532362355	5.0	240.3555181358511	31.792745330447513	5.0	464.0690731990457	25.931069246073346	14.0	6.975422741795464
3127.941404249401	17.759643983176076	5.0	175.99195698216528	31.802558935898162	5.0	531.959720754808	25.793328767658785	14.0	5.632281679247745
3179.436824702877	17.75850334698515	5.0	0.0	19.192123384118723	5.0	699.2450878772697	25.89902959281694	14.0	-0.9629149593754982
3485.8083583137955	17.775880794975198	5.0	0.0	19.192123384118723	5.0	663.3374475975068	26.870020468095348	14.0	1.315053179643344
3717.869104817625	17.73224236246142	5.0	0.0	19.192123384118723	5.0	680.0827492462107	26.629747574508556	14.0	-0.019326532016512393
3880.657235263514	17.605717568772132	5.0	0.0	19.192123384118723	5.0	696.5066379453596	25.99403072442785	14.0	0.46641698037683693
4227.0587669782235	17.600357167309458	5.0	145.56003569717046	31.966264409575118	5.0	597.2709759902667	25.26106814936957	14.0	8.843400911581822
4545.189586253001	17.479044564661198	5.0	110.7729521090806	31.666379016254442	5.0	606.7449811108434	24.94286067289091	14.0	10.335520995297829
4936.3605497949875	17.277258745550615	5.0	44.4035480981049	31.50391869880796	5.0	634.7028212140306	25.642401754925512	14.0	8.413753354539507
5278.878338185617	17.190170067237	5.0	133.52735139630417	26.629556934064993	5.0	639.0867633240904	25.748233537093803	14.0	9.81924616343045
5352.539440191668	17.14374666268996	5.0	479.5086824281452	23.43221717402648	5.0	667.3020292292272	25.486513764995887	14.0	13.553940304219392
5389.271746658306	17.06079771663295	5.0	836.6177039481365	22.92899114938476	5.0	767.5669289216997	25.14696145295791	14.0	10.045338148296427
5321.736473396969	16.875448037978522	5.0	1567.0776814403264	22.413841353562816	5.0	818.9249774158257	25.234452407371933	14.0	12.229421068816869
5467.084717122035	16.771582172506335	5.0	2067.131895369065	23.19995495165112	5.0	762.8726983157325	25.773528929679806	14.0	14.981135651091552
5617.581880775288	16.59649177851768	5.0	2581.2668670712715	23.303020367875096	5.0	701.7306268014283	27.035175017973735	14.0	19.711250537538028
5208.819964234954	15.895539323963447	5.0	3480.451951550844	22.535854737003103	5.0	619.4007430190043	28.78955410538594	14.0	21.49230753478974
5072.418930835541	15.472160837734293	5.0	4023.0232749378592	21.74961232688371	5.0	560.9847330776322	30.407122056109017	14.0	21.05602078245445
4536.8373822265585	14.649441725975933	5.0	4907.130108450332	20.73401965885393	5.0	627.8991427754166	29.633479244072394	14.0	24.89115421247684
3649.784265465692	13.733829253262963	5.0	6031.7388440888535	19.77296022785798	5.0	728.8708749978276	28.309293831581076	14.0	30.37658447887639
3516.054143227003	13.16656938801611	5.0	7009.032486891098	19.35766301629324	5.0	694.056382419665	30.1229557406759	14.0	33.14953418073604
4068.5105399043982	13.337792808848109	5.0	8156.5171906828455	19.311393934029102	5.0	808.1324657710197	28.356580347315383	14.0	37.25214529949524
3242.168013859024	12.975178526080818	5.0	9825.825644297014	18.846896513837326	5.0	809.8416272883169	27.355472874227114	14.0	33.889783706892885
2412.815207667608	12.466866544418304	5.0	9824.437816509731	18.53439762757062	5.0	560.1362043788808	29.91421443483994	14.0	27.0417871048594
1873.013945959567	12.12357611135552	5.0	10957.945894754508	18.362271946201822	5.0	572.5391785456874	29.2222586587745	14.0	24.21503743907633
2588.0862546169938	13.003019467727546	5.0	11679.330168713394	18.733496052232518	5.0	578.9804856454922	30.330348290558515	14.0	24.73139110275325
4228.461086092845	14.740515536380965	5.0	8415.244709358281	19.046562148721996	5.0	481.8522268011567	30.444616532209732	14.0	23.97495330402807
5778.92492362423	15.36977235540383	5.0	7387.730037041478	19.592416547770448	5.0	526.0708797219454	30.029788768234543	14.0	25.45420945727818
5794.948638146555	15.393415423256092	5.0	7335.343300863294	19.33952922176931	5.0	532.8281178524478	31.0549871941617	14.0	23.949087115783836
4966.776169611204	15.472091701391637	5.0	8445.274868060018	18.73837970094521	5.0	694.7104767098796	27.50444786730042	14.0	24.402966088090167
8316.241740815343	16.50292606264714	5.0	4284.20398237372	19.212115930062872	5.0	661.1984159281574	27.063666672616034	14.0	25.346064253157916
153.30129559196814	5.090270279020708	5.0	11099.4355843158	17.39173887161339	5.0	640.7475900670369	26.75133497533632	14.0	17.797815083816666
0.0	0.0	5.0	11655.003701733065	17.66812131694842	5.0	710.2159312460524	24.88204039713638	14.0	26.436659952918557
0.0	15.725499392423094	5.0	11888.936169507677	17.80797307150746	5.0	609.429857178488	27.595806851818093	14.0	28.652187515573313
0.0	15.725499392423094	5.0	11749.133713143787	17.807604246234863	5.0	463.86893998470146	30.824264300023838	14.0	30.681078939580278
374.8568964839392	3.512037402793035	5.0	12687.699797194577	18.116898286755212	5.0	409.506041643677	40.0	14.0	-2.6915190979278916
437.02413572186896	4.361927736124498	5.0	12407.47223224506	18.243005438246282	5.0	362.3900460402242	40.0	14.0	-3.39310368057881
464.6981839188015	4.490468396235573	5.0	12418.568531239785	18.448244815740015	5.0	343.21076643287	40.0	14.0	-2.155769086658768
474.1938451546272	3.7953938700162935	5.0	13846.243722497711	18.595416852571446	5.0	324.48389561804885	40.0	14.0	-6.396830798478385
412.19524761012167	3.1394580357848336	5.0	12533.211814903167	18.581381947876018	5.0	287.2677889982655	40.0	14.0	-9.883977630358041
410.48228172319193	3.6503250636280193	5.0	12093.73600782854	18.695730107326366	5.0	311.2762492732008	40.0	14.0	-8.420274032528026
431.94084665185477	3.732511965048938	5.0	11983.306726866678	18.71081186118838	5.0	342.56906368700726	40.0	14.0	-10.943970592846291
475.0274996080688	4.736824562010795	5.0	10582.85144359572	18.52059317831002	5.0	337.92368185569836	40.0	14.0	-5.148903846631432
512.0021414972792	5.709488797624011	5.0	9896.590161000413	18.51342322047366	5.0	337.9302753098612	38.8201135353022	14.0	-2.2321901723040014
641.9121242549054	7.09140302895884	5.0	9518.340203106129	18.595768541555987	5.0	347.7319327852058	37.63649321361991	14.0	3.8148702849767444
669.0731436617649	7.33104885869076	5.0	8865.196882430522	18.5611582874945	5.0	371.4285096967442	35.79105783937398	14.0	4.001239090832083
844.3691380554701	8.425998707622453	5.0	8242.920924582924	18.72962747130565	5.0	380.3124193197467	33.92733803606135	14.0	6.9671152825352065
1099.6908268547122	9.357499478464536	5.0	7533.160936765327	18.927698059265058	5.0	369.69286436747325	34.78663035019627	14.0	7.499209253035999
1290.8269344435007	9.839193365274062	5.0	6923.05561669565	19.06574416099815	5.0	370.0486009747998	34.018858418057356	14.0	8.616065775068288
1490.825591645793	9.750482272729512	5.0	6672.6007581144395	19.297550967364533	5.0	335.3462181530412	35.75325424801622	14.0	4.862593882279914
1746.1736314472155	9.979440760238605	5.0	6539.814503228701	19.505246094192003	5.0	318.6915534563622	36.698619059309436	14.0	4.6606818410818045
2023.3255624688568	10.314759217245166	5.0	6348.757661178895	19.864734408803606	5.0	309.1508827365255	36.63512284836804	14.0	6.606019787756759
2098.2286349657866	10.1790030033237	5.0	6457.188090188929	20.04031036620864	5.0	305.7074240552241	37.10988540718182	14.0	2.9685614050992086
2147.928510089029	10.24829690792129	5.0	6471.598518582243	20.080581533890008	5.0	299.78574549411536	37.31958589777785	14.0	1.4795811239862604
2117.4188188970397	10.231348054654706	5.0	6439.40889778543	20.01778103234403	5.0	300.64421157463966	36.7214724445159	14.0	4.149174817611109
2173.119473767625	10.319246408574797	5.0	6330.418803809956	20.007956323464246	5.0	286.4163098956032	37.131444346313366	14.0	3.526921604004009
2269.913975684018	10.314801959367575	5.0	6012.743800930963	20.04217611321583	5.0	326.2406215430958	35.51012051765008	14.0	3.388789184898538
2483.895445511004	10.356098875768895	5.0	5696.526651676211	20.22979993806915	5.0	339.52018411896	34.50855593981336	14.0	2.361118953882756
2660.675062747862	10.465902324057307	5.0	5343.918609142435	20.466351981044994	5.0	367.7782997273768	33.42167732669326	14.0	5.421968184505058
3016.5090395560537	10.932954359353722	5.0	4914.649023769499	21.238057898221392	5.0	376.5751574896623	33.752672793286344	14.0	3.6390487514651966
3147.863044185639	10.735212361070351	5.0	4987.013060830872	21.634054635479565	5.0	322.50715568858226	36.09608780403805	14.0	0.42616566200295763
3211.7607682971197	10.612896787153984	5.0	5012.3781471493285	21.896484605828924	5.0	323.924220204135	36.57570472798269	14.0	-0.06547745052074816
3574.731659352537	10.840526276269149	5.0	4851.253844572465	22.018059127514	5.0	329.66552689091935	36.29994702413509	14.0	1.770376771593033
3993.7732916593363	11.070066760804158	5.0	4617.968544163738	22.141311810550164	5.0	332.88183077854086	36.19947586679319	14.0	1.5644119293067436
4312.951131956346	11.056776764309845	5.0	4450.62821979075	21.958951710142568	5.0	378.0715789257632	34.94755519793656	14.0	3.155828206290659
4615.464383997845	11.094835175212717	5.0	4326.2906358559	22.272990832212237	5.0	366.07637839768813	35.79071161051668	14.0	2.240498121611834
4729.545169078731	10.916979796236092	5.0	4434.666961085876	22.198306843032928	5.0	385.2029986645911	35.69455833298717	14.0	0.5832229196100929
4722.909340062417	10.725521184959861	5.0	4375.071021035569	21.984958465351504	5.0	415.97281885829955	35.52508406562251	14.0	0.8701893621871097
4721.912512338238	10.628502996370367	5.0	4374.847107939893	21.72802358936282	5.0	451.6518224664323	35.13048303444837	14.0	-0.3951846404620375
4665.821314795878	10.428664742852392	5.0	4403.282053320777	21.350841686758535	5.0	473.0810495697875	35.062071053140905	14.0	0.36464251601394604
4545.841278524989	10.325509947233082	5.0	4037.868054401994	21.05405600017848	5.0	524.2335107336239	33.11885983680699	14.0	2.2052153975218025
4576.020545256489	10.35329201232307	5.0	3548.382139160464	21.113731108975294	5.0	521.7733163010939	32.533730508976085	14.0	3.386500976894638
4529.336644692574	10.259164730478474	5.0	3210.195822381704	21.340159361546355	5.0	506.5770930983135	32.05360869634615	14.0	5.50777050330276
4482.803389603646	10.1360695306009	5.0	3106.1433548030145	21.473052361820173	5.0	438.4503725824694	32.62890402631721	14.0	4.432498356193519
4502.014052110814	9.914594935342105	5.0	3129.3954078515667	21.49745920238499	5.0	364.21846008154586	34.17054384909847	14.0	2.041540293832562
4521.690768145542	9.69376213217424	5.0	3303.7288140242813	21.466186715777965	5.0	339.8320521656708	35.01053314151124	14.0	-2.6514137790877683
4459.439514569377	9.61603612127957	5.0	3418.6944135692383	21.276402873635355	5.0	297.5444764210449	35.2176834070897	14.0	-1.6159926151736368
4357.350122414975	9.537662219012097	5.0	3403.3066038607826	20.91862237842401	5.0	336.26066392968653	32.64424419695939	14.0	1.5907223670344217
4416.826699306156	9.728101702254206	5.0	3298.835738516859	20.786843350310193	5.0	379.8048375936403	30.278936842255813	14.0	2.049450677039736
4715.270930712561	9.88406742287739	5.0	3270.738427328039	20.895087016495097	5.0	394.62223878042727	30.806229363923652	14.0	2.23574252906871
4816.300996978627	10.01261294487156	5.0	3223.6297179049343	20.953859352344068	5.0	399.08457593217065	30.251883197044485	14.0	3.276267732294235
4818.814191295613	9.969694963490099	5.0	3393.563175988355	20.787210555869127	5.0	381.7768805114136	30.37471527871091	14.0	4.192360018815241
4705.86283341261	9.804227310226604	5.0	3627.668125621517	20.455954044603896	5.0	399.0199368978916	30.350709743719303	14.0	2.5571272689683466
4595.037284393725	9.655398986912036	5.0	3509.4037471638835	19.983247249713713	5.0	464.8548142695395	28.35707309250447	14.0	4.037923739785429
4559.487273790426	9.643992579515153	5.0	3333.025708000366	19.753953209065223	5.0	559.2399711047466	25.32339444473041	14.0	7.28093869841488
4298.076712261853	9.730737828125033	5.0	3156.320254189142	19.095812600301024	5.0	804.9551879881001	21.612955158092507	14.0	7.459273500599462
4142.985473321805	9.94065452636106	5.0	3229.5791834906704	18.24709520496935	5.0	972.1387140554237	19.944396239152205	14.0	9.05976496991476
3690.259833136195	9.819632090523255	5.0	3755.4167924155236	17.110318573608232	5.0	1103.717615724525	19.13319573695116	14.0	10.960971527719577
3084.0596476049072	9.431454344766626	5.0	4327.351097532384	16.466043612912127	5.0	1245.815594733895	18.3193951482303	14.0	9.17372403995227
3254.4643050869795	10.009720514943986	5.0	3799.583158348764	16.96620287058416	5.0	1460.1168584571565	17.538247436139283	14.0	4.263708725456411
3637.0633073974163	10.561702892768983	5.0	3245.2591568682133	18.035672223749383	5.0	1656.9173034956546	16.78977523114082	14.0	1.7181840484692006
3496.330334587557	9.870822475799837	5.0	3369.8843409534884	18.33098230464096	5.0	1827.9312592798208	16.771090884570146	14.0	-1.1466616611850764
3872.590235502672	9.618316401324748	5.0	3258.0951442584137	19.267218464469426	5.0	1818.7529618376002	16.811952251224834	14.0	3.1256932191598477
3970.37234423183	9.179998761702597	5.0	3233.522297005852	19.67614526124035	5.0	1918.2288993216546	16.877016251369472	14.0	0.3348521360900265
4454.711196203271	8.596685894283077	5.0	3517.485451272722	20.08857500528373	5.0	1754.6824708593897	17.405064030349074	14.0	6.0594262181382055
4839.101008691757	8.145595703796713	5.0	3870.980559256966	20.490642124936137	5.0	1549.7159272312197	18.198479015586905	14.0	8.833132340948051
5241.043968754033	7.5993963462916705	5.0	4408.453509459223	20.661599099870482	5.0	1223.4891968521365	19.890390716991	14.0	14.480670967016506
5784.524854875449	7.289918140965653	5.0	5256.565536094022	20.805705320029983	5.0	744.2354233327403	24.348708541858652	14.0	23.502680077543452
6170.62722943681	7.331650615789624	5.0	5757.949661163445	20.8656348421281	5.0	509.106604124364	29.43990841133594	14.0	20.01111239481252
6180.448427903381	7.502771253376724	5.0	5985.61650285266	20.82061937557155	5.0	464.80510863756757	31.155029191117933	14.0	20.684612855014805
6130.5129372746405	7.897665089006464	5.0	5828.200045923737	20.561451873671803	5.0	562.6084441469364	27.535669436327336	14.0	30.504754778343184
5523.389643157787	8.202151781196337	5.0	5326.496930154972	20.04079874133093	5.0	977.7945251327194	19.944718881495742	14.0	26.82445462809507
5383.100469580682	8.160735055317987	5.0	5408.6766939528725	19.61032043150399	5.0	1086.1473585579058	19.5903069053527	14.0	24.363487142177267
5196.229820172823	8.427668524980483	5.0	5536.823651268191	19.14490803448051	5.0	1188.5211963194756	19.854122631059255	14.0	21.192587049731415
4622.292285625469	8.805401133289093	5.0	5804.364324800012	18.919123363848698	5.0	1237.1497779407578	20.022664268466404	14.0	21.703064507963987
3940.7611075175705	9.425067557153245	5.0	5721.700287826498	18.975966145417452	5.0	1288.0218500295223	19.93976280370597	14.0	24.28104629698534
3556.7196614846275	9.921477959813602	5.0	5645.927398115164	19.23147670496998	5.0	1247.8286838928618	20.07318210892658	14.0	32.20488807133789
3187.558415893311	10.251349491071776	5.0	5636.863324472569	19.384428462184616	5.0	1279.0705699403477	19.821656889693525	14.0	49.437072564640005
3348.9163849429947	10.63244680863527	5.0	5524.263605452848	19.627534342932528	5.0	1247.1933230776488	20.465964341904726	14.0	61.17678165034973
3745.82996117356	11.373411764672108	5.0	5115.0226172590255	19.75161844623762	5.0	1281.9528306571606	20.22979280433296	14.0	62.32947403500977
4156.406037941738	11.990536355328812	5.0	4668.964031081641	20.14552304409321	5.0	1315.7725476785604	19.973084324457826	14.0	58.92583359996554
4468.044173240302	12.316705022691224	5.0	4136.449850810754	20.49029096897828	5.0	1363.247878141714	19.62042835811406	14.0	45.854219150774846
4639.286887835669	12.574230722424987	5.0	3700.675267134416	21.06437392454989	5.0	1313.175201810343	19.267143203578755	14.0	39.42188697425003
4678.607581981268	13.068338028367256	5.0	3025.218891811286	22.21518099603739	5.0	1315.6093074899914	18.497486678383073	14.0	25.38252031661787
4437.425969290008	13.030685990021269	5.0	2865.188024972774	22.77408146943184	5.0	1140.1642974688289	18.90578175606189	14.0	22.219731703598008
4296.740155073049	13.158685124889777	5.0	2790.9247190335327	23.175615952068842	5.0	1103.432612617599	18.941316891787718	14.0	19.550724912161808
3849.3254768198294	13.237446709288504	5.0	2923.264106572903	23.286665738450846	5.0	1119.9751107468408	18.04472604124843	14.0	16.744946450429982
3382.11815694336	13.491653950398792	5.0	3081.8075975302795	23.349195087407953	5.0	1179.0539827268033	17.652114169497825	14.0	12.500173948535243
3286.978862271649	14.279659506457556	5.0	3072.0176283018372	23.763952721417866	5.0	1215.1225240435315	17.405007930575	14.0	12.132797308720003
3272.112139771713	14.91372450812708	5.0	2997.50652118909	24.053612248822752	5.0	1165.039353853804	17.61362657902326	14.0	12.040771401052638
3262.0486112166236	15.281913850898418	5.0	2864.9698066808696	24.034451206431626	5.0	1122.5561625292337	18.26818438497667	14.0	13.971971664860066
3150.1120795883076	14.966933593559544	5.0	3149.7351893304694	23.43589852044134	5.0	1021.6009994940447	18.962874391034187	14.0	17.820594447526794
3097.842748230612	14.605267826873048	5.0	3523.437012440327	23.052370614075343	5.0	935.8036959469097	19.656139230042257	14.0	18.890487838759487
2654.7253709403794	13.61338857421245	5.0	4352.9328187846495	22.28122505997726	5.0	863.6774923110845	21.718582268975936	14.0	19.743150197802574
2573.309285091309	12.904100184118933	5.0	5068.148539406045	21.934965317153694	5.0	726.8950418461832	24.311219021831683	14.0	25.606666952463527
2732.063243626272	12.29853938016842	5.0	5831.385532759931	21.81998043015198	5.0	483.32261828395906	31.753474856942013	14.0	24.41399762841848
2834.794522881841	12.121924950726969	5.0	5918.238631813153	21.877836380697115	5.0	456.8539328911889	33.29764795637764	14.0	21.38998105534531
2755.3596044428073	12.135301459244591	5.0	5964.566880205815	21.864798411358937	5.0	411.93070481908944	33.58914604378337	14.0	19.53157075187678
2677.2302608817645	12.240816939693598	5.0	5964.665691211387	21.93927345523292	5.0	423.41109264757375	32.36021771556881	14.0	20.817285470861716
2938.4838749888154	12.865857312256754	5.0	5825.277159604664	22.247926372975183	5.0	377.8054021672068	32.14406554480002	14.0	23.258804635151296
2713.5792171623334	13.280038991270505	5.0	5475.03205585684	22.302994787181987	5.0	552.0554995075281	25.010812477364986	14.0	23.234530802354485
2649.4811407930315	13.558374395991542	5.0	5300.477352945138	22.389875419969734	5.0	643.0587002490919	23.591222926715712	14.0	19.960090501998977
2440.461221793672	13.783060381514055	5.0	5304.2202714744035	22.422823759760533	5.0	769.0864365467249	21.831756363379487	14.0	15.831439798810973
2351.7279991510086	13.646519116804106	5.0	5782.462735022486	22.428704369769438	5.0	707.4640941714487	22.015102559221145	14.0	20.372674603607905
2412.0058344040663	13.142735851923868	5.0	6355.251321672945	22.461625513798353	5.0	621.7734396871338	22.426367542016994	14.0	23.485235623179683
2408.71900522716	13.260621538091872	5.0	6581.409022635454	22.679087855107916	5.0	637.4834976846281	22.49331360606801	14.0	23.328251645857524
2361.589016047255	13.476031545630967	5.0	6503.175438952664	22.80423561385945	5.0	698.696451176626	21.78629582348768	14.0	22.4226640546665
2210.090603884932	13.544293028259256	5.0	6466.68587106604	22.85089569826852	5.0	708.6974204732368	22.232445611141785	14.0	21.337369745240622
2057.6416109920056	13.887332703720963	5.0	6353.8621105494185	22.74735037298966	5.0	727.1271318734538	22.430365653646547	14.0	17.442172748301115
2274.8496320177915	14.472840241120817	5.0	6025.149118083483	23.023672535436514	5.0	714.1112149307415	22.259555307842145	14.0	19.661849130730623
2737.2830851183703	15.15174326137552	5.0	5785.427361918813	23.3929189120017	5.0	630.822536181462	21.81056821003818	14.0	22.752081451929033
3260.2202816034483	15.82068112541495	5.0	5382.590906151314	23.688089693765672	5.0	593.67289161121	21.941052585595916	14.0	24.215318556315868
3616.7383036947167	16.394801665933127	5.0	5082.234080515305	23.908850910961714	5.0	598.3000763395504	21.72432944272657	14.0	24.046203635399994
3879.66338463857	16.690780170398526	5.0	4808.900318869894	24.153857048732114	5.0	616.2664028961829	21.81101669839321	14.0	25.40543103392388
4329.289517103281	17.00709068736024	5.0	4313.670610394845	24.55752695270173	5.0	627.2852470656824	21.946922260859125	14.0	25.952701415382425
4822.867131608395	17.27564084906278	5.0	4034.289566008526	24.929670679086666	5.0	589.3855458336345	22.277125176835852	14.0	26.178737789053077
5026.777739765238	17.558087064952964	5.0	3916.4380185015943	25.096030167231945	5.0	599.1953215892025	21.50753779294316	14.0	25.093737699136256
6401.998459334463	20.0	5.0	1706.5713864658019	27.703454470806484	5.0	1135.6085304988887	18.576089920489746	14.0	-10.127368755301784
6775.612234520577	20.0	5.0	1675.2888832813005	27.788279919466834	5.0	1130.6253307367072	18.612609975288127	14.0	-10.328900552698345
7036.946167044899	20.0	5.0	1718.0033995049157	27.937697448933186	5.0	1108.9705861712946	18.71238318030565	14.0	-10.508345706120886
7088.735441895803	20.0	5.0	1796.3359898790345	28.084145545885956	5.0	1109.3140694140877	18.77188889609267	14.0	-11.300470367054261
7115.8051835031865	20.0	5.0	1982.3060324421645	28.115245976628923	5.0	995.8843110370238	18.628831252234182	14.0	-5.979791816082071
7080.557583032031	20.0	5.0	2237.407311488452	27.98553142822582	5.0	836.5594414808143	18.66384942692943	14.0	4.834758265801543
6976.058487383598	20.0	5.0	2494.970156687044	27.476507630351495	5.0	668.8979463624322	19.167846610214838	14.0	14.394086124336003
6727.645739433259	20.0	5.0	2944.4612641396457	26.954416049330064	5.0	529.16490137602	20.83864170954828	14.0	23.855402127745684
6650.561219335283	20.0	5.0	3361.1927251456073	26.258836665231506	5.0	445.52875462276097	23.382352456886892	14.0	29.73124296731274
6100.570505636163	20.0	5.0	3895.4843624875207	25.43333611238929	5.0	397.647399820932	27.546859349344956	14.0	31.3846456356502
4147.480932414937	20.0	5.0	5355.622402831335	23.91314834498291	5.0	529.7739081430886	27.285708576858156	14.0	21.679665419350215
2748.8336349479196	20.0	5.0	6928.379000411311	23.237631296036472	5.0	575.7794244669618	27.265843786982792	14.0	18.604992380921104
306.44995065247895	20.0	5.0	9416.12111931711	22.418796529535904	5.0	690.4929144130721	27.016400072027793	14.0	9.278252242712554
0.0	20.0	5.0	10390.006590694551	22.367464786776377	5.0	612.7836590549146	28.57941729612194	14.0	9.128729314396422
0.0	20.0	5.0	10940.28335180822	22.403548291628056	5.0	536.3470075227874	30.21275339468854	14.0	10.883486105365174
0.0	20.0	5.0	10855.337408460931	22.54891863243875	5.0	585.3980353727378	30.729703334666212	14.0	4.699316528094604
0.0	20.0	5.0	10600.747549148058	22.86343793890632	5.0	675.0668631439021	30.716839527590142	14.0	-1.6310010461562
0.0	20.0	5.0	10186.59809669943	23.348789766563705	5.0	792.4566346944828	29.827893521283173	14.0	-7.500679491410873
0.0	20.0	5.0	9898.454273190348	23.856020252195496	5.0	924.3934118779849	29.042544094865907	14.0	-13.718659198942792
0.0	20.0	5.0	9586.97432565627	24.24964054994164	5.0	1022.2128053137236	28.83459691591836	14.0	-19.54677321025161
779.6709166787078	20.0	5.0	8663.303634225387	24.71127422266878	5.0	967.0892212500459	29.175538140809557	14.0	-20.463015230933348
951.3138785844666	20.0	5.0	8294.016390509052	24.781773792074464	5.0	903.9405995355644	29.201270024568228	14.0	-17.82300915170461
682.85038574956	20.0	5.0	8035.81859057243	24.520171449511437	5.0	914.7364374159347	28.689132334642622	14.0	-17.38658604532265
1099.2037443096633	20.0	5.0	7432.843824121867	24.81833421336362	5.0	840.9256639140253	28.873801012339694	14.0	-13.2751544114775
2107.1865239577464	20.0	5.0	6235.002079754322	26.02283368190164	5.0	728.5669918749829	30.012528240605953	14.0	-10.820002687702184
2355.6868940349323	20.0	5.0	5736.9278699747	27.195264171655584	5.0	630.1009093097034	30.657202305382523	14.0	-5.865062013434045
2380.2114992003653	20.0	5.0	5457.5237941424775	28.26794899244099	5.0	529.5121147317803	31.53591428915732	14.0	-1.4873745704813444
2222.2762558318996	20.0	5.0	5529.924188863448	28.58354334760607	5.0	373.32644104089553	32.040678689967955	14.0	6.134614956147934
2051.6141482347457	20.0	5.0	5590.98690566058	28.444633043003755	5.0	285.95434006576176	31.97825460799612	14.0	9.53759497676824
1629.5107803497528	20.0	5.0	5550.259994720362	27.843309304999025	5.0	349.4299223035617	28.665763225350034	14.0	9.88983303483238
1273.9361591971622	20.0	5.0	5550.842345490163	27.329323617559414	5.0	360.6544025925222	26.862995636740564	14.0	10.185275589546453
1195.7808919625547	20.0	5.0	5253.435435462828	27.12639632158906	5.0	364.783654764567	27.40001867064371	14.0	7.502919993346855
954.2768039447634	20.0	5.0	4836.687661128693	26.86807302293303	5.0	407.7183978553078	27.921620544247524	14.0	5.398856870472244
863.1013507994097	20.0	5.0	4599.657585085052	26.718225984879535	5.0	370.332627375294	27.388930529243673	14.0	6.483035963489735
881.9960789400585	20.0	5.0	4324.486295612776	26.924775279301638	5.0	328.9783855263035	27.10854717531125	14.0	8.246037528802214
609.011892298429	20.0	5.0	4362.77000716777	26.842113663452245	5.0	340.1443904892401	25.982054182422473	14.0	9.558078321211996
469.2842266933626	20.0	5.0	4395.148132971768	26.958034821663322	5.0	365.1501280253336	26.24864602361992	14.0	6.150705068904318
403.78271876433786	20.0	5.0	4389.449925593892	27.25010468277084	5.0	355.7894142129909	25.421330430605625	14.0	6.907091144976292
363.0697187681914	20.0	5.0	4373.747610204799	27.38995997870659	5.0	371.79919152913277	26.20382254803385	14.0	7.401569723694542
327.5592261322228	20.0	5.0	4274.768925926956	27.622396226582495	5.0	348.2028706239052	26.105772141690213	14.0	8.33420739193534
242.3001663639026	20.0	5.0	4136.096847674484	27.732081065565175	5.0	341.16273086137784	25.47267026515653	14.0	7.559405739364551
172.71360788190395	20.0	5.0	3980.1669680427335	27.846495569578714	5.0	368.24497990645114	25.709092234307214	14.0	6.732672121426203
161.97240571534238	20.0	5.0	3955.00654054828	27.793802409386178	5.0	360.2811557723807	26.324419073849278	14.0	6.502113242753492
72.42554915427289	20.0	5.0	3989.207155929794	27.54217079037907	5.0	417.10895946719137	26.62419542253439	14.0	3.0529371076502723
238.13465342193768	20.0	5.0	4000.245183670931	27.672408881965648	5.0	396.3325598673795	28.03417203761985	14.0	3.0047654370016246
229.9033986952355	20.0	5.0	4316.009237749572	27.78222735614995	5.0	435.8059948855467	28.084789341541683	14.0	1.0559541203891485
583.977302965791	20.0	5.0	4692.307691844275	28.369398544177304	5.0	375.4474210550064	29.32057487601544	14.0	2.4157200921472524
1052.02406030222	20.0	5.0	4834.322255056421	29.24078062804065	5.0	306.51252869580287	32.65259775084866	14.0	1.3796433175741836
1481.1796884925534	20.0	5.0	4665.982367070776	30.273464412131286	5.0	317.47730669548486	34.53412778848393	14.0	-3.2789794758760364
1560.5627990565176	20.0	5.0	4162.320549526392	30.984479497813357	5.0	438.9913471879324	33.7797442637251	14.0	-7.055232703744772
1668.334886878782	20.0	5.0	3485.8296073992988	31.859214672208	5.0	538.1094299299872	33.80021972192318	14.0	-10.854544947207847
1701.254359292758	20.0	5.0	3018.3691009637782	32.39309348527935	5.0	631.6769431474885	33.442190370726664	14.0	-11.689022605491957
1847.5559174600467	20.0	5.0	2938.0857572650857	32.28760299811069	5.0	626.0450145756297	33.47857643733359	14.0	-8.386833962345442
1945.476696668114	20.0	5.0	3014.4200359600763	31.90645035454076	5.0	609.4956024197522	33.43602078026224	14.0	-5.756516945175762
1853.029448389332	20.0	5.0	3150.2440713832775	31.885201974041614	5.0	595.8658903120975	33.38878953292505	14.0	-2.962717977289682
1792.3318860616218	20.0	5.0	3212.2001626822243	32.02544887666315	5.0	655.649813850684	32.78781965386177	14.0	-4.321344631173106
1818.0943445598882	20.0	5.0	3249.865604388718	32.039091954929546	5.0	742.0615279920634	32.37589340563596	14.0	-0.54735834785126
1771.072432973723	20.0	5.0	3403.842213372491	31.850498016521094	5.0	857.1560435695358	32.041712429992174	14.0	3.5725782028265103
1792.8444625683915	20.0	5.0	3863.802537256605	31.724123818099375	5.0	823.5829114790123	32.495545399862436	14.0	4.509765279929114
1845.4199036358623	20.0	5.0	4519.544251805802	31.72466549480738	5.0	735.3835836945424	32.64942576024673	14.0	5.709429005594633
2338.2795157315686	20.0	5.0	5861.536604549993	32.10223738739352	5.0	346.6854827627412	40.0	14.0	15.803420693423982
2397.4453856432892	20.0	5.0	6651.662216016766	32.30508015628122	5.0	291.288903511596	40.0	14.0	23.622297232824803
2401.9268797974187	20.0	5.0	7290.324107488808	32.336378846616924	5.0	158.08307852526426	40.0	14.0	35.23028456590427
2260.4143449399116	20.0	5.0	7405.534422375809	31.91090590200915	5.0	60.21574650900235	40.0	14.0	45.89365141670245
2241.3196762625	20.0	5.0	7290.899902078959	31.348094138655735	5.0	81.71397791055995	15.0	14.0	39.52395672674661
2490.2663463317444	20.0	5.0	7067.945168383594	30.75011051315607	5.0	90.29196201822398	15.0	14.0	37.00521605007927
2922.105561558842	20.0	5.0	6680.9609382855215	30.209945142243402	5.0	96.3239722044994	15.0	14.0	38.2018634795677
3127.505139291096	20.0	5.0	6139.568777633691	29.578439713077223	5.0	147.8525337365709	23.247961545357626	14.0	38.581184535406706
3297.105685223611	20.0	5.0	5684.672161173372	29.246250020557678	5.0	135.77794470911758	29.300575987714215	14.0	39.0560577630505
3284.730770492714	20.0	5.0	5516.64495112513	28.93549308644492	5.0	192.05735944781028	27.115696668118936	14.0	38.67763405545303
3478.791141539165	20.0	5.0	5279.239790390939	28.777838543228928	5.0	140.40508581975214	32.28021317167057	14.0	41.55669722951802
3333.0430783869833	20.0	5.0	4982.72661423985	28.4193879410303	5.0	200.51714781353562	31.963252814463498	14.0	38.98291512129021
3369.026416852833	20.0	5.0	4818.776656537667	28.149414621611367	5.0	244.45782845737386	33.00959205212929	14.0	31.276104360307396
3110.0830850693324	20.0	5.0	5267.267124613384	27.432610539730423	5.0	348.579268722053	31.794841309222566	14.0	23.446364029632733
2699.8952036635255	20.0	5.0	6042.603434522824	26.565649847697898	5.0	394.3488356057143	30.722660547018076	14.0	14.76925827549818
2005.7394495011895	20.0	5.0	7425.81942176285	25.79302772356401	5.0	353.64134130022535	29.369454014783592	14.0	15.850099490008459
837.3072941177755	20.0	5.0	9225.530018873813	25.052919509665276	5.0	404.94764775830384	25.180347764606005	14.0	15.885901735685383
615.8890302858277	20.0	5.0	10108.031240560049	24.992280919683452	5.0	391.61937009765364	23.39859593136342	14.0	19.3050763764476
712.2582063158468	20.0	5.0	10213.863863983284	25.04627149049853	5.0	443.359601426243	22.92466990389402	14.0	16.36171165193942
1067.6047452496168	20.0	5.0	9867.856586445132	25.19514284894158	5.0	459.5753193166096	24.3078840233468	14.0	16.376342699863038
1948.8290848970837	20.0	5.0	9719.868890093558	25.584059037141294	5.0	132.5471538115507	40.0	14.0	38.00940952462852
1866.3179841200636	20.0	5.0	10485.027628604763	25.618309027286806	5.0	95.83208121413648	40.0	14.0	41.974577965680375
1744.295162725933	20.0	5.0	11354.362581198244	25.41724352561764	5.0	72.43726403643946	40.0	14.0	47.9636000183293
1699.6526778148027	20.0	5.0	12164.779707751612	25.274389400838945	5.0	79.69128131167365	40.0	14.0	50.300815989055536
1906.1109754492793	20.0	5.0	12839.289273935092	25.19699692674208	5.0	78.46174875488354	40.0	14.0	46.30619785294956
2947.3050093806587	20.0	5.0	12539.645101566159	25.23470012537501	5.0	134.32803645302283	40.0	14.0	38.98050583434009
3619.331589205189	20.0	5.0	12068.520998622233	24.999356997693372	5.0	184.04139111448717	40.0	14.0	30.247583274131884
4741.468868540913	20.0	5.0	11383.627940721028	24.593429513017742	5.0	226.39232267846563	40.0	14.0	22.6050880764385
5883.681169933575	20.0	5.0	10555.389999371697	23.983887514765136	5.0	286.2827734866136	40.0	14.0	13.434984122922316
7398.537758274791	20.0	5.0	8887.317415004265	23.853361986672976	5.0	322.5222427426629	40.0	14.0	3.8867775684814894
8027.6901332260195	20.0	5.0	7860.912050094561	23.960294745295663	5.0	345.64589374440624	40.0	14.0	1.430779273838015
7641.590976529826	20.0	5.0	6939.016191284493	24.438996000049922	5.0	380.82805814124487	40.0	14.0	-2.2785693252154795
6632.028221055806	20.0	5.0	6721.632394269904	25.069698663317748	5.0	316.0779293876771	40.0	14.0	2.831004648858564
5970.235350793751	20.0	5.0	6645.420693244541	25.424357201673708	5.0	268.67894227167307	40.0	14.0	10.127132562866487
5725.447141159414	20.0	5.0	6854.41449747665	25.33196564265052	5.0	245.6736573688775	40.0	14.0	13.279689256338997
5605.852149480687	20.0	5.0	7184.796709869764	24.859417975933415	5.0	259.54560719412933	40.0	14.0	13.685566789924845
5535.362794837589	20.0	5.0	7652.458469143439	24.438592387134403	5.0	328.266955257777	35.64666631672199	14.0	15.359507412996024
4710.599344422461	20.0	5.0	8904.193491051488	24.031378983925276	5.0	392.8489160877737	33.69571950273438	14.0	18.051125846200215
4079.334761201926	20.0	5.0	9500.359575526061	24.11019664943458	5.0	428.3132789803443	32.589153709960186	14.0	21.9999630553943
4460.8376563021675	20.0	5.0	9263.295222169594	24.57046166737811	5.0	376.32059469810275	34.02881279897821	14.0	24.486030884890358
4703.9582094986845	20.0	5.0	8998.013774301622	24.885559238990606	5.0	358.8431331882474	34.37949098894184	14.0	24.29937358884196
5163.088894669321	20.0	5.0	8380.28999574439	25.25099738674188	5.0	358.08031350128624	34.79507954025568	14.0	23.943800241081444
5335.90621437416	20.0	5.0	7938.126722049786	25.348226862079365	5.0	374.8861217430546	34.86225946222988	14.0	21.653477989343376
5064.7611205687235	20.0	5.0	7845.103184651681	25.366338105141192	5.0	367.14276944393475	34.36477718577	14.0	25.23310904670708
4556.43198233538	20.0	5.0	7424.806702901624	25.60545348754928	5.0	389.07888835171497	34.087312590369265	14.0	23.61866628357731
4022.9851797223655	20.0	5.0	6952.956143352297	25.92435441449976	5.0	398.4154612914059	33.16471848074805	14.0	31.681305703851056
3562.8826786213367	20.0	5.0	6473.755446143737	26.292990431703764	5.0	435.4172775966947	31.665444084097945	14.0	35.08132088580381
3103.2155646458104	20.0	5.0	6358.13946546285	26.353928967657886	5.0	516.002101349523	30.29607396816609	14.0	34.81904957006282
2907.7826993387935	20.0	5.0	6645.562175880337	26.233354542325255	5.0	504.2887841472768	29.356300648238395	14.0	37.861687285645324
2964.869217312234	20.0	5.0	7070.31192526146	26.055960735348826	5.0	447.789347137538	29.5351554331552	14.0	36.99955828583592
2387.6632732887097	20.0	5.0	7729.702394794619	25.628616187114545	5.0	458.73331980389634	27.49397749112067	14.0	35.83695306156948
2033.7890822551108	20.0	5.0	8077.506325039105	25.353009423173056	5.0	486.17211569882693	27.06556643143511	14.0	32.906976387501366
1966.9904886879547	20.0	5.0	8135.179294483977	25.223799569904184	5.0	467.42807221329855	28.027626592507836	14.0	32.02759424295688
1682.1093492896346	20.0	5.0	8058.126063916085	25.018092969981314	5.0	468.6116517974903	26.88701848943377	14.0	31.214624667023767
1218.5867413519995	20.0	5.0	7767.062222747925	24.84672738747983	5.0	525.7559317310798	26.12014377219843	14.0	29.25156696312586
1078.853350224825	20.0	5.0	7072.756350086724	24.89546315290662	5.0	622.2711665521211	25.30012376135495	14.0	24.281607931992607
1456.9613115725906	20.0	5.0	6096.101274972352	25.266909501989304	5.0	661.7526516197453	25.289673261882047	14.0	24.753171131218753
2235.1081516228255	20.0	5.0	5310.699882031946	25.857091113526973	5.0	554.8658781623569	26.257267629646897	14.0	30.094375133946585
2756.352066606764	20.0	5.0	4951.419927869687	26.198869217617037	5.0	529.9565434270156	26.76363831464165	14.0	28.655102637403974
3253.088924238196	20.0	5.0	4667.062943204039	26.310739937883163	5.0	515.7598407372509	26.968595217667417	14.0	25.11989944965726
3730.058084428638	20.0	5.0	4413.1499449197545	26.309348241641022	5.0	485.44373462174997	27.340924968475118	14.0	23.6622158210547
3979.7864210569865	20.0	5.0	4279.511654373354	26.383397865225554	5.0	520.9476228217105	25.307615089437867	14.0	23.64968530866614
4141.939255157318	20.0	5.0	4145.505195121301	26.54694542570399	5.0	583.7786871971783	24.14094221058631	14.0	19.128957075484497
4040.3317744727324	20.0	5.0	4259.175173557532	26.61439444489726	5.0	685.2955465895142	22.779658121598857	14.0	12.766476384085916
3771.5132485696636	20.0	5.0	4253.1542757174575	26.500950011099718	5.0	760.4115525746204	22.961983260825164	14.0	9.422203718131286
3323.0738323664996	20.0	5.0	4341.2335086044895	26.02487998490876	5.0	855.9159790105077	23.18775020922464	14.0	5.16604018672046
2997.1623458917593	20.0	5.0	4313.415938924414	25.57603560289352	5.0	903.1215591763563	23.42519863544204	14.0	2.4569109357370205
2371.6552830129403	20.0	5.0	4614.985556270827	24.966081723501077	5.0	896.0992315681573	23.45812379905504	14.0	4.04764130221557
2353.3746431316376	20.0	5.0	4435.520047597213	24.752187105521653	5.0	884.3296973399305	23.916549324601128	14.0	5.265906822424773
2712.712226202043	20.0	5.0	3799.069089593018	24.969875577328487	5.0	847.8583995223283	24.04513769733127	14.0	9.038418745060595
2761.4723111183257	20.0	5.0	3439.3412579549617	24.694800988693732	5.0	842.1292084857913	24.297721987922685	14.0	9.673161353548739
3469.687114445373	20.0	5.0	2637.88515869172	25.229408418594108	5.0	775.076694090315	24.593153123808275	14.0	10.883382770503603
4048.5104367563526	20.0	5.0	2185.977912851482	25.745380872368635	5.0	713.301552468449	23.766013069254203	14.0	13.017117226593928
4524.148188849932	20.0	5.0	1761.1505896580934	26.651401509998372	5.0	719.0012208035171	22.90631290204262	14.0	13.248788440313183
5017.7505282856755	20.0	5.0	1429.1908807048671	27.220273561738153	5.0	746.5930382973595	23.15624963753016	14.0	13.625429228088514
5466.172094484407	20.0	5.0	1188.5648526721764	27.465256379562305	5.0	723.4570838008291	24.011772244966643	14.0	15.156820068345736
5564.870926356019	20.0	5.0	929.8774775496361	27.746772940180605	5.0	616.0825085132564	25.21118114408081	14.0	18.69271850805278
5777.387372961769	20.0	5.0	833.2601025135989	27.248930170596807	5.0	558.0712762120287	27.78461938590921	14.0	19.27569519234685
6007.694770356275	20.0	5.0	645.9285275788371	28.50535613082715	5.0	424.16263085972184	30.807057115931823	14.0	24.823272302184503
5981.337254949747	20.0	5.0	550.2780963908632	29.106393586623145	5.0	417.5445180254905	31.48786124939204	14.0	25.61519747222578
6101.360047917134	20.0	5.0	529.5934840679929	30.92955310853131	5.0	360.03860017712515	32.59466977164846	14.0	27.67699211737914
6065.375164718536	20.0	5.0	511.5210974636206	31.706820433332858	5.0	446.23339791009244	29.29212472399447	14.0	26.961416630317267
6058.621578962392	20.0	5.0	508.6787441658594	31.795776916204353	5.0	626.0975235912722	28.227719622953156	14.0	21.60259251178355
6025.413605038534	20.0	5.0	571.2441136016304	31.875373863870834	5.0	789.1242460040575	26.577791745225685	14.0	18.283566115117857
5938.105603625252	20.0	5.0	698.0010035309296	30.348809392344645	5.0	897.7280854980221	26.030478418162375	14.0	13.537234805478787
5920.130884310888	20.0	5.0	936.9281017863675	28.89406941589392	5.0	865.2180622640967	25.530359642040207	14.0	14.039043441438091
5890.3235428123935	20.0	5.0	1118.2222288232513	28.865430876939804	5.0	804.5415820965083	24.348451325867483	14.0	15.927911583975519
5779.239197017431	20.0	5.0	1227.9320636086677	27.869358356736026	5.0	787.5488712302775	24.04382274755532	14.0	15.871842304644225
5923.631495084241	20.0	5.0	1105.6159466134582	26.979636199012404	5.0	776.803295627838	23.668091289476337	14.0	14.637711216306984
5858.965430679171	20.0	5.0	1182.0028427568152	25.45694532540161	5.0	776.0804752946906	23.480910285405514	14.0	14.331241527977873
6139.464689833273	20.0	5.0	1100.527868248891	24.657493585897925	5.0	809.6493133474462	22.581819811448632	14.0	14.431075266987346
6336.135480091543	20.0	5.0	1399.2370969707968	23.45340036148859	5.0	834.9859791226434	21.309265089550404	14.0	15.62136267656824
6053.113849263172	20.0	5.0	2021.2878108942655	22.256262457438044	5.0	903.0342433354942	20.87109659799708	14.0	17.79648262123162
5897.673197736433	20.0	5.0	2375.733204167151	21.993693497871256	5.0	981.4264766312975	19.952096435782334	14.0	15.091715542752537
6263.58633273712	20.0	5.0	2234.0157428359125	22.180086057402402	5.0	1091.129807308722	18.910707235670735	14.0	9.183506828903466
6994.648630969267	20.0	5.0	1739.0030460277494	22.59111648294956	5.0	1173.6557292490545	18.827244940050548	14.0	3.860028805917652
8999.345161324398	20.0	5.0	0.0	15.0	5.0	1367.5729019286132	22.658272541721132	14.0	-11.440067481043068
9531.80235958315	20.0	5.0	0.0	15.0	5.0	1304.1814128487595	22.996452485838574	14.0	-9.634988719579761
9865.529282457877	20.0	5.0	0.0	15.0	5.0	1171.4928365709625	21.913758559040406	14.0	2.264522815495213
9841.251179809618	20.0	5.0	959.0169731999337	15.0	5.0	910.2627581782351	23.372502932624705	14.0	16.29294583216536
10725.551665479858	20.0	5.0	0.0	28.943930599176362	5.0	1138.0634968734587	17.13872766501704	14.0	8.153612567985476
11210.881304650286	20.0	5.0	0.0	28.943930599176362	5.0	1130.7279909562365	16.22513502669183	14.0	8.031496265460799
11951.314481322725	20.0	5.0	0.0	28.943930599176362	5.0	1178.4848824888327	15.62864595605537	14.0	3.322135088633572
12582.686040437746	20.0	5.0	0.0	28.943930599176362	5.0	1163.0482429749572	15.0	14.0	-1.1070196684515956
13474.510665362463	20.0	5.0	0.0	28.943930599176362	5.0	1146.2206667579524	15.0	14.0	-6.3858353785881015
14357.76623200275	20.0	5.0	0.0	28.943930599176362	5.0	987.219749477436	15.0	14.0	-4.449239619835643
15180.747661071964	20.0	5.0	0.0	28.943930599176362	5.0	911.3796791578128	15.0	14.0	-6.702731213171727
15603.893375348336	20.0	5.0	0.0	28.943930599176362	5.0	910.1822667582506	15.0	14.0	-13.058320936029592
16104.683612429006	20.0	5.0	0.0	28.943930599176362	5.0	890.0486522711486	15.0	14.0	-17.506507710371043
16303.331309869141	20.0	5.0	0.0	28.943930599176362	5.0	873.02254322494	15.0	14.0	-17.739005115967597
16199.266584334917	20.0	5.0	0.0	28.943930599176362	5.0	884.2529013344688	15.0	14.0	-15.501852639791437
15742.018394358236	20.0	5.0	0.0	28.943930599176362	5.0	1030.5707247054704	15.0	14.0	-27.963454958030987
15009.173199072453	20.0	5.0	0.0	28.943930599176362	5.0	1191.1124059747222	15.0	14.0	-37.57245166740529
14248.2928196964	20.0	5.0	0.0	28.943930599176362	5.0	1434.642689046278	15.0	14.0	-55.41148588187157
13653.698334549834	20.0	5.0	0.0	28.943930599176362	5.0	1694.5335199552314	15.0	14.0	-75.7697756139077
13360.16165597042	20.0	5.0	0.0	28.943930599176362	5.0	1746.0958492156287	15.0	14.0	-81.67369899212123
13067.235858632795	20.0	5.0	0.0	28.943930599176362	5.0	1692.5086766938045	15.0	14.0	-76.67162375169461
12824.672076966568	20.0	5.0	0.0	28.943930599176362	5.0	1456.9256074866435	15.0	14.0	-63.19248803940544
12570.507398266609	20.0	5.0	0.0	28.943930599176362	5.0	1107.463484839588	15.0	14.0	-42.009814106131955
12133.05038646107	20.0	5.0	0.0	28.943930599176362	5.0	817.7184768348855	15.0	14.0	-19.51251041374669
11565.275419784572	20.0	5.0	0.0	28.943930599176362	5.0	639.9379364437068	15.0	14.0	-4.568004155118633
11089.467237559504	20.0	5.0	0.0	28.943930599176362	5.0	523.7836176945801	15.0	14.0	10.021656785390302
10382.130866898318	20.0	5.0	0.0	28.943930599176362	5.0	394.842479237919	15.0	14.0	22.565155703932994
9810.92578096334	20.0	5.0	0.0	28.943930599176362	5.0	344.046710131105	15.0	14.0	32.93068153342224
9315.491827327256	20.0	5.0	0.0	28.943930599176362	5.0	282.42047002113975	15.0	14.0	38.68111479121042
9099.36581001348	20.0	5.0	0.0	28.943930599176362	5.0	250.61981002062606	15.0	14.0	42.24125163450135
9037.49077003812	20.0	5.0	0.0	28.943930599176362	5.0	243.25815621113207	15.0	14.0	49.37235088523668
8998.518080962423	20.0	5.0	0.0	28.943930599176362	5.0	289.1774163898327	15.0	14.0	43.88912561808072
9020.587707712153	20.0	5.0	292.72213021400626	35.0	5.0	292.22361732630293	15.0	14.0	26.295442843790667
8925.552232505383	20.0	5.0	377.0949196079545	35.0	5.0	299.4746258013222	15.0	14.0	27.28849884253498
8677.333222311916	20.0	5.0	478.0065946214745	35.0	5.0	406.87783370709496	15.0	14.0	20.62004126184506
8467.342478305629	20.0	5.0	574.6586439085178	35.0	5.0	441.42261662053767	15.0	14.0	19.509416447577966
7782.045758464822	20.0	5.0	382.7031489799901	29.68349920829967	5.0	747.1623208662206	21.693362870813036	14.0	17.21492401742625
7194.573429492083	20.0	5.0	715.6133606454607	27.005798427775982	5.0	859.9885804485272	20.906160012558672	14.0	14.819988210495255
7150.6274751369465	20.0	5.0	890.8962513530153	26.54654881242068	5.0	906.2690096945078	20.767496653324617	14.0	13.227626568823844
5803.318161010843	20.0	5.0	2020.3359914542134	22.59014686898488	5.0	1063.878303940705	20.86061867369527	14.0	5.987262580777016
0.0	20.0	5.0	7736.016181263339	20.586570326866145	5.0	1070.7247746124162	20.334536473632323	14.0	3.883161750648651
0.0	20.0	5.0	7884.136761663962	20.453341447243474	5.0	972.411260101363	20.158537288792342	14.0	10.574253615363029
0.0	20.0	5.0	7817.946012270533	20.262016271371028	5.0	927.6129680001586	20.061539969630285	14.0	10.473045046243143
0.0	20.0	5.0	7999.707296657936	20.259575648190783	5.0	817.5009069415047	20.34879720336753	14.0	15.123117528205624
0.0	20.0	5.0	7760.895377799356	20.583248023211954	5.0	859.4346103047026	19.654161985641437	14.0	11.437917524231143
2131.925545455848	20.0	5.0	5832.741224718552	21.22890343367997	5.0	839.5086788362521	18.071452975614882	14.0	9.094262874957435
1865.5739926722135	20.0	5.0	5818.232024752098	21.55562437562285	5.0	869.3452455672171	17.5710689277055	14.0	5.806301650434757
1573.6723974030183	20.0	5.0	5946.610642659451	21.903537876387272	5.0	842.8740113419675	17.05532487267929	14.0	2.3798946550310895
3167.674278660373	20.0	5.0	3848.3504803393425	22.874194366771572	5.0	803.1100216793492	17.78391674552945	14.0	2.239114579045173
3032.429589964701	20.0	5.0	3350.3775090773684	23.24932995588978	5.0	805.9230528925768	18.047753186009125	14.0	-0.3141248022117764
3083.4739225013645	20.0	5.0	2680.5636493030797	24.06077288914897	5.0	803.2244697042453	17.68644757214915	14.0	-3.6982873480553664
2658.4547861340643	20.0	5.0	2389.397712952662	24.328701269323787	5.0	781.5869685661156	17.966159930722746	14.0	-4.148544877031603
2474.698858743588	20.0	5.0	2040.419628605179	24.995462812381188	5.0	761.1024957039846	18.09244043015236	14.0	-5.793648897087055
2325.7918882067947	20.0	5.0	1859.311239011456	25.352650247000376	5.0	695.5496329522055	18.366934081773266	14.0	-1.4818719978969699
2228.2796934141566	20.0	5.0	1582.9031162403494	26.148640815828873	5.0	738.8233492922391	18.21190923374468	14.0	-7.77155694319892
2338.5984686010065	20.0	5.0	1489.678279610733	27.18573246261955	5.0	677.440092573431	18.07597488561589	14.0	-7.9444494556692185
2166.4838013075023	20.0	5.0	1331.493059172306	27.67342574142058	5.0	773.1507314871827	18.271449764995705	14.0	-12.521475465344656
2073.6466576910007	20.0	5.0	1216.3930844861736	28.117824360282253	5.0	800.7856690685925	18.512671333752365	14.0	-14.238859254093681
2035.220869949611	20.0	5.0	1138.2509352469924	28.506046756450854	5.0	812.3256140967742	18.22563589660489	14.0	-14.659373933811088
1957.2948855382017	20.0	5.0	1025.854986085063	28.55000899399861	5.0	870.9783702604425	18.376009160414025	14.0	-17.78681114718408
1846.580420922524	20.0	5.0	893.8344929910905	28.56216023595483	5.0	923.7793050019123	18.563550994738765	14.0	-19.848870327805795
1657.3423840349612	20.0	5.0	789.3633366585483	28.86213581122611	5.0	1022.5852336417097	18.816296492895276	14.0	-24.171102804112106
1625.0218627881175	20.0	5.0	596.8242221644648	29.342464898986318	5.0	1088.5746248978376	18.929700056436147	14.0	-28.378276037510673
1688.9338210115752	20.0	5.0	372.4491955056337	30.25119387219479	5.0	1111.17903853022	19.016201432659738	14.0	-27.87094380937325
1688.1176431718604	20.0	5.0	136.759984896238	30.99068653868994	5.0	1225.9222564801382	19.389809054185434	14.0	-33.735698550754044
1796.524062217996	20.0	5.0	50.558741402242994	30.720634572193426	5.0	1229.016662874633	19.37808170731546	14.0	-32.96539719023327
1989.2888382388444	20.0	5.0	30.545666297433428	29.652717009018666	5.0	1229.9963328042272	19.251712296546753	14.0	-34.35769205168418
2024.9253789655534	20.0	5.0	296.7297831019908	27.05819785071505	5.0	1151.03486176263	18.78026930405743	14.0	-31.822211094729667
1895.5148539322304	20.0	5.0	674.3812358772255	26.413209679443522	5.0	1066.3977476156624	18.50522613673739	14.0	-27.283134402576508
1704.6200882960936	20.0	5.0	694.5458375075708	26.40957652536799	5.0	1077.8175997652338	18.473323918389518	14.0	-28.76150826567951
1502.7513231093055	20.0	5.0	500.5659332866303	26.847970387535888	5.0	1103.434432131667	18.671669953816863	14.0	-30.790345905370433
1299.826492774241	20.0	5.0	417.347451641289	27.384854180613164	5.0	1103.5648424536573	18.875134673868654	14.0	-30.245832001104635
1162.6802008433817	20.0	5.0	268.0713861376342	28.01311453078758	5.0	1167.3536996972673	19.155417883516066	14.0	-34.362425624229495
1218.8797406077883	20.0	5.0	250.1032160328885	27.469436497524008	5.0	1165.1838841644785	19.008684681705958	14.0	-32.15834485475449
1157.7783364079403	20.0	5.0	290.4268538026084	27.107023621751697	5.0	1150.2678154769353	18.78389374743817	14.0	-34.01366249645857
1187.2754349300765	20.0	5.0	295.6403299095561	26.703750072297645	5.0	1104.722562378216	18.537345819428296	14.0	-31.367587055918403
1292.359958470246	20.0	5.0	254.46818035698098	26.769342374250236	5.0	1065.2722953443867	18.417236968288645	14.0	-29.135283467469336
1419.4639739598172	20.0	5.0	249.88870993237177	26.65510241329996	5.0	974.3441234248379	18.3368212523574	14.0	-23.635694057203988
1543.7133364846877	20.0	5.0	321.6011854566861	25.967320851146287	5.0	950.8650266485112	18.09401369751482	14.0	-20.42282390724916
1528.4069199732642	20.0	5.0	361.61054292746974	25.33497273481145	5.0	959.1150365211404	18.1471006578106	14.0	-15.946122725667777
1508.5124790990576	20.0	5.0	468.963121499439	24.410252498369495	5.0	932.4491191721665	17.771376740432263	14.0	-14.328137894314436
1422.2338314732485	20.0	5.0	520.7677062397419	24.258188737302664	5.0	933.5076651338755	17.545145983073937	14.0	-15.581208404624098
1244.5809337498795	20.0	5.0	581.8491121715812	24.42498668983084	5.0	1018.2864375688191	17.2631560493652	14.0	-20.410740594087887
1185.7465760672417	20.0	5.0	384.6039913433981	25.244031669436364	5.0	1055.9901142450387	17.677067984468916	14.0	-22.67069259353435
928.2298681737217	20.0	5.0	220.04444005965914	15.0	5.0	1155.4113209302736	19.193648752835816	14.0	-27.786871104844913
677.9092656687172	20.0	5.0	317.08068565307553	15.0	5.0	1096.4378525783825	19.38957042558822	14.0	-26.84429022798642
643.412147440258	20.0	5.0	115.32899850008131	26.85072255271964	5.0	1136.7598324782462	18.00877879206072	14.0	-29.32214369751093
663.3713650840893	20.0	5.0	108.41388298196013	26.517850676150644	5.0	1153.4249574338564	17.871441864343463	14.0	-32.090663316876935
692.4957449077889	20.0	5.0	111.5757701871667	26.600849841173563	5.0	1193.1386842048262	17.948984856992634	14.0	-33.88008967379975
710.4428168522709	20.0	5.0	124.3879596030009	27.029334760003113	5.0	1234.3001879670942	18.01316028372162	14.0	-37.59053258954918
827.7029682306096	20.0	5.0	203.80855511086824	26.606570246082555	5.0	1226.158460871982	18.108691883786037	14.0	-35.62567732692008
907.4300806622458	20.0	5.0	158.6733932786953	26.610968307166317	5.0	1304.7840711178542	18.129149241611554	14.0	-38.4869016213757
1033.2077173444104	20.0	5.0	163.62751408122946	26.379630714732304	5.0	1274.2369771447852	18.34016704782019	14.0	-33.97348350014175
991.7152679790286	20.0	5.0	152.45394787473447	25.682266793419988	5.0	1273.8749286231978	18.155658861599107	14.0	-35.87420115819521
1069.6354239251061	20.0	5.0	158.1604863874703	25.906318190933987	5.0	1216.9403252372254	18.325344499653436	14.0	-31.331107585009402
1193.325962773814	20.0	5.0	0.0	21.875108661734146	5.0	1223.4281914202693	18.230835098691937	14.0	-33.229348982016084
1022.702663500123	20.0	5.0	219.28740460347737	23.873912710825866	5.0	1138.6137157895691	17.79371505772801	14.0	-27.853372388518963
1230.5767899159384	20.0	5.0	0.0	26.27610374625967	5.0	1094.9318717832991	17.901559918036217	14.0	-24.916215705469316
1171.4498130251611	20.0	5.0	0.0	24.17421072077505	5.0	1036.514467616136	17.547159946982884	14.0	-23.096779007789316
1179.7034676692638	20.0	5.0	0.0	24.17421072077505	5.0	1019.9230954826587	17.174163179619	14.0	-23.951653862448538
1162.1410541929424	20.0	5.0	0.0	24.17421072077505	5.0	1025.2351763626655	17.031703107495424	14.0	-26.06985198163184
1082.925752393676	20.0	5.0	0.0	24.17421072077505	5.0	981.2418798617865	17.039503838016593	14.0	-23.866552321438522
1019.9972638177717	20.0	5.0	0.0	24.17421072077505	5.0	1033.9727310573294	17.03952626031792	14.0	-24.79803113382216
1052.4066819869442	20.0	5.0	0.0	24.17421072077505	5.0	1017.9599186507969	16.86264886760006	14.0	-25.71589259570125
938.2947776442453	20.0	5.0	0.0	24.17421072077505	5.0	1063.9332026235547	16.557832620776686	14.0	-30.686951309943975
939.751106929611	20.0	5.0	0.0	24.17421072077505	5.0	1016.4605305171609	16.21680983066563	14.0	-26.9575183823854
895.979947223845	20.0	5.0	0.0	24.17421072077505	5.0	1050.1335312052263	16.93488641362498	14.0	-27.368913154722915
784.7568749574461	20.0	5.0	0.0	24.17421072077505	5.0	1091.8678058708908	16.671044502422642	14.0	-27.90462739632115
723.6444691657458	20.0	5.0	0.0	24.17421072077505	5.0	1151.7543457027634	16.727939763431728	14.0	-32.882780904647674
701.99581714345	20.0	5.0	0.0	24.17421072077505	5.0	1186.5564612904923	16.50616072860857	14.0	-29.52635949668183
696.689540634249	20.0	5.0	0.0	24.17421072077505	5.0	1204.5910598225194	16.665880155080234	14.0	-34.16018396379283
707.0980205896317	20.0	5.0	0.0	24.17421072077505	5.0	1250.2444313018036	16.46307640276934	14.0	-36.26647921010248
834.7619583761809	20.0	5.0	0.0	24.17421072077505	5.0	1218.708265234665	16.22713723119152	14.0	-31.603101355598547
762.5951364696973	20.0	5.0	0.0	24.17421072077505	5.0	1221.299456229708	16.349224489677866	14.0	-33.8267088113088
800.8413386602163	20.0	5.0	0.0	24.17421072077505	5.0	1180.0614214907157	16.132924971992132	14.0	-34.60454434668912
669.2025314918992	20.0	5.0	0.0	24.17421072077505	5.0	1240.941570299297	16.074688276403094	14.0	-36.01074104578495
731.2470116703553	20.0	5.0	0.0	24.17421072077505	5.0	1260.0459813853586	16.24724318566963	14.0	-36.84619451992995
672.7468741130601	20.0	5.0	0.0	24.17421072077505	5.0	1275.4371074069597	15.986770644884396	14.0	-37.57856311241188
