amplitude_0	mean_0	stddev_0	amplitude_1	mean_1	stddev_1	amplitude_2	mean_2	stddev_2	amplitude_3
286.1346476511503	10.278323166458838	5.0	209.87103563380913	19.961278076628368	5.0	315.3671264463483	21.452372837266598	14.0	-0.6707643768028456
285.0331808249564	11.466627201607347	5.0	167.28646425641494	21.003842348303415	5.0	312.9268564607036	20.460051317096287	14.0	-2.694959207230824
283.5736798356743	11.00767970731959	5.0	223.9606094886447	21.196668053174648	5.0	308.51178502446146	20.464493838952688	14.0	-2.5988414787614516
312.72156896773066	12.087305212124186	5.0	170.64407062727958	21.350508611961757	5.0	318.5056781558404	20.652950065117313	14.0	-1.7988712422190272
335.77917821428997	12.961027141249328	5.0	160.93383135508202	21.92149110910028	5.0	327.30028359515916	20.53192628349302	14.0	-2.0569630230088998
332.54978845893265	13.486186020790758	5.0	169.4850293950938	22.887556584194613	5.0	326.15833092055226	20.400926380247512	14.0	-3.855989711736519
313.03917588438173	14.066177037661937	5.0	193.98276582466255	22.477236345176642	5.0	303.0869693189824	20.55567229045512	14.0	-3.1496690873545123
388.9838386621969	14.811951883972766	5.0	107.60413451769055	23.765626873390232	5.0	302.680141252563	20.61412774082449	14.0	-2.432509186801292
366.05101525937357	14.765731292179714	5.0	165.0975786359664	22.880626783435474	5.0	295.1984692138077	19.357328966533416	14.0	-1.931777093909708
454.991248009856	15.213537103546008	5.0	112.91830271304147	24.051750374270256	5.0	301.5225740456693	20.052783366884466	14.0	-1.773776366383491
539.312642342618	14.760296241609995	5.0	106.17799281661492	23.13871503328339	5.0	306.4989571987658	20.79798984608294	14.0	-3.794483331065301
561.0812930181958	15.037508518882246	5.0	105.38363806357435	26.250542547698018	5.0	311.4253713565895	19.95887369217377	14.0	-0.829322726147595
625.274459363853	14.447999795085403	5.0	92.78327560443219	26.63495286725034	5.0	319.5935559987514	21.097378804611512	14.0	-0.06826209122310578
671.9223975782093	14.243905113650014	5.0	131.31430114199154	25.686453626471376	5.0	325.98677347062335	21.286322587936315	14.0	-0.7388557274527159
753.0259028607181	13.714476349828448	5.0	131.54829632070354	24.33041566596655	5.0	336.7934043847444	22.33095974575749	14.0	-1.0022008940036575
827.16499556601	13.472942382036788	5.0	99.80315621100827	26.324723387098548	5.0	377.87037934975314	22.770546342304144	14.0	-0.1553636635445276
855.8581535074684	13.061697070843431	5.0	159.78446839433698	24.605379096839684	5.0	397.44620890934897	22.552414269125848	14.0	-0.46223301050659266
976.0989318336874	12.552734466086294	5.0	185.02203995870153	24.461320638534957	5.0	416.83552726567143	22.832121014024494	14.0	-0.8107998647707231
966.0084264253271	11.826963133475312	5.0	212.06038235553845	23.296068361700435	5.0	481.5842150243855	22.496966824648588	14.0	-1.568597723104428
1074.8719583959949	11.57871855894264	5.0	250.33570297995553	22.743465551679044	5.0	496.2526818622806	23.299087966466075	14.0	-4.122211759503263
1129.2427234011184	11.636502871008474	5.0	209.47558639350146	24.192659586277614	5.0	561.5692804611331	22.977751186112986	14.0	-1.1163114715527522
1187.3498511017442	11.435335183189352	5.0	221.01337965635298	24.586942927729183	5.0	613.5867027104251	22.3857757207403	14.0	-3.596171208825948
1482.1854893956488	11.290131231935751	5.0	270.3539330405068	25.344183211102543	5.0	564.3864306940593	24.093500982824068	14.0	-2.08187862257333
1695.9952335352198	11.427691192510496	5.0	377.37581748550923	24.940450902365512	5.0	470.46301475960564	25.766962222336197	14.0	-0.09477331620134628
1780.610282202468	11.75824271438033	5.0	306.86359462312197	25.537583781298117	5.0	521.4374195484476	24.982081907687917	14.0	-0.4271191009713326
1918.903505802872	11.996556574958241	5.0	338.1732892754662	26.111913983673503	5.0	514.5683929801681	25.515382265198017	14.0	2.024820455287147
2125.6685668691857	12.1755031667242	5.0	372.9846585295194	26.68676437168979	5.0	500.8175458729621	27.045951688488696	14.0	0.3682387959347966
2265.586656225587	12.314274925075031	5.0	434.5757442087016	27.470638444439267	5.0	462.3955221205741	28.98902711272887	14.0	0.3759238229371436
2287.0131675085995	12.621854323034439	5.0	435.6239197357585	27.523218194189443	5.0	496.8886632567676	28.92181877525696	14.0	0.7624706146957804
2269.7472684478707	12.913469233575148	5.0	388.1458569703671	28.142536623459808	5.0	590.0415318337441	26.992384698440564	14.0	0.7434358999517421
2343.487128648718	13.057621608304508	5.0	444.65589881354197	27.50976727894799	5.0	603.3820363604879	27.25786340830721	14.0	1.9335063189980861
2386.318811201906	13.174238889797632	5.0	469.66295164828983	27.057088246278607	5.0	645.624960047805	27.592047764813046	14.0	0.9437214935622159
2537.661572101156	13.2126551746494	5.0	542.923779552914	26.91287523976467	5.0	623.6193550902118	27.66648842653389	14.0	2.056647818259706
2607.1436598912774	13.157547134332399	5.0	651.5666509680954	25.71789900499111	5.0	581.426312312578	27.442294708691616	14.0	4.1175968974067825
2823.859552026543	13.12934152191978	5.0	873.6223037338118	25.609065035190778	5.0	464.7220784793771	28.146923442192154	14.0	6.607682849211386
2997.940680506139	13.1351016835721	5.0	1120.2459356336622	25.607063948678736	5.0	354.5782888441847	30.456510675156125	14.0	9.76497987711387
3043.8130222868713	13.115033964931659	5.0	1313.2770721515615	25.852741195516025	5.0	333.8090485224071	30.893046481279207	14.0	9.064367554205214
3028.702480162507	12.879181582590633	5.0	1570.5946767681887	26.129497450912094	5.0	343.92970086536695	30.72661392694358	14.0	9.700407449740164
3090.360670953793	12.9490814695357	5.0	1715.4673798950735	26.81974104172276	5.0	398.51068938445843	29.087943157867574	14.0	9.617560052639302
3357.453604112129	13.090730022541557	5.0	2061.0951168913193	27.376135364579333	5.0	353.2042704724025	29.92168581271262	14.0	12.171975905955373
3556.8498717829534	13.141392419713771	5.0	2187.8788541238564	27.474063321312542	5.0	364.26571349821097	30.288408207340897	14.0	11.77230351919458
3466.2848873409516	13.447119376545563	5.0	1849.0610846931897	27.078364113156596	5.0	503.8149229020796	26.803174293451487	14.0	10.866825616634447
3414.773319944391	13.773565714219044	5.0	1645.4037627106525	26.278496213410868	5.0	648.499795634832	24.822090020671972	14.0	5.7598610329233955
3499.528940146144	13.98266744538613	5.0	1650.3367251197724	26.387227498699588	5.0	724.9924572148336	24.375451250954978	14.0	3.4734416980569423
3540.8700438058736	13.926075251686743	5.0	1937.078207216021	26.635408816079853	5.0	643.2515666584667	25.03415776770282	14.0	7.571790308386088
3546.5427851432682	13.772934085986744	5.0	2439.915935466009	25.84250539955382	5.0	597.6115470236325	26.607597671948692	14.0	7.717113557518852
3716.104382328495	13.399385756305714	5.0	3401.649680425992	24.71914910578425	5.0	410.2809787893976	30.59774592812659	14.0	9.606784445577464
3964.3463515869735	13.408052920729947	5.0	4075.4019405097665	23.930471782644815	5.0	240.94749963512126	34.54692066092582	14.0	11.196181428019253
4208.214807072913	13.616073993359931	5.0	4020.8731189507002	23.441428322096755	5.0	187.50349753098448	35.228547000530746	14.0	11.197639180665313
4615.705040620122	13.665376632092148	5.0	4032.245477834372	23.116659210094088	5.0	169.00343392201273	35.57552475981841	14.0	12.402450636407252
4828.630610523716	13.50191279182613	5.0	4500.893813377638	22.833353193008254	5.0	153.823769949597	38.11463438390635	14.0	9.510931237702549
4742.133430338487	13.317375773715492	5.0	4885.599664972411	22.613846117672374	5.0	152.24343824597705	40.0	14.0	7.155287129168147
4122.4458469526135	13.013751707926511	5.0	5251.451889938217	22.202784775286023	5.0	201.09301662650847	35.71333263130741	14.0	10.12011806697806
3809.3753079996027	13.114732001200302	5.0	5350.590187148727	22.453055844995216	5.0	236.5209391283489	34.43731590201012	14.0	11.19109915137025
3597.608283632074	13.345546286376166	5.0	5104.2767390946465	22.779017684119612	5.0	260.0353698538307	33.86625901337223	14.0	14.061361396334014
3365.9182595513466	13.39875136924181	5.0	4706.381253115888	22.987912804508213	5.0	268.7875454485252	32.38261590134562	14.0	14.443388840130396
3162.5424584874927	13.561243133957806	5.0	4325.008945096912	23.266934409335786	5.0	342.3868087983369	27.437606302204674	14.0	15.379468611578641
3278.8886625488867	13.242697903449626	5.0	4778.076785699584	23.335244524986074	5.0	249.89588167825045	33.60740130534751	14.0	17.103129392600707
2540.458230924309	12.588775636918383	5.0	4700.806440041929	22.564902504847748	5.0	235.6404994690499	34.54365171985362	14.0	13.81417804664933
2232.8693798704894	12.176193510069677	5.0	4997.746325636928	21.848604461373835	5.0	299.2988733521432	31.409617264476143	14.0	11.995238231047763
2177.1974747156623	12.300243202666941	5.0	5094.501610625255	21.445193483641745	5.0	384.90472039941557	28.301254286577866	14.0	12.205083835851859
2051.9780463201287	11.834652920144695	5.0	5546.206997343635	20.885233553381727	5.0	470.16054837476037	26.532684345586823	14.0	11.455615261666267
1799.024814150707	11.33422904617959	5.0	5546.56154688437	20.373321096067002	5.0	403.8379938104236	27.16807458277457	14.0	11.088346822431829
1813.9303838718054	11.067126569540637	5.0	5685.251195715553	20.138214971566295	5.0	385.2999837754077	27.574434866141768	14.0	11.791480964168514
1833.2575300598578	10.801673772369119	5.0	5904.980937375424	20.039539680439457	5.0	361.49663623545655	28.509153937294457	14.0	10.941056010868456
1605.6905569394446	10.02945288760543	5.0	6016.534315870096	19.84587890545561	5.0	357.8011918750244	28.107987866065724	14.0	12.513445585753677
1283.4307697600032	9.411188792637322	5.0	5434.867864881149	19.137100018543368	5.0	447.2921636498077	24.966195478419575	14.0	11.266737235188558
1266.1688689306056	9.070440155075227	5.0	5304.667552229901	18.51173165681745	5.0	489.9914030801539	24.65417739815879	14.0	10.717902367537068
1042.998626057115	7.964946740996739	5.0	5469.109505821062	17.5750435185713	5.0	473.9391792878953	25.586089321465217	14.0	10.150987900221766
784.5593567184081	6.454048028268554	5.0	6124.75804199979	16.771353836206906	5.0	433.3718639137967	28.07469914145028	14.0	8.592502463749932
659.4876508683743	5.446865485274502	5.0	6964.877753724541	16.223446354788404	5.0	414.2747749003955	30.37933194378424	14.0	6.850110075690348
722.9901188903157	5.4285112555419355	5.0	7181.022932498583	16.062142464195812	5.0	447.79382297311196	30.761649827719722	14.0	6.6331271942910055
830.0917735066092	5.7640851845967935	5.0	7143.715382104007	15.970135609938648	5.0	480.8566906803283	31.268502041030292	14.0	6.152584010256781
1113.253171693508	6.708495805990332	5.0	7040.352932085379	15.838905036119861	5.0	539.3026496498914	30.016816561920926	14.0	7.876855031265604
1611.6353404632944	7.9229175550552755	5.0	6419.7377353531465	16.054758724380108	5.0	637.1889330302542	27.030363091085597	14.0	11.100638451905382
1969.1052809307976	7.626469498244721	5.0	5905.976265325826	16.721003373330408	5.0	644.1306777292253	27.09421062709305	14.0	7.459735296439829
2144.471488664474	7.55457418683561	5.0	5409.1966348761125	17.320824632235617	5.0	577.7726875242353	28.03258997043973	14.0	8.382996354378125
2275.299451253545	7.5844237343880705	5.0	4566.782301975515	17.892646494576898	5.0	493.90954211547853	30.14497535916781	14.0	5.947989901988898
2212.334681734821	7.492861157023197	5.0	3850.388265422098	17.897054323468424	5.0	427.1004128311195	31.28135599319459	14.0	4.456983340738498
2100.293200973006	7.403324811441255	5.0	3318.1505160177594	17.521519016707018	5.0	448.1743653808503	29.419296017988177	14.0	2.7273448221430248
2098.2872919047477	7.327758042063558	5.0	3152.122626624976	17.31528475321574	5.0	429.43619792267924	29.294432483009558	14.0	2.45303197195176
2160.112143991047	7.251856397157408	5.0	3189.17874260904	17.103960411884035	5.0	428.0202797050871	29.216941494487056	14.0	3.8333579997736726
2244.116036408146	7.341240698229675	5.0	3191.45516846348	16.8401791526506	5.0	523.5442460190482	27.06733981075075	14.0	3.146291149525098
2395.134524002523	7.597450100393745	5.0	3397.3805884550943	16.754814878250077	5.0	672.9419227264293	24.140925640935663	14.0	2.627208923194007
2718.289180519998	8.21678513739074	5.0	3387.6393764767395	16.953358787231952	5.0	718.1212616015201	22.458683452202123	14.0	1.6680114801458366
3119.032579288127	8.717912960217289	5.0	3380.1264778766968	16.583196020756805	5.0	682.1604183356054	21.386657477961748	14.0	5.181648803163568
3498.968180325314	9.248892528528245	5.0	3159.831181198245	15.443945695560748	5.0	778.9129121710739	19.770817224794186	14.0	1.61391650605137
4602.629366284751	9.619578650173993	5.0	2302.7108656495507	15.0	5.0	791.8132528853478	19.26889826822458	14.0	4.148955065850961
5457.751229468546	9.381952957942527	5.0	1554.7119412743384	15.0	5.0	789.8286957521811	18.79518648091109	14.0	5.17604301268633
5916.133935420306	8.905326286369709	5.0	1264.9396172497097	15.602745955962686	5.0	691.4725959797486	20.028932102181535	14.0	4.304718363087119
6058.020428934314	8.756334197168684	5.0	1041.5017814391504	17.250862720893515	5.0	709.6397509843181	19.999899052745143	14.0	4.7760982277276876
6194.072224730866	8.837449237944988	5.0	1013.1158712827884	19.76015805917613	5.0	769.5109860191853	19.60348487823768	14.0	4.250874162679902
6486.903961536901	9.011006128445873	5.0	1183.2455760211162	21.05144354221158	5.0	769.3149043368221	19.167258692271496	14.0	6.432075243046319
6826.376059067281	9.352171786607062	5.0	1177.649179089353	21.061082462696184	5.0	821.2742389671868	19.073714222138964	14.0	8.132641448274539
6854.065716206745	9.641339637065151	5.0	1237.7505858543002	17.987965198951528	5.0	1044.817120593652	18.871184189736248	14.0	1.5916825772809458
6827.757605470819	9.711285383037445	5.0	1446.0049474198681	17.368908814830547	5.0	1001.126384758436	19.768843333255813	14.0	1.5138585216836637
6737.319920697615	10.009232986711506	5.0	1113.6640992390048	20.49121706720527	5.0	945.7606987964016	19.15961701249482	14.0	6.494269125444683
6211.371649329266	10.124595794242436	5.0	1241.906869910009	21.685463192115847	5.0	850.1746736924281	20.14942808836426	14.0	13.709413441588824
5504.495388589882	11.009278929593442	5.0	1314.494916931057	21.50468265128558	5.0	955.8421384213852	19.404016454973785	14.0	18.43542662102573
5128.210606256399	11.691917141138514	5.0	1273.8453809194596	21.001781520749446	5.0	898.229788721059	20.40777718111248	14.0	24.750651850619864
4563.628358822292	11.459562613939708	5.0	1382.077741684056	20.260689108081667	5.0	822.305117853766	22.56631632435777	14.0	26.096977909988677
3792.5059062982787	10.895167102256808	5.0	1689.573761557664	20.121756037504706	5.0	714.2163018818784	26.32285621811175	14.0	22.685655796481782
3047.3109354135013	10.59820629971619	5.0	1593.2393612444193	19.76211731629062	5.0	813.5700723067334	26.1600222864201	14.0	11.278506896320234
2757.891209973282	10.714544967560851	5.0	1228.5669820460619	19.661038495179408	5.0	875.4307346886931	26.34271551943432	14.0	6.612320176260274
2517.9400281608714	11.127378317191146	5.0	1055.4704074426468	18.392820329596717	5.0	936.728705625739	25.807354151640236	14.0	5.1210333968100645
2300.6328743704644	11.635488356408297	5.0	1565.5902109182787	16.562064400561344	5.0	839.1958502727781	26.140329852006335	14.0	7.610783038288177
1660.036198794135	11.408203972490034	5.0	3178.283823247907	15.0	5.0	769.283833414989	26.18654065137855	14.0	10.141362523909406
5253.217362276247	13.485269742786995	5.0	478.2746478295256	21.168442751794746	5.0	689.6179872054411	27.32995604172752	14.0	11.447649611430577
5327.895438153581	13.571790286789875	5.0	1030.7270750579737	21.616799257988877	5.0	588.0260908993438	29.96094177264268	14.0	10.387328235523153
5228.935144748819	14.009726034085938	5.0	1498.393290724912	22.154766198914505	5.0	511.31813072421625	32.64201967984066	14.0	8.60656054806605
4900.9670579261065	14.176303407852247	5.0	1988.7782745452162	23.172613268443925	5.0	470.67837756977275	34.368912416215046	14.0	6.114096469366697
4453.094154164805	14.239658579919876	5.0	2343.8139405853435	23.3972248413237	5.0	463.01118774039134	34.97243596121966	14.0	6.000507606655475
3944.0025160262026	14.475018419323316	5.0	2743.5897813928304	22.835837099506946	5.0	485.13844043245075	34.022661157196595	14.0	9.332509028625344
3233.6973699896967	14.772113000496558	5.0	3368.171829739161	21.572503932957293	5.0	592.4058615595376	31.57466033349013	14.0	12.196327478382427
2920.9590912792223	15.18338575474401	5.0	3541.258617951408	21.11854322467421	5.0	714.0597221230893	30.221220819324493	14.0	14.82791601652544
2614.009643944448	15.34805587053567	5.0	3685.8319181372462	20.73213300254927	5.0	960.5386913483921	26.91129923290224	14.0	18.822341929386194
2779.922964159684	16.436526113031388	5.0	3046.810980178392	21.271155110552396	5.0	1263.6553318868935	23.527455814670112	14.0	26.821579832944746
3047.9095614659586	17.50895415638916	5.0	2983.4839475681906	22.277982239466706	5.0	1250.9265062958004	22.15839958566943	14.0	34.94441032619222
1845.2663778297494	16.15288945086342	5.0	5528.294416280357	21.853079423099004	5.0	1074.523593513773	21.879912291404743	14.0	36.55564976372997
2213.666796383301	15.427808762246732	5.0	7491.088515521946	21.828377376516563	5.0	995.4275769828413	20.53890341607914	14.0	31.695755449153744
4086.136008415232	16.847701934412527	5.0	7132.278269179054	22.243748556569553	5.0	1063.4540621715134	19.26806164773919	14.0	26.257222306757317
5284.405299534517	17.997313869368618	5.0	5599.071596821757	22.88022463537117	5.0	986.5879480735883	19.93121964478275	14.0	39.013150815149125
7645.111457543438	20.0	5.0	1757.0378848295197	24.086812651041036	5.0	910.8884836755823	19.899250348979564	14.0	68.94132161512765
2165.116013809287	20.0	5.0	6344.085627044596	20.67882104908101	5.0	565.48011690269	19.949914265658315	14.0	139.5195787119971
0.20775989372682768	20.0	5.0	8630.880322432886	20.11030060251572	5.0	231.42431887521857	15.0	14.0	173.99752764969844
8318.19226419045	19.571952689241687	5.0	750.440554819602	19.573348321182465	5.0	178.39577578620467	33.121617621061425	14.0	139.1348168902275
0.0	20.0	5.0	10177.950691257209	19.084428097762814	5.0	313.9343060307785	32.26936216185884	14.0	103.76705100071119
0.0	20.0	5.0	11079.788586902201	19.013923812103858	5.0	682.5128662835538	27.039783109625596	14.0	78.04744810473335
10297.723142992232	18.797933975422033	5.0	1375.8626402059522	24.897020926190983	5.0	834.6595363938044	24.080743378188068	14.0	59.729312561198746
8444.628833909157	18.363859637546216	5.0	3096.005166285359	23.96658155075861	5.0	860.6810751758285	24.497973353756375	14.0	41.56507176690434
8166.854021189185	18.402182595886988	5.0	3314.592956710619	24.271979228893436	5.0	770.9161470682822	24.55639629027927	14.0	38.600378086286426
7759.678145731284	18.076705188816366	5.0	4127.784641157735	23.33344940490102	5.0	997.6798983322277	20.86457030946278	14.0	30.427240971372623
3846.1472008589	15.20373795423498	5.0	8714.937643735262	21.305156860227992	5.0	924.5547556096711	20.538541251442787	14.0	26.179988412869704
4505.720952488973	14.872607352111565	5.0	8504.055030160962	21.68642958415075	5.0	530.353174896726	24.6646735584078	14.0	28.360296282690694
5676.713802959933	15.62353091879341	5.0	7233.294884941665	22.654451771279142	5.0	400.8574806358239	30.007241368512663	14.0	24.015423838551722
6896.86107073853	16.77588059344125	5.0	6450.563149069283	23.8441568951771	5.0	463.6626509442671	29.652732651416176	14.0	21.75815276156503
10458.867595994292	20.0	5.0	2550.013376734399	27.509853786062774	5.0	1113.1677030970916	20.229587792820084	14.0	-4.697811197909281
10183.50678621566	20.0	5.0	4948.624265655986	26.207995242976597	5.0	717.5662639526349	23.504036910772484	14.0	17.40394068007197
7829.881000300376	20.0	5.0	7346.112301516902	25.66843233000286	5.0	570.4781897782507	27.524871640759642	14.0	24.040599826299403
6667.695626527671	20.0	5.0	7711.320212710557	26.17004796834861	5.0	626.7851493163837	29.430264531912616	14.0	20.09646816645974
6943.247802520082	20.0	5.0	6974.141043289542	27.4463395817414	5.0	767.2988680311712	30.063853775107216	14.0	12.106365880029763
7095.741168254581	20.0	5.0	6566.497609291989	28.67277513915224	5.0	708.6350420585063	33.62391555794349	14.0	4.067897194374458
7512.947529453526	20.0	5.0	6096.046014769169	30.09514827404045	5.0	511.4454619596307	40.0	14.0	-6.485912612904534
7765.614974609973	20.0	5.0	5079.515560313034	31.110736791753517	5.0	595.6120325453915	36.77144185980982	14.0	-0.7566230003083287
7788.070718775251	20.0	5.0	4422.077425090106	31.01242130450961	5.0	802.5207752344671	33.246509462480304	14.0	9.286499123145592
7569.941750469738	19.88744904421675	5.0	4120.769263460996	30.187580301684612	5.0	1161.5356013933613	30.092363547896078	14.0	20.069196903646894
7940.337257611998	18.932892423979226	5.0	4344.211854517223	28.472561007245687	5.0	1357.8892110259926	32.12606249663136	14.0	24.987085253739025
8055.263135974537	17.871601678744877	5.0	3846.688109103847	27.050522326432052	5.0	1599.2674943763834	30.857281851400124	14.0	12.10028736102177
7598.190328639123	17.23892230518486	5.0	2892.744616114736	26.680732666712544	5.0	1569.2293320896579	28.184654468388693	14.0	0.598451904878603
7084.043855407299	16.923277828242142	5.0	1966.0144394461743	27.562512348920656	5.0	1508.44342271378	26.660621309045634	14.0	-3.89863196161418
6690.5927405783095	16.749720525357922	5.0	1691.726626096284	28.912999553532106	5.0	1334.2560249039536	25.662249650771233	14.0	4.50357582469716
6180.171689667176	16.98008202885573	5.0	2192.439024705997	29.12627407272257	5.0	1178.7597603165143	24.90601435914655	14.0	16.376292359369437
5288.921088314185	17.220953203884513	5.0	3422.086443305885	28.086367309822272	5.0	1046.5541433705464	26.324360811026395	14.0	30.87256547355133
4576.188172254934	18.349424571397485	5.0	4629.125207614667	28.047375431553714	5.0	1093.5587920933312	26.91963407145289	14.0	57.55782594304882
3990.4110313109395	20.0	5.0	5713.755891528666	28.41969028639	5.0	1159.2765424761153	26.237476690284645	14.0	179.49585712142502
2533.741767610926	18.341797686996333	5.0	7995.461092849704	28.09466815695537	5.0	1038.9646006555465	27.621229838601568	14.0	1117.044742976435
2575.7778201307315	15.662256467068426	5.0	8764.782492048946	28.26321315460855	5.0	830.134325387288	29.460117332847584	14.0	4555.066906125931
3287.942101003145	14.466530333458515	5.0	8965.082631676583	28.449851148995794	5.0	654.9511075141539	32.02152643905639	14.0	3667.024927100101
3407.3158376468773	15.119293991835026	5.0	9135.973346285029	28.753811029837358	5.0	801.780592481255	30.33848865811526	14.0	835.2378879082225
3495.7510595371555	16.805647491783606	5.0	8792.5559491498	29.300576548299297	5.0	1025.3808404894255	28.158539476381783	14.0	180.18893639105457
4907.878270272703	18.100967147899837	5.0	8471.469710720683	29.61864744153166	5.0	937.9202757919523	28.671002894597677	14.0	72.89232963193862
6682.542827172764	18.103276286740495	5.0	8384.836813821792	28.958287025798967	5.0	867.3989201882074	34.31476262327564	14.0	56.451428799464594
6611.977557523723	18.35029233455715	5.0	8709.63855619846	27.683525146339925	5.0	1160.0583755501864	40.0	14.0	61.02665437295274
7054.095533627397	19.214375564596192	5.0	9034.74018852653	27.43115270887727	5.0	1098.5507454919486	40.0	14.0	79.06678836579246
6762.16897026938	19.627673035608968	5.0	8702.988289570165	27.1935575042	5.0	1557.4554172677992	27.953757195414724	14.0	81.61037639168164
6883.023746788081	19.50995507751905	5.0	8776.193822501422	26.868720086658985	5.0	1672.8565948133682	25.883648059660445	14.0	67.04025626794795
7463.669898405453	18.741448735336572	5.0	9284.483857270554	26.631474415990844	5.0	1376.03941046358	27.49468219674139	14.0	59.21996282027794
8378.32921938786	17.99870436489258	5.0	9977.510988709922	26.44792846052672	5.0	737.1075088788591	36.86745008713513	14.0	54.83186888873723
8336.077612691224	17.922567320304207	5.0	9360.725825417192	26.1384693531917	5.0	575.5874014826015	38.19623227795734	14.0	37.66188177806608
7284.0113871696485	17.917614030487144	5.0	8864.338148031462	25.66940706687728	5.0	604.0559541938102	31.860601668589606	14.0	36.85083675754372
4267.255930839158	17.139600512269123	5.0	9890.370246015204	24.525250826184397	5.0	794.4638669297136	27.80755416215213	14.0	28.99583006489695
1943.337165097733	15.233878481551079	5.0	11279.38010455197	23.479217846347304	5.0	770.2586409423956	27.912540726628954	14.0	29.4780380530879
1904.4422746854896	14.912972911075547	5.0	10929.085116184422	22.861524455995745	5.0	751.7340921427898	29.79838443237879	14.0	27.322392372105377
3725.1993642268817	15.993238204593196	5.0	8803.836682169229	22.859268636389633	5.0	755.2449447517647	32.44625308615454	14.0	24.481186622193306
5398.194375062064	16.168568722283148	5.0	6324.6439838509405	23.255895545302717	5.0	694.2605686301152	35.6417219305498	14.0	20.3916533820479
5941.541538004421	15.877089179543729	5.0	4660.4212838057565	23.234552375064016	5.0	641.86986864071	36.028931527426245	14.0	20.908474830829075
6353.407251338291	15.639409647386245	5.0	3637.7478382587883	23.618206885399957	5.0	537.6457545476569	36.86020867791185	14.0	17.3236267052699
5802.865082852069	15.699916449580378	5.0	3677.349042485326	23.246327185335193	5.0	471.3245240964633	37.67861598035229	14.0	17.477352725447766
4299.6783760088765	15.669950497008195	5.0	4628.4092882832465	22.12025484617757	5.0	529.1583088476202	35.47283704963902	14.0	19.011297157814152
2838.2517586535396	15.080840339353323	5.0	5669.697040777249	21.452434177228568	5.0	549.9753595946255	35.21644899974071	14.0	18.89634056191811
1934.6528661536477	13.976820998472858	5.0	5775.242913559471	21.3300802031442	5.0	576.2246191451835	34.53967932597642	14.0	16.003744251572005
1933.2811807893233	14.083606367985011	5.0	5097.812678995053	21.54365306888693	5.0	594.6977316504543	32.98306368798196	14.0	15.138617619486332
2253.341331213202	14.550233086431003	5.0	4487.147581340962	21.80145780167582	5.0	555.3379909763105	33.37616067342031	14.0	15.193957962242697
2423.7016725121957	14.542966225176077	5.0	4221.594161153535	21.833890452381375	5.0	512.6517345571024	33.695050154563084	14.0	13.869294371737157
2517.778058413837	14.544665705661847	5.0	3951.3535695324586	21.97392199170788	5.0	431.41703112075334	34.963783947330334	14.0	14.309990068150203
2118.5534388488154	13.849289947946154	5.0	4272.201830173408	21.768443621327478	5.0	390.85367653616225	36.30030651694768	14.0	13.16549430987467
1536.2586935687916	12.961330763169766	5.0	5539.59675094093	21.789729341114562	5.0	366.5406531883204	37.4793935530949	14.0	12.684764821508676
1171.6730720492035	12.47718336453163	5.0	7226.390054578826	21.935102151055027	5.0	354.79856831443544	38.60969066094432	14.0	12.860545503379797
808.459296494661	12.025206771961537	5.0	8626.821875754686	21.866204478881574	5.0	384.13031332343024	35.86689152118563	14.0	17.280710381796336
683.8969003556742	12.158922139267434	5.0	10673.386707113084	21.911212959198437	5.0	332.8921278876313	37.078191457430584	14.0	21.261843028896276
811.2304913632192	13.299566719771553	5.0	12207.699466087886	21.686473581729818	5.0	339.94031575917126	36.209226891914746	14.0	24.759019431179937
1858.2982440738772	15.599106357605258	5.0	12923.412991180496	21.318780035957385	5.0	435.85231100175616	32.173497259533384	14.0	28.886234051637064
2762.1302527365183	15.473238077959515	5.0	14282.959083347561	20.81419667111681	5.0	414.22992167319666	32.795178380273356	14.0	30.05507148592691
3536.3337642177853	15.174973660124461	5.0	14664.766967967034	20.49452450463527	5.0	461.2227755184474	30.805079622319134	14.0	31.881659101046427
5475.989511159932	15.483717350150389	5.0	12474.549998343378	20.95482795189651	5.0	479.8773607355771	30.080765727440554	14.0	32.03225555195841
5276.491185579179	15.540385216405397	5.0	11494.756475104328	21.191548677131497	5.0	493.93489742274755	29.098535273432056	14.0	32.88263839099574
5363.2477137467	16.16721176486176	5.0	10333.267262861349	21.596624713720246	5.0	525.8842522906627	28.036411961503404	14.0	31.175927623342883
6622.323960335618	17.03537106588179	5.0	7643.981389224953	22.55840804397494	5.0	612.6448573782968	26.59983451296306	14.0	24.490764896048432
9546.854416174843	18.03250422949997	5.0	3813.0371958312044	26.19873870738762	5.0	501.7633794773883	26.803763911978645	14.0	26.277554750082768
9733.376051667228	18.04917802578931	5.0	3646.2950526735717	28.704293842847616	5.0	182.50502060061086	37.794995877331466	14.0	32.496808376557276
8285.768507437626	18.31879580523723	5.0	3266.082198288539	28.731266186696462	5.0	561.1707021202332	28.204263884774154	14.0	26.421327422989545
6550.184602562629	17.95614110987799	5.0	3887.342567041605	27.25447255799536	5.0	837.3381192029727	27.677822368733015	14.0	18.872367663955025
5525.035168804413	17.011257942090328	5.0	5808.345288592636	26.17048084766601	5.0	310.7354737891177	15.0	14.0	55.94288828472665
4561.325687665832	15.390683510522933	5.0	7217.17551167132	24.164542139961615	5.0	309.20859831929295	33.09123475149019	14.0	24.30947609609702
4576.086904267952	15.17812799890627	5.0	7458.96256048548	23.29590847597527	5.0	225.20485905076336	37.51096451280125	14.0	22.70331951249626
4214.954981614569	15.083986203853328	5.0	7527.154869207446	22.644674200942347	5.0	209.0742543174179	38.26454299031556	14.0	21.824382837984455
4050.4247838408055	15.261552012286433	5.0	6906.0990016452215	22.07227422271602	5.0	335.56542809697834	29.94004707477601	14.0	24.290822404022162
4782.541782806157	15.783849715900947	5.0	5532.147025530121	21.897549260752605	5.0	596.3887789128664	24.121183766721533	14.0	19.8738979006267
6369.851022395176	16.695075085039605	5.0	3149.7010171798793	22.364460627126235	5.0	749.6722538263032	22.893339627029142	14.0	14.495535961965468
6146.238909082819	16.866070799490966	5.0	2792.426261458735	21.079981126048473	5.0	811.8257445397644	23.043233449580978	14.0	14.306436022628718
3377.393533208971	16.091660654112367	5.0	4660.567454726533	19.497373441997134	5.0	791.3073663361205	23.616430571526948	14.0	15.414717902240907
1896.4332824230678	14.96509514541309	5.0	5093.479234573938	19.259969925739842	5.0	777.0759161693006	23.88149389185802	14.0	11.833328367534492
2696.886880943561	15.22412313223414	5.0	3742.618131816942	20.00044464049163	5.0	705.563592631331	24.132270995657088	14.0	14.43033170439433
2573.9167517964747	15.459776373952403	5.0	3452.6405921104624	19.547529639283145	5.0	665.4390575198853	23.7051108505308	14.0	14.339226271026552
1371.614761737477	20.0	5.0	4380.897322661325	16.784426854274074	5.0	673.0233305719956	22.349196642744644	14.0	12.87652156006641
76.80641289212825	8.901003971642721	5.0	5576.233681961854	17.181133055544457	5.0	663.0350819956097	22.969123793932113	14.0	11.721700328665907
239.88965564197437	9.515704391220687	5.0	5614.284553643425	16.94500710658484	5.0	595.2772925376636	23.54968143096998	14.0	13.198563735146763
383.3615162083663	10.119782208355048	5.0	5352.644916801033	16.94737804108938	5.0	653.4161692047359	23.943893248004024	14.0	7.3519549785119995
1619.9775423840574	13.7370018506645	5.0	3742.820260577176	18.032426637282953	5.0	657.49542817352	23.810794647496238	14.0	6.512656142030208
2326.257418189573	14.532440452880865	5.0	3066.6981455278196	18.230436732145108	5.0	675.4049126434429	23.616567008364033	14.0	5.653561673946013
735.8072059023008	11.891580422082834	5.0	4820.975463678016	17.102780941766667	5.0	647.4521979762987	24.398775217110607	14.0	7.7171518807932715
964.1724936495465	10.978069136028635	5.0	4805.127853357681	17.37803921405679	5.0	567.8645173091049	25.72963726190602	14.0	8.938668315233754
1181.1654813278408	10.774894921485947	5.0	4626.946644699856	17.969846699351695	5.0	503.94554538100584	26.495585986255325	14.0	11.387043584208303
1164.3013085322932	10.74541142440831	5.0	4617.046476565899	18.583403827646336	5.0	475.7188316484984	26.260042293292415	14.0	17.440311235545348
948.8916277499972	9.826564341337633	5.0	4639.1908543930285	18.693354403438743	5.0	483.59446044911664	25.64414085903979	14.0	18.540255679127366
797.7792905598417	10.881536156887321	5.0	4044.6268781594504	18.734908314049417	5.0	647.7701445428174	20.836035043231163	14.0	18.417305207419794
1375.48646767593	13.28890699434026	5.0	2806.3547957367755	19.630951663553432	5.0	843.6268280429412	18.481303681818925	14.0	13.553597478447347
1678.934473451548	13.510541764734153	5.0	2515.8615796223044	21.419419929008132	5.0	840.7723221902833	17.926459941846904	14.0	14.447426343918927
1598.808324127707	12.702982006282518	5.0	2944.7072535400343	21.569576957217315	5.0	737.632747140404	17.984381685350794	14.0	16.234092369073668
1373.5190724611846	11.91345840967332	5.0	3242.5382031997856	20.935506527209977	5.0	725.6822231530213	18.727295163687625	14.0	13.405441680097406
1145.9514376636455	11.933596368657398	5.0	3364.2597010817453	20.372797703260968	5.0	842.6424058384964	18.164631115063404	14.0	9.946141486248575
883.1966178230085	10.25521670253169	5.0	3597.3770310686023	19.76235555196409	5.0	872.9885898854326	18.962575547542063	14.0	8.911949823918508
794.5975075056951	12.342626346374539	5.0	2796.801475835848	20.115704300879287	5.0	1212.888943608766	18.278508041674673	14.0	-2.2993169921397842
1510.8398304588663	15.18834832577936	5.0	1716.3252358173931	22.276769863892746	5.0	1442.4318367058315	17.990799914478366	14.0	-7.170885046462414
1631.1965606824924	15.247229075156076	5.0	1517.6114758007643	23.740170728193654	5.0	1511.418248091183	18.03683798338309	14.0	-9.752058930434607
1500.4550932341076	13.406375851662732	5.0	1788.6614609697444	22.92093389253127	5.0	1434.9145125853313	18.66136175520754	14.0	-7.963585830675998
1547.0400804357328	12.292249862585273	5.0	1957.2159871794115	22.447775487263215	5.0	1380.7863237403972	19.317211907226493	14.0	-7.619391825094313
1532.8103971720311	11.425017385292643	5.0	2344.590045548479	22.203098690569814	5.0	1292.7853283897073	19.768560183137325	14.0	-4.000434682029491
1579.9808865232842	11.451446809076053	5.0	2635.7832021437303	22.500309305012564	5.0	1161.9297887281543	19.928047153583194	14.0	-2.4087231630980006
1681.8696604796644	12.146306633823055	5.0	2936.7100329388577	23.326377797085406	5.0	1036.6268454371834	19.529412367587877	14.0	1.5436622641043594
1742.3530072576914	12.333459294746463	5.0	3031.665360448267	23.922637758406538	5.0	937.8346415942448	19.597561246631862	14.0	3.5414506874063805
1653.1708958121872	11.958651003340238	5.0	2857.5678133676934	23.994408712411634	5.0	915.9828815604707	20.14407556835127	14.0	5.175824862961685
1566.5115502288775	11.922746014923177	5.0	2705.774370311072	23.617914504095147	5.0	937.9949611225506	20.383088675530114	14.0	3.4904765093776877
1455.5933135067585	11.805071361309055	5.0	2690.4935282152705	22.333917663002385	5.0	1040.7089764873656	20.855903174528052	14.0	0.0649211135174557
1277.8211570193284	10.71434477457127	5.0	3007.212832085939	21.166381160617323	5.0	916.7312905719111	21.671166116764645	14.0	1.6146928751258613
1135.091418631418	10.139195018325529	5.0	3038.4159033264896	20.82108439221428	5.0	795.881694618726	21.81677132128593	14.0	3.3306794915976643
1086.2924613809132	9.432566012440747	5.0	3293.4966778633357	20.62092869509266	5.0	670.5910628370378	22.430122517239056	14.0	6.751078870852759
1153.6412685942003	9.37405671094063	5.0	3264.8246797722472	20.75451706386578	5.0	640.4587026761739	22.21357234682379	14.0	7.591457094218395
1165.3871649382922	8.992196096558102	5.0	3105.2128698856854	20.705987685233218	5.0	586.6695797802645	23.193178319822014	14.0	7.888200144767519
1065.4524652482046	8.591358705324533	5.0	2724.7624397597747	20.42461337068089	5.0	600.4092614149931	23.563128925381857	14.0	3.233068496126288
1126.1634255540864	8.622839178515116	5.0	2490.6663162254295	20.167223418207882	5.0	555.2415881165622	24.347456048866988	14.0	8.811228529567327
1164.6147900725118	8.641538280859823	5.0	2188.244304643213	20.124688987597928	5.0	610.5838859451102	24.073720997758482	14.0	2.7612555957425933
1257.7008914468229	8.820550862268213	5.0	2108.880539983539	20.05441094862132	5.0	614.2782803771908	24.31529482170751	14.0	4.444327176176861
1315.7772727873478	9.049461600275244	5.0	1966.1226300252852	20.434551764448756	5.0	626.3588626791367	23.78708386555234	14.0	4.605553234504311
1311.2656812255123	9.165744878601346	5.0	1778.4717013232735	20.305705797390925	5.0	720.2267976247954	23.317779495882466	14.0	3.759308744751057
1275.2584608534337	9.10960958495152	5.0	1765.45845686591	20.116222193760567	5.0	732.1963106745735	23.192566530584187	14.0	1.455277209139854
1293.138369733506	9.234520382101401	5.0	1534.2817199228634	20.30156216645119	5.0	750.7882720450652	23.10158956135173	14.0	0.8090327851575688
