amplitude_0	mean_0	stddev_0	amplitude_1	mean_1	stddev_1	amplitude_2	mean_2	stddev_2	amplitude_3
272.75205158125385	11.460469113731067	5.0	686.1882545215586	19.6552244219544	5.0	172.86926190971968	21.32126649099275	14.0	0.4974529277981415
281.79114506171476	11.440792181324273	5.0	655.0191213510376	19.957196020949546	5.0	159.1906015448496	19.766392321816912	14.0	0.4737750014962841
232.40962128013928	10.820570330986541	5.0	645.8713976469045	19.597886848926322	5.0	169.73136298694982	20.687108982782593	14.0	2.5471938865592327
235.95534342231412	11.435400495917426	5.0	549.1619877828315	19.548019040924896	5.0	170.36101797988343	20.080834945484053	14.0	1.4004320259967475
171.7906738929981	10.383966912402126	5.0	625.1234512685427	18.696544803366084	5.0	186.06327412456267	19.66186809612384	14.0	1.5047512626123358
170.38523761180127	7.811182020445601	5.0	652.5860021249857	18.53545580741815	5.0	169.99024710542494	21.552428407418127	14.0	-0.6299084425080469
196.796109662207	8.963470596837716	5.0	599.6186566373191	19.338142176403313	5.0	156.87189455918937	22.147993321349293	14.0	-2.1041999000149736
155.69710725520767	8.570919266706554	5.0	554.629487492086	19.055151049811613	5.0	167.01530605668665	21.98431164930025	14.0	0.23575852346946874
175.90135773105155	9.894775656414815	5.0	524.0602054038724	19.387855058591647	5.0	183.43837497817316	20.812228243038366	14.0	-2.1933118820205397
214.94989577675346	9.720239465768397	5.0	542.8933399438603	19.180089627278686	5.0	160.3711732491665	21.127446666446765	14.0	3.085659883867193
179.7255370658662	9.551361410065775	5.0	561.5684720004542	18.782605698317646	5.0	168.48435050682892	21.97469209314317	14.0	-1.8223566397888031
238.10281642639853	11.029733014234392	5.0	483.752323650717	19.84958466977523	5.0	150.53882774550308	21.005651226236996	14.0	1.2073705399827661
246.31365832089904	13.340153540304913	5.0	429.81852398976116	19.59331729903501	5.0	185.74271174437266	19.788554183504683	14.0	-1.088263391232536
288.6652311572142	13.26842993249759	5.0	406.3245957771598	20.058465770506277	5.0	193.42235235268595	19.97237273845477	14.0	-0.46565731363552726
223.7065835356271	11.363132500232743	5.0	556.0258182300438	19.616671562896407	5.0	205.7154856709252	20.874640121459386	14.0	0.460196293435827
196.95654268381713	8.932948597293205	5.0	674.5392318599445	18.94154287013598	5.0	174.02783618076754	22.04217872360667	14.0	0.18947076792469303
170.13439557627802	9.005526322055617	5.0	722.3532054552611	18.25056415269658	5.0	190.62943456515325	22.521266160457593	14.0	-0.8552596417918584
162.0705885515715	8.07100136238334	5.0	803.3171018188677	18.186687897222146	5.0	169.80007397302083	22.860817300383534	14.0	1.3890416523760325
219.3478161266785	9.893673629015176	5.0	739.309593268601	18.802522327970404	5.0	186.80881127426815	22.13826490524924	14.0	0.2738543872289787
261.21232255471955	9.676885257784148	5.0	768.8863873993157	19.024343331283035	5.0	175.12068626182636	22.576286878610375	14.0	-0.1741596714396218
243.69660840496175	9.998293265868533	5.0	724.8583401241698	18.964176505086876	5.0	178.5461857972097	22.00478004583314	14.0	0.893824315925943
278.51878121986994	11.74274886248615	5.0	587.0903739047718	19.391863356278854	5.0	183.09667428067695	20.93261649478483	14.0	0.15701857244417708
252.40651824410523	11.047960953189387	5.0	554.9533795582807	19.40196785319731	5.0	188.4588698757123	21.31748838988296	14.0	-0.2040709388565432
374.4776755457877	12.671543728703393	5.0	375.4811258801642	20.32567751042039	5.0	219.61071112340912	21.327256578303793	14.0	1.6194386176842268
427.9673548831374	11.880381699365024	5.0	408.99677044821823	20.595400575747156	5.0	198.08604076269495	22.4285860853941	14.0	0.8504255380456553
477.17767750603866	13.07118983823402	5.0	277.3456417421495	20.80704936940093	5.0	232.55054215007112	21.363898103413195	14.0	0.885823127105553
499.43922213497797	13.017980123751467	5.0	295.5986679879618	20.730566893926053	5.0	212.77898450176576	21.360768956605284	14.0	0.39968349400936687
695.344633356663	14.630296264097982	5.0	129.82403702048077	22.597705852751986	5.0	247.9738640713687	20.34449578375208	14.0	0.8344392542873599
783.6819165920996	15.042120589078928	5.0	133.01962844756798	21.77226845227865	5.0	268.0006890728085	20.151674750627617	14.0	0.28641925984901373
917.9236934106979	15.723637120673379	5.0	93.1444287985963	25.4701244195104	5.0	246.7099385777195	19.822593905109343	14.0	1.4358651216867546
866.7290021345992	15.725645540937121	5.0	112.60136122306606	23.853994841912378	5.0	252.00415021338299	19.788805710791337	14.0	0.3096633933634636
855.4673017208673	15.695581398817984	5.0	135.5958939053983	24.866889679233168	5.0	247.27001626882836	19.707319480970835	14.0	1.601063520671595
956.6521333798488	15.827392407553972	5.0	96.3893565642611	26.21919213923292	5.0	272.4808424169296	19.35990156382346	14.0	1.5951562410297644
1047.2422706166928	15.551391688174565	5.0	75.05603532100099	26.96182234940406	5.0	252.7201390043973	19.80430937868893	14.0	1.648045454027364
1087.7088301617307	15.362434050526646	5.0	99.99527609450733	25.175538714737765	5.0	248.88303347013473	20.123188143586653	14.0	0.711800748313445
1091.5501484969304	14.892483776412227	5.0	119.8797014611464	24.68482557679284	5.0	271.4995872514852	20.18076841119813	14.0	1.4037570506720787
1117.3618322184268	14.581022240291693	5.0	179.59142549981198	23.036817400720324	5.0	271.12141551740893	21.470116888410626	14.0	1.842498284535697
952.5677014887153	15.083435522432682	5.0	256.42660663603664	21.93407362400433	5.0	334.5070904471023	21.254114509284005	14.0	1.0316848744111358
952.668512724615	15.815587863299822	5.0	237.79549781489723	22.936796998987205	5.0	369.89695559850475	21.035567711600667	14.0	0.04555426534171807
1041.0067698847283	15.684130221333184	5.0	273.50297448075605	24.626349314802024	5.0	357.24011242414946	21.770782711235906	14.0	0.9304951603135105
1151.1155211462276	16.07419684802957	5.0	240.77746013834187	25.853008685311316	5.0	372.66279383506543	22.15116231978485	14.0	2.8724002715795462
1230.2153914529124	16.13698018603449	5.0	252.52286578163444	25.601280037303635	5.0	406.3287841447625	22.545375208245588	14.0	0.8730059210326485
1381.4374913112092	16.41491985346151	5.0	167.84153775425042	25.580780409318642	5.0	439.01191050775685	22.88049383376829	14.0	1.1332513755426412
1656.4966051440908	16.61516893483974	5.0	100.74193196386078	28.636488086050548	5.0	444.7645932342161	23.832549843979404	14.0	3.1339085731412957
2008.2212632986236	16.453369035103176	5.0	153.70194479622302	29.730164786151484	5.0	464.54644380250795	24.645722826969134	14.0	4.3988650510321525
2361.0734169886623	16.58036420266226	5.0	265.53487391744716	30.961431349798712	5.0	481.2991557735268	25.73276144081378	14.0	6.883198199725981
2534.2961164863295	16.65990924695058	5.0	269.78344406164547	30.323284253694123	5.0	570.9719191588453	25.330420090565806	14.0	4.80935060586334
2769.7554892737753	16.558659555622217	5.0	293.4447101713698	29.787325917487642	5.0	607.1868810421756	25.45447584569561	14.0	2.959280997230582
2880.6025232565803	16.419881717909323	5.0	303.598418786989	28.372245720546726	5.0	589.9948506113631	25.621256673261136	14.0	2.685213902751927
2994.0622311345955	16.52848249735756	5.0	291.952487794291	27.89990074448871	5.0	589.2276054405319	25.48782135793167	14.0	3.9684870022091916
3063.674823381329	16.506231910659146	5.0	304.84495696473374	28.805672644891573	5.0	625.9463349859673	25.689942271004263	14.0	4.669912867445291
3145.5369852819704	16.55709934853417	5.0	324.5132984637223	28.8548985229374	5.0	631.6846561571409	26.334814319760326	14.0	5.493940004874867
3094.779122697215	16.623109163369346	5.0	319.97506823278604	27.435273993073555	5.0	719.2803235265927	25.795883269948945	14.0	1.152162738412661
3118.786348423227	17.015821930273397	5.0	383.1746844950147	24.898051165865937	5.0	802.338080308747	25.04302856290133	14.0	0.6610560782287797
3018.3544854570528	16.815091081790534	5.0	843.7513945308652	22.70496245767281	5.0	831.1561879178888	24.90726712862978	14.0	1.3172345166064456
2931.7302097378547	16.548527035748606	5.0	1013.4563603951497	21.858077863419012	5.0	791.0289144465783	24.721230403308546	14.0	3.201141002503551
2727.4093595412637	16.231136991081456	5.0	1258.4225213708146	21.292320964734817	5.0	712.717072477073	24.844245380413053	14.0	4.595077958091148
2871.2364385790443	15.982097265368658	5.0	1116.7619533300553	22.03012746413834	5.0	777.4581765345791	24.059561273642743	14.0	5.826219562432031
2753.1254310053705	16.18658727655324	5.0	969.1518476116499	23.866768475305427	5.0	819.8293734328341	23.57640660110168	14.0	3.087148053056112
3293.6261042361293	16.711726868563282	5.0	1256.4326443188074	27.06385502730348	5.0	831.1214661463026	23.34955361182173	14.0	3.0949311468284346
3739.3232352809096	17.017923703193	5.0	1927.7985011644666	28.273801299347976	5.0	914.0397497836698	23.251502689194854	14.0	2.955192329391636
4209.142904883534	17.302187220777384	5.0	2391.0833766706887	28.733882040009682	5.0	1056.5534479727514	22.6839010285739	14.0	0.21557884492864773
4194.111547116996	17.152205739918404	5.0	2755.748984185838	28.6512179409847	5.0	1081.5079209485782	22.651530820310523	14.0	0.2600668777974295
3888.063501613456	17.10082047491338	5.0	3341.20487207291	28.406003062705498	5.0	1062.9815362816362	21.70100404823783	14.0	-4.405759007972736
3436.1003265040217	16.747501095399556	5.0	3890.2657764763812	27.474995638810192	5.0	972.4247573374183	21.41803549907244	14.0	-1.647938250286965
2981.448300820284	16.355428571631453	5.0	4431.518252150267	26.303070575951303	5.0	985.6093825012141	21.368740247837188	14.0	-4.309461409220361
2659.994915759354	15.65083991205838	5.0	4743.921235806994	25.59990709860561	5.0	773.3834959502702	21.206598901575074	14.0	2.4225082837952217
2482.07992513374	14.425644042239655	5.0	5698.96781339661	25.114138817209735	5.0	532.8639489754845	22.152088367983932	14.0	12.370035717297501
2544.8431972903086	13.837789430632428	5.0	6812.869056927213	25.187398295832523	5.0	258.4599040407333	22.399158246216487	14.0	21.460120394243532
2487.528190264967	13.749710390220347	5.0	7241.158975888979	24.928045379697238	5.0	200.29231169089638	18.57216158425236	14.0	26.75674409883414
2228.180637645412	13.40802712441549	5.0	6803.431289782985	24.07861339102768	5.0	330.2653320676428	23.121425359336573	14.0	19.698023379980793
2129.8796443198835	13.510024344821128	5.0	6455.524914561549	23.276728050223525	5.0	455.91207946635046	24.488733072666133	14.0	16.525171237746072
1861.9674762344735	12.909240046555178	5.0	5417.873170245783	22.34585567967379	5.0	580.7111113764735	25.222693540884325	14.0	7.987147538834149
2109.493251350957	13.249661792888148	5.0	4068.141119817994	22.417588800985833	5.0	662.8838324842608	24.323062574779843	14.0	4.994979762616147
2534.299129832366	13.590514623343743	5.0	3079.293849460469	22.7129270349836	5.0	711.0746708111616	23.8736632665187	14.0	3.3263413568548557
2825.250063265769	13.45380666571778	5.0	2566.0051819124797	23.268914714466643	5.0	564.6147293930463	23.975894322288276	14.0	5.87572677867585
2827.872646923347	13.15335293468754	5.0	2388.2221454372816	23.350368209465408	5.0	558.6111493029412	23.618927284992093	14.0	5.585721792055951
3027.0807482611676	12.940411349087386	5.0	2368.712126489394	23.679367398726797	5.0	491.3229225357388	24.54410733547534	14.0	7.643480540667305
3056.302146917495	13.058909862123443	5.0	2391.3310624033866	23.842947956380492	5.0	504.0741830817859	24.664400103014106	14.0	7.283731735491033
2982.5984019466073	13.174881326665258	5.0	2486.4648210414443	23.872994433332735	5.0	528.2644099851312	24.57934494204916	14.0	4.048689110744546
3112.310072369484	12.676466266055023	5.0	2615.4359839594076	24.182741554893433	5.0	478.6861002866326	25.427128948352635	14.0	5.468717052387173
3452.1106741539597	11.77260975820546	5.0	2719.4027700920324	24.028742695905358	5.0	503.13088098811795	25.72974471223239	14.0	3.0361413759607525
3636.3052759659026	11.297359444434562	5.0	2569.442198015189	23.867924490492353	5.0	663.3355011830217	21.59969833023717	14.0	4.873567079636579
3588.9495617088405	11.414084480997754	5.0	2516.090712563312	23.932122466797697	5.0	760.9522586476608	19.151022267217982	14.0	7.971622499620003
3191.190884461076	11.342478438669811	5.0	2691.1704079724173	23.704607284752722	5.0	788.4135702222422	18.10814396524677	14.0	12.339064969812267
2977.8642036718575	10.85572647839892	5.0	2935.4365295708144	22.855783859351735	5.0	684.7920793442022	19.987870076550134	14.0	14.427675416250286
3055.8115607789186	10.226882936296661	5.0	3321.1808425177715	22.198591063320173	5.0	522.323073952845	23.67876810853734	14.0	15.128028337287041
2999.7629346125505	9.992728101172569	5.0	3451.80393441192	21.858724066090705	5.0	517.7271756467144	24.48343456632505	14.0	8.62584375690258
2673.8934463017013	9.706107195564641	5.0	3653.6791578594125	21.01878150196848	5.0	648.0681385404674	22.880954757941076	14.0	8.999957480000765
2676.897983069145	9.400088462493574	5.0	4156.101204036189	20.191639446653227	5.0	651.7242306977008	23.40613946733958	14.0	12.862511059722284
2809.1157402981166	9.993304996116397	5.0	4129.15340467945	19.44798386341397	5.0	919.6442760642195	20.898716928921058	14.0	15.394157736176682
3671.2232342651496	11.215938266565393	5.0	3275.1494460344184	20.666049710617727	5.0	1148.7780924489791	18.558548907504427	14.0	25.07281087108939
3779.2245666760255	10.79345326537276	5.0	3209.7098471809995	21.582655441895167	5.0	1136.5235692476317	18.11500422570762	14.0	43.988194117808476
3292.2228119950014	10.51086591521838	5.0	3362.9748378308623	22.078806172737405	5.0	1134.4931234467288	16.32012703427665	14.0	50.433541149758646
2567.804531767441	10.296028407491248	5.0	3455.2448901022835	22.292437354810996	5.0	1405.5110885734293	15.0	14.0	34.56104474592907
1946.4633180426601	9.477968167362262	5.0	3476.3948984497715	22.407470129272745	5.0	1702.0292900881293	15.0	14.0	22.45938765439608
1730.3555589545392	8.186670685338873	5.0	3976.1289375914566	22.634854136627144	5.0	1660.6965057531413	15.0	14.0	15.933252395071351
1654.98894538505	7.756328707641954	5.0	4254.875778403631	22.577765925862117	5.0	1560.7773592831584	15.0	14.0	5.893557704000639
1498.4719488606243	7.510837615968707	5.0	4249.881186946936	22.339606371879523	5.0	1552.7467177215794	15.0	14.0	0.594693621232048
1406.2954744840424	7.162071017134539	5.0	4593.616678648858	21.903748654264277	5.0	1379.5708965123881	15.0	14.0	-0.1892755343321501
1290.2585827666894	7.557672930998238	5.0	4704.5529343064045	21.5033710149877	5.0	1261.8427631644022	15.0	14.0	3.1189296915131792
1525.568140174813	7.528332813556086	5.0	4880.934621689925	21.338379342951114	5.0	1027.3135664383667	15.841593894861797	14.0	9.29800680168749
1711.0070465912504	7.447289456460832	5.0	5023.871649098922	21.188179530988787	5.0	909.0852581228597	17.33426853041233	14.0	13.615979420262722
1936.3522143601376	7.485802720411053	5.0	5208.744485770585	21.133446531643973	5.0	883.4554670478702	18.461836757138478	14.0	11.61522978217018
2116.3625527278	7.922610500119865	5.0	5153.210121611737	20.91115105350858	5.0	881.9413402973582	19.10374356352098	14.0	11.851276792907353
2255.2817509541064	8.27040468771948	5.0	4961.951592411685	20.702804559660155	5.0	856.5028055788725	18.994400247004716	14.0	12.465796538255157
2204.0053876603356	8.605130891077629	5.0	4786.074605597491	20.330321625715396	5.0	933.8991223485135	18.990311734090337	14.0	6.325508689880259
2152.152008858345	8.511278640274192	5.0	4814.1287953852	20.13055335241952	5.0	894.2709759489751	19.68567529586991	14.0	6.331727257708543
2129.3437906663066	8.05839681752605	5.0	5418.992624564727	20.150538194156393	5.0	727.3951825824149	21.387015671470767	14.0	9.338595356681893
2079.378809069783	7.903752475476049	5.0	5629.29651410166	20.221970697995424	5.0	774.0614129848481	21.453598028054838	14.0	9.073455560035775
1915.8496790551246	8.327587692278653	5.0	5027.356944553829	20.42716411047683	5.0	946.9953668695405	21.14617839548055	14.0	4.494462044525859
1815.3603445554704	8.477762399219037	5.0	4874.702951518573	20.708147446058277	5.0	936.3285708886964	21.840626192263365	14.0	5.996543452531955
3320.8274906324727	20.0	5.0	545.7805365513489	22.579705267009565	5.0	2170.052958027275	16.642836374416234	14.0	-50.28665820940504
4177.7972362672135	20.0	5.0	163.16029796718993	23.974013617261658	5.0	2166.78349970692	17.071444922571462	14.0	-51.30847228839619
4896.68121401999	20.0	5.0	410.6514215028252	24.972064900821778	5.0	2196.3869576238653	17.47326279894493	14.0	-52.09884433301972
5481.138188754791	20.0	5.0	850.4489676302246	26.369977291696504	5.0	2140.4493915041053	17.731275461247446	14.0	-51.49985724682356
5990.2029344424545	20.0	5.0	1153.3572397232685	26.949589465582253	5.0	1846.0538697378495	17.679967220739172	14.0	-39.90156933943186
6445.508717984044	20.0	5.0	1199.6450091038316	27.21408637659385	5.0	1620.0067056597074	17.85049870017156	14.0	-29.351362341430328
6875.249642678909	20.0	5.0	1024.0415579547882	28.548068446269895	5.0	1715.4363485968952	17.97571352688481	14.0	-36.4679872409555
7113.242356253173	20.0	5.0	1101.5848536985632	28.953146133632366	5.0	1691.222809104744	17.881058451208858	14.0	-37.48922245830119
7436.947735560968	20.0	5.0	1133.906145148699	29.45941171104614	5.0	1697.0767625970568	18.130123933849443	14.0	-37.10316171363612
7540.77786874613	20.0	5.0	1513.313446673912	29.0704749615216	5.0	1498.944201120557	18.208548595407827	14.0	-27.123322631612822
6883.607874874585	20.0	5.0	2318.198529320958	28.480441207822206	5.0	1242.0578706848387	18.319676583459934	14.0	-9.567316276753887
5868.212147640372	20.0	5.0	2372.9095022159627	29.08822608061283	5.0	1246.2986482046638	21.364098945735446	14.0	4.469629175592488
5158.986945887629	20.0	5.0	1726.6703292251095	28.622668316401356	5.0	1330.2467163073727	26.140678110443552	14.0	1.7186202198976803
4308.305047387837	20.0	5.0	1924.068210084266	26.143663927076183	5.0	1315.4058472638771	28.965418878614987	14.0	-8.24088011547511
4523.004923173189	20.0	5.0	2871.510221836988	27.81178161458074	5.0	950.0111089346775	31.49750749907032	14.0	-8.25081877596469
4029.991665216263	20.0	5.0	4221.028803178996	28.177780109637286	5.0	764.3042918154682	32.31535410330168	14.0	-5.633365151248702
2313.461674905945	20.0	5.0	4354.309194374381	26.792088435870962	5.0	1167.7461681316377	30.466318806873705	14.0	-20.377818912284148
2101.726918142435	20.0	5.0	3998.4629395978163	27.03798744410146	5.0	1080.8050945883951	30.686817147947135	14.0	-16.27499738491164
2240.2789084324977	20.0	5.0	3598.237646513116	27.931671724680484	5.0	944.3539253518124	31.284620914228757	14.0	-9.523405439145328
2722.324191782719	20.0	5.0	3008.859869443415	29.57259619927652	5.0	832.5175215543409	32.57788132908369	14.0	5.449809432715946
2679.026244262214	20.0	5.0	3226.0057807914145	30.609603005771643	5.0	555.6250325889398	33.29091053983343	14.0	11.36922481724336
2365.3794539375967	20.0	5.0	3157.3813746281444	30.13712834184137	5.0	552.9375116507325	32.87971467035716	14.0	1.6726859838586732
2176.3584837625067	20.0	5.0	3443.4600091289767	29.316996173955076	5.0	626.87975846907	32.19364368064209	14.0	-7.0704572499762595
1869.9224656656875	20.0	5.0	4240.3959580905075	28.880824269918307	5.0	766.6734057020966	31.565782257971257	14.0	-14.258039499363507
1336.2332283256276	20.0	5.0	5176.661422483282	28.019088044123105	5.0	834.6105266556145	30.749477846632463	14.0	-16.205172323897287
550.0608257356907	20.0	5.0	6067.78693957457	26.978767972372218	5.0	796.1390624351948	29.044771760196667	14.0	-9.406907341129273
85.25937707490748	20.0	5.0	6635.411600819016	26.479869437605547	5.0	698.3171781635087	27.418331014463693	14.0	0.40299081251601904
334.32451374264895	20.0	5.0	6626.282918930775	26.909953441481292	5.0	719.4835181578133	27.976140377782123	14.0	1.0643255123683444
828.7806470583655	20.0	5.0	6854.126769637277	27.67919030514786	5.0	623.0895124279109	29.362536804154715	14.0	1.7607259438143468
967.6067841776099	20.0	5.0	6614.691423135408	28.31025612171576	5.0	683.1105237451961	29.829617444704887	14.0	-1.0468776183073927
1033.6882120023972	20.0	5.0	6595.883962495324	28.76010000847715	5.0	930.0040576177012	31.26843961948317	14.0	-15.551919820881384
1048.0568448675606	20.0	5.0	7145.2911423481955	29.071668598459954	5.0	949.8541130350368	31.54616406183607	14.0	-19.547099380501063
999.2781992649167	20.0	5.0	6470.152305320274	28.613257236270055	5.0	742.9980269301566	31.105384641393012	14.0	-12.045762279321913
898.2205752600812	20.0	5.0	5522.149097628065	27.743285977258342	5.0	461.22042713075535	30.01244059321265	14.0	1.1178595342468445
894.3051594329189	20.0	5.0	4888.586014239422	27.411507519931007	5.0	415.11932861484604	29.96478268392717	14.0	1.5536312988816983
916.3682958743179	20.0	5.0	4515.802016855195	27.32325897045696	5.0	456.04395156779066	29.905760337811884	14.0	-1.090178514103953
772.1436057691469	20.0	5.0	5469.9435694830945	26.41629987992374	5.0	158.5962895614008	40.0	14.0	16.554291052135024
0.0	20.0	5.0	6685.876028156521	25.053677676971684	5.0	80.28652113448844	40.0	14.0	23.16595704498607
0.0	20.0	5.0	7053.092784041464	24.420608359735642	5.0	53.42159899343496	40.0	14.0	17.991238840391784
0.0	20.0	5.0	8087.437223807778	24.274891758131133	5.0	43.87268854027647	40.0	14.0	18.142279133235068
0.0	20.0	5.0	9490.174973893238	23.816280822008707	5.0	42.586362827841334	40.0	14.0	15.269617034456386
0.0	20.0	5.0	10904.700505148301	23.315937061405087	5.0	78.79693404672014	40.0	14.0	12.274134568525957
0.0	20.0	5.0	11470.027589787813	22.654306966726523	5.0	125.77462197431464	40.0	14.0	8.425565629928263
0.0	20.0	5.0	11106.382698062622	22.250973773965768	5.0	121.8667535068506	40.0	14.0	3.689125919963731
0.0	20.0	5.0	10027.285827620211	22.32447826658054	5.0	103.2485363929091	40.0	14.0	3.198955804215307
0.0	20.0	5.0	8969.335308300339	22.44892745401403	5.0	50.670585955600366	40.0	14.0	5.158822116141991
0.0	20.0	5.0	8430.567269307305	22.612183929412723	5.0	64.12229125033471	40.0	14.0	7.197779363303031
0.0	20.0	5.0	7626.447674997898	22.82494180290898	5.0	82.82466922692754	40.0	14.0	11.710389370804911
0.0	20.0	5.0	6656.81813847201	23.110247638249575	5.0	83.18790597138872	40.0	14.0	15.623801512965137
0.0	20.0	5.0	6138.152403339129	23.430431779788897	5.0	123.85420985342554	24.66216990972226	14.0	19.93264539246302
0.0	20.0	5.0	6206.408652812746	23.57730510913209	5.0	176.96974668900037	23.951468400008952	14.0	21.66787718314627
0.0	20.0	5.0	6155.211821492327	23.69951483235587	5.0	239.6594755126725	23.263297779643835	14.0	24.12728504119489
0.0	20.0	5.0	6048.8533811523785	23.813436727088273	5.0	258.873021876529	22.578409163983586	14.0	23.51347606710556
0.0	20.0	5.0	6294.397539052192	23.97413556758916	5.0	263.37587956998254	20.762650392281905	14.0	23.82647202182305
0.0	20.0	5.0	6506.112559486544	24.062339440282837	5.0	230.01871245181584	17.667305082661684	14.0	26.19182002056718
0.0	20.0	5.0	6376.9164783750975	24.11739344791913	5.0	235.04163304458535	16.41368147919069	14.0	25.10745168845207
0.0	20.0	5.0	5485.517572842347	24.166199750250474	5.0	289.4582841833262	17.98830803985221	14.0	16.956328465579478
87.82229787082645	20.0	5.0	4329.251017701832	24.300265728113608	5.0	333.2388298730587	19.13173530508381	14.0	9.11909233605364
360.0809664235956	20.0	5.0	3176.2224586278426	24.857107822240756	5.0	322.27250672766365	18.783416548359547	14.0	5.679988688359126
475.09898754014847	20.0	5.0	2425.8349792475938	25.285521106967913	5.0	309.1856524348794	18.756383263179096	14.0	3.374089455122312
608.124179203386	20.0	5.0	1692.5320388807127	25.546925184816153	5.0	288.4610124972172	19.010766452632115	14.0	3.1602373054906057
673.3092160479223	20.0	5.0	1169.1116410807806	25.80306825988857	5.0	281.10324654457304	18.81500836160922	14.0	2.1953028977058984
629.8028585990696	20.0	5.0	843.9856910640252	25.798218495266614	5.0	256.88710466199564	18.810924329394442	14.0	1.144285585058037
568.6038132300574	20.0	5.0	544.7244063151321	25.95886890804643	5.0	244.81753420287217	18.631185727363633	14.0	-0.15479973555997856
676.7562353547651	20.0	5.0	515.083528950677	25.593463225818308	5.0	233.64867884067644	18.781895041812216	14.0	0.7031942777552692
880.5446990597269	20.0	5.0	621.4561375912828	25.7326349038076	5.0	257.6442755586415	18.67602879241272	14.0	1.3280793862555178
921.8320218583385	20.0	5.0	694.2936253156353	25.472953874591035	5.0	296.7703063652323	18.98388916177852	14.0	1.6431450338152238
777.0989782110229	20.0	5.0	866.074936006915	25.127730192576095	5.0	294.4224544812867	18.82681486918233	14.0	0.5806944482889227
674.3524829195859	20.0	5.0	967.3338341638182	25.054268369897507	5.0	279.19156073991826	18.608069753365598	14.0	0.292634916296002
747.6242416175322	20.0	5.0	975.6862966483059	24.931789383951404	5.0	281.3259414168956	19.206469841025775	14.0	0.5849711367329326
838.2253431421906	20.0	5.0	844.5286960021003	24.8590593882178	5.0	289.4017583576092	19.759102283167802	14.0	-1.1098466712853345
850.4637315930211	20.0	5.0	745.3781056164478	24.973721381340198	5.0	291.9289257856763	20.02291179248414	14.0	-2.5888523724946015
859.9895713191428	20.0	5.0	622.2181682770283	25.115993159032477	5.0	287.2806837367282	19.76682148954588	14.0	-2.6819273155395336
829.8788036123271	20.0	5.0	448.2433781378006	25.675054703288914	5.0	285.5782840652917	19.847385516072084	14.0	-2.084913719447891
844.3332941397781	20.0	5.0	255.95640426632906	25.38911174377917	5.0	269.54049268568235	20.284134118041052	14.0	-1.8044411838038104
861.5030537303152	20.0	5.0	167.50785238825077	25.65928865556158	5.0	282.2332698134741	20.1806680355781	14.0	-3.757314058616473
844.4896308429729	20.0	5.0	136.50987099245353	25.397331976603123	5.0	260.43484796180826	19.59330833530268	14.0	-2.580336430819746
914.2473771199222	20.0	5.0	85.84597615067577	25.41018575994922	5.0	274.11674000547	19.515751905579815	14.0	-3.048874267569275
949.8039818197248	20.0	5.0	111.29826358285143	15.0	5.0	287.87382235826243	21.256566874203806	14.0	-3.615929838634323
1178.3731827973154	20.0	5.0	0.0	26.832840260452972	5.0	327.48412607696827	19.27237827998619	14.0	-6.104509015547826
550.4535961115251	14.085748926922752	5.0	1175.059682242126	21.07375519665244	5.0	159.02264546967345	24.72155282785525	14.0	1.9665322973133952
626.2696324911063	14.635077916617963	5.0	1081.646608212779	20.98509689015215	5.0	173.72434018631108	24.351498950341693	14.0	2.1225541951620643
695.2675228316896	14.694018730120693	5.0	1059.915879179726	20.809656800366884	5.0	178.54853881608682	24.151746812928252	14.0	2.0538810646419674
988.5804356892229	15.158579547494362	5.0	870.9451552473733	21.578768571899513	5.0	178.11131026109322	24.178595008770525	14.0	2.8765913123082534
1019.0219165952211	14.877604561834138	5.0	906.8993584632827	21.956410872807783	5.0	182.38179431662573	24.097331528430594	14.0	2.275957364287895
1081.9710122568756	15.530385097359936	5.0	773.5529548403717	22.0325981118542	5.0	188.3900642978716	23.126064134326196	14.0	2.4714067684232024
949.2328329930289	15.591118419438034	5.0	838.3366952116955	21.443091866185302	5.0	172.81345332773034	23.573690673344498	14.0	2.709650118882523
700.0311945423645	15.26523140988582	5.0	1151.5259817578085	20.598272047832232	5.0	175.13767888274663	23.2629545152657	14.0	2.8784495297484383
297.4780204604648	12.456971228485488	5.0	1699.1939800468256	19.782982661806045	5.0	158.17183977999804	25.25097128884569	14.0	2.4313990554065836
243.6392964885883	10.822027200642136	5.0	1848.5792054395813	19.77884745069137	5.0	116.62538584480886	28.168095260097246	14.0	2.750717825917355
171.7353975081956	8.88643832092138	5.0	1966.186908858623	19.73204550047219	5.0	109.23555016266212	30.07070037326017	14.0	1.4592956992007908
145.76374131438166	7.216778121839837	5.0	2086.9736444268624	19.98878827793836	5.0	84.10530274114151	33.24590562118608	14.0	0.7570242508232351
150.84224615838104	7.391511823541866	5.0	2194.3085900276556	20.41383343828068	5.0	64.68012257182065	37.13863941413441	14.0	0.7533672384487864
172.32371967446463	7.836447669438568	5.0	2146.5799202807593	20.838440207805792	5.0	68.03271400741903	36.49531454259875	14.0	0.5177030827326852
201.53131719718368	8.546134341364919	5.0	2135.3391295245515	21.17170733486572	5.0	86.49448363322637	32.575702053098674	14.0	1.502047376590072
209.1778471180662	11.584415659556134	5.0	2061.6559801445324	21.807433503922166	5.0	158.8832166252411	24.105508940597286	14.0	3.82957344798982
1197.8853624298158	20.0	5.0	917.4058945349632	23.68562256757381	5.0	283.84943088954253	20.32579158924757	14.0	-0.3647595160349437
1403.9688612840325	20.0	5.0	721.5782999764197	24.352036048102043	5.0	323.40241493854694	20.48909655290762	14.0	-1.3556920637337695
1657.9239410954785	20.0	5.0	538.337558252344	24.23512387975125	5.0	360.4324763442095	20.669003534808915	14.0	-2.311765659154393
1962.6228783759911	20.0	5.0	534.6302632232257	26.31586114695395	5.0	325.7344134567051	20.427884980587734	14.0	0.4519054467200563
1699.8389889793061	19.018665503834704	5.0	1062.0293705295487	25.420629608129758	5.0	334.6503510158708	20.000686645138238	14.0	-0.06218001541379436
1852.7394168781734	18.755534983964953	5.0	1259.152704124278	25.78665156192919	5.0	357.7441240556674	19.905970912747076	14.0	-0.2764159419529495
1968.8499761718742	18.47545354015641	5.0	1381.2004643909695	25.17285464589236	5.0	370.37116146150703	20.292249832956447	14.0	0.5799399772011534
1499.7996504997325	17.291593078778707	5.0	1930.6420536171765	23.874305433496033	5.0	350.06326225850717	20.823432452740462	14.0	1.713552517381339
1250.2449413452648	16.25002480825575	5.0	2235.3918666001537	23.274587366140693	5.0	318.1939904376785	21.668857409733892	14.0	2.8664009023251533
879.0468639170588	14.57743270705457	5.0	2624.8295016681363	22.395808658568463	5.0	282.0626274290494	21.214136415352755	14.0	5.922769876844847
739.0629556790407	14.00104204111848	5.0	2754.3464345879543	22.162192840324465	5.0	235.65083956093937	20.143468103765176	14.0	6.8396247715305
689.1759396891068	14.407255987328089	5.0	2509.263563438651	22.012583438172587	5.0	231.70681559448266	19.527765378022142	14.0	5.186344136465961
698.4535914164212	14.021568509358572	5.0	2205.982135614567	22.254225633733302	5.0	208.98651215639632	20.997210329401273	14.0	6.216916030069831
616.7812046399958	14.036975740369853	5.0	1997.261059522228	22.58961527986673	5.0	257.5225301703369	20.478978747764746	14.0	4.335706474120352
745.6388675444356	13.986385517998766	5.0	1940.9259522871403	23.11905754761733	5.0	281.35810317994685	20.47675106591827	14.0	5.1342239338303255
954.6521450788399	14.527685771777051	5.0	1695.7683355512047	23.177652001453474	5.0	346.5921109951356	21.198297863454094	14.0	1.757686808417426
1169.6328574250672	14.521528333134004	5.0	1407.3517220379686	23.460997160977236	5.0	338.24892158736884	21.599215856401575	14.0	1.8510070302866324
1371.5831808322002	15.533718486151098	5.0	1038.2573894922105	24.80714037220502	5.0	331.84538695951915	21.41948259708151	14.0	2.4829743815096346
1494.577296810724	15.6169489973512	5.0	916.1289660127086	25.851244214284616	5.0	320.0023251148283	21.003993826321	14.0	2.011359048380985
1457.1862166940025	15.879460500548022	5.0	843.9552280694054	25.745202824868247	5.0	337.974523598673	20.53194479936405	14.0	1.1503807682473242
1364.955168140751	15.383518946627326	5.0	881.9371198691272	24.630699332647527	5.0	378.06688169370057	19.766994495951465	14.0	3.4194449947365704
1260.0936149517258	14.569441435376937	5.0	935.4825225159319	23.009327714819534	5.0	460.10988384051655	20.009446430275386	14.0	-1.0908739525389999
1372.6717716548517	13.947345105964063	5.0	994.7981021505185	22.421028482412957	5.0	448.49689190994883	20.75094669830746	14.0	0.2254368678065829
1489.815028584853	13.46923537458223	5.0	1150.9141092758114	21.9990154454358	5.0	449.1268807553268	21.6048725216228	14.0	-1.0852732123788058
1692.7790740141181	13.800602766430101	5.0	1200.3514995751216	22.652563028905874	5.0	439.99278273548	21.808329021932774	14.0	3.155113715189812
1841.2179657046509	13.807942264849336	5.0	1264.7090929410463	23.157768922615343	5.0	427.00301240937324	21.91140883615346	14.0	2.825395671459307
1797.614128239536	13.86178457051409	5.0	1319.7691739278873	23.168940146857437	5.0	440.6021453293199	21.95165302806347	14.0	5.155042980664293
2024.6092568746988	14.49510519151784	5.0	1162.441716983976	23.962196874316245	5.0	456.8468335001322	22.277149326714042	14.0	5.205580353876531
2028.3218763620616	14.543338791009898	5.0	1111.6898278831147	24.09499899664554	5.0	519.7117777945498	21.99353955376129	14.0	4.031657685818047
2254.9790913138067	14.904139529188027	5.0	1001.3426309862305	25.329885464051102	5.0	538.4812457695888	21.16680289750628	14.0	4.459734641001371
2234.90406324847	14.640493823778701	5.0	1151.8038134540045	25.695720123547936	5.0	543.4737607904085	20.223979737577817	14.0	8.916215657552225
2131.4855029095484	14.171659354271307	5.0	1219.706528253757	25.076751429952864	5.0	588.8912104654224	19.268414725358888	14.0	7.459449803452234
2001.2052076932935	14.000093411372026	5.0	1093.8328208545531	25.45168217966257	5.0	609.0818575562839	19.372310643679022	14.0	4.18476287053566
2041.7984313881284	13.281466956936189	5.0	1141.6142627475813	25.061833178205244	5.0	513.7404598005219	20.385877603889057	14.0	5.377364276674795
2085.460689685344	13.275289830296954	5.0	1054.5160191585517	24.454389753174357	5.0	532.268457784163	20.820975318699414	14.0	6.560312433291796
2132.6597670754322	13.106400793629652	5.0	1014.2885466432233	24.057774122238285	5.0	555.3336392128587	20.875904495664127	14.0	5.5693055481592495
2174.7230903872837	13.103205265220506	5.0	995.0691337689062	24.38723119769167	5.0	546.2877387590651	20.47277579567136	14.0	4.811279143458045
2145.2125579263875	12.735511239396498	5.0	1154.8760429942604	23.550079077885762	5.0	572.486144981061	20.949797722840643	14.0	3.9059201028548274
2192.2661949968315	12.108841042657115	5.0	1344.613034578244	22.537653606869473	5.0	530.4489906053175	21.471009980762418	14.0	5.433569993189925
2014.5039905584485	11.860277872335862	5.0	1470.969229533343	22.070359220585804	5.0	547.0060978679971	20.877823747714224	14.0	6.562530347043493
1782.8452303866168	11.598442309288371	5.0	1441.8383072668023	21.481924581723828	5.0	576.4213859938109	20.305190076114595	14.0	7.104481030194111
1620.7742575407715	11.241811160362095	5.0	1478.8473549925395	20.969157240762417	5.0	580.9922540113043	20.661122454362687	14.0	2.099298970483754
1726.433335349423	10.719959501164801	5.0	1561.5712355402848	20.595481621229368	5.0	567.4517674690967	21.607315591118628	14.0	3.250336932316466
1665.0604902354157	10.495433654648991	5.0	1524.9164328803895	20.462111980447848	5.0	595.0319494185104	21.662343149415477	14.0	2.927237723129697
1563.0170546288482	10.48909179426327	5.0	1421.3834593942172	20.222351933091872	5.0	625.3818020545827	21.49335822067766	14.0	3.816062041364936
1372.580280946581	10.281289749969265	5.0	1318.2041883646232	19.358357681630523	5.0	712.5545850579211	21.199330082437843	14.0	-0.22700477011442455
1400.024212019515	10.056811844432977	5.0	1295.5661314989723	19.352391839562937	5.0	714.5284052635757	21.46417962787885	14.0	-1.8600651827852288
1439.8099559448335	10.263122760527775	5.0	1228.2888577784624	19.042764750257586	5.0	756.7484926613205	21.091444876276846	14.0	2.6391808653902715
1394.8734151254846	10.234671075628762	5.0	1136.7848630871656	18.73644830617117	5.0	727.8352384083705	21.083371803329545	14.0	0.09216383845288545
