amplitude_0	mean_0	stddev_0	amplitude_1	mean_1	stddev_1	amplitude_2	mean_2	stddev_2	amplitude_3
361.31412870810425	18.352496633478616	5.0	55.0674976588417	35.0	5.0	890.7912311918162	22.084768525254272	14.0	9.258265595800546
364.07481693722013	18.823001103283243	5.0	56.548971863012184	35.0	5.0	888.4697044287813	22.55352017804588	14.0	10.028123015630799
376.3725521278709	15.912660783052454	5.0	0.0	31.188727407042432	5.0	872.7172723797751	22.839051548676377	14.0	17.097311163617725
636.9511953911629	15.29048937874834	5.0	202.65160844462505	35.0	5.0	717.6912069271375	23.30354650486544	14.0	21.27791977944137
354.54386233419865	15.50985801719656	5.0	154.6617906125722	31.880980914274534	5.0	851.0444790310794	23.150890787281217	14.0	18.16668372233548
554.6953414058985	14.798650432457915	5.0	87.79009700318336	31.997815916309783	5.0	941.7202232444936	24.424051403242572	14.0	16.50694995403966
586.401987069549	15.596445678982871	5.0	144.64579416004628	35.0	5.0	850.4739732192031	24.21126247371021	14.0	23.126420967551798
546.7764414155523	13.196493691944005	5.0	221.9983153713751	35.0	5.0	884.6927087942864	25.39339097997308	14.0	19.489774988155652
307.91401159428807	13.035782057203095	5.0	0.0	31.188727407042432	5.0	1112.011631069743	25.397621422507914	14.0	12.7912709777665
266.81860378989495	12.04849632798162	5.0	132.98025680871262	35.0	5.0	1096.947073284404	24.720421870967733	14.0	12.212818839766785
310.517749839833	15.387284588325516	5.0	0.0	31.188727407042432	5.0	1047.7063564080563	24.782920035914096	14.0	17.24589777396618
205.11426665694233	13.397389087937286	5.0	0.0	31.188727407042432	5.0	916.9414954206485	23.566728742968767	14.0	16.567235315308363
111.68773675022791	17.482414419098646	5.0	38.53775482477144	35.0	5.0	902.8138342266016	23.27902690057936	14.0	10.111595559470405
289.3931322358915	14.653177764633872	5.0	113.63608098978133	35.0	5.0	841.6914587227255	22.600520371351653	14.0	16.83396081885432
270.72110151997384	14.094011927790534	5.0	119.57092925659428	35.0	5.0	850.7249483409106	22.311173622825844	14.0	13.762648500950936
501.9235135766778	17.14823977634365	5.0	92.42002539723045	35.0	5.0	901.6470135208027	22.528135457766357	14.0	10.327032731502936
403.2901215020935	16.257833396979667	5.0	95.76483863324799	35.0	5.0	856.5329528485889	22.51884875358467	14.0	14.932963746971524
368.79682201329155	14.031094555666563	5.0	171.0564951402836	35.0	5.0	876.4503776902003	22.903954107258674	14.0	7.969876948563252
626.3433372150192	17.325874314274596	5.0	347.9630897030178	35.0	5.0	697.0904728232898	21.07095210772027	14.0	20.664989352274887
479.7845875287484	17.08683343366426	5.0	195.58544538324153	35.0	5.0	818.1280801688541	22.870846363881483	14.0	15.199641969352024
449.87193331104766	16.254746646783534	5.0	96.16529115381884	35.0	5.0	881.9333327137879	23.7091498816321	14.0	11.465613553053046
412.80285749970244	17.398054756343445	5.0	369.886826874466	35.0	5.0	849.5364384103793	22.235712995335795	14.0	10.524273080937554
347.13681041942306	17.576155873006527	5.0	310.1953261776175	33.362253291826846	5.0	875.2883442616363	22.42729608060809	14.0	14.660200778212591
366.5916280692995	17.932241602977452	5.0	341.3905541596227	31.02749916076974	5.0	911.2134889600391	22.53480235699857	14.0	12.990134459109946
468.97042424422796	20.0	5.0	562.0062633238573	34.27882700134698	5.0	795.6551895223685	21.87989893347311	14.0	14.376922622107964
331.94288742161496	20.0	5.0	368.525963698968	31.827143305418215	5.0	908.6030038867802	24.020068998970903	14.0	13.779181393641085
365.5174896023605	20.0	5.0	373.0940657917357	32.687910243943556	5.0	912.9528170536088	24.006186250632	14.0	12.196593736852678
188.43663079616687	20.0	5.0	303.68967042036763	30.850348905534183	5.0	1069.0279659303026	23.301236728789192	14.0	8.214698958325943
300.2648853091491	20.0	5.0	402.0126920005872	30.61489649386139	5.0	985.4369796994132	23.182626982110527	14.0	12.065803148313325
266.7316987010254	20.0	5.0	346.5235859626473	30.27297101427811	5.0	1081.7030521715276	23.249131880550813	14.0	5.148014571397338
122.06799909132477	20.0	5.0	319.5159829765924	28.818004399964508	5.0	1141.6612050655967	23.467283399591313	14.0	5.502676914158747
391.64116356264344	20.0	5.0	301.9396709367176	31.499891375544745	5.0	1092.231460831419	24.017844146343624	14.0	5.159548795476003
0.0	0.0	5.0	287.02503316508745	26.416475536664755	5.0	1301.645193093766	22.913003546277178	14.0	-4.470446036774917
0.0	0.0	5.0	307.86878688769093	27.825695194630153	5.0	1339.7924331774211	22.71788726275836	14.0	-2.615896373288925
243.73602536883521	20.0	5.0	487.51677437856085	29.902817098579423	5.0	1264.4085733085815	22.534871639529882	14.0	0.2771756540527037
285.05658631111476	20.0	5.0	576.3760452384208	28.72761093416996	5.0	1175.9128965455939	22.458288642543195	14.0	1.2938849052359591
115.26135559550137	6.247953113688636	5.0	577.1895743023349	24.525190595430622	5.0	1274.5533081874105	24.32055710642269	14.0	-3.7782832456695092
86.89510475132613	7.743764662943603	5.0	606.2238146246552	24.626705684526556	5.0	1304.7311338860256	23.499332580426476	14.0	-2.376960608137139
116.71755464100212	10.660126002970754	5.0	632.0932134388867	24.014079588292127	5.0	1160.7504563340035	22.638967178379723	14.0	-6.82367160242698
295.3758162004176	10.183655663044577	5.0	769.4798809139079	23.948910918172256	5.0	956.9917246534745	22.76947449194258	14.0	4.101918509817364
272.0070252983462	8.965832360166992	5.0	644.4927567350741	24.14319878694198	5.0	969.8451973111164	22.83625281760592	14.0	2.157477699998137
309.6652952701476	8.315022040706287	5.0	635.289588180772	24.087583988283825	5.0	926.2243088877185	23.1152309837492	14.0	1.5009480220547216
437.3316683617206	8.458397859710198	5.0	666.4507197412107	24.931905211026322	5.0	892.464883332735	24.15730998749951	14.0	1.627989742890258
433.28759587818706	8.770241175265808	5.0	642.9357936379866	24.71454912298114	5.0	905.0472043611373	23.928284904133342	14.0	3.619837158207174
424.84907284122	8.242744787256292	5.0	689.0776800928274	25.209806167261878	5.0	846.8498884207052	23.642324614151995	14.0	3.2019051582216114
375.70075502219703	8.318095709249237	5.0	605.2577878903676	25.97786400789185	5.0	915.3958713922616	23.843710994339574	14.0	0.6760904882906945
294.28075968936605	8.734078292401193	5.0	487.8755217913133	26.317673258037413	5.0	996.1843432007819	23.40050561752091	14.0	-5.15344900783194
438.69761777482614	9.92294672605198	5.0	602.9427632293225	26.123050491894155	5.0	867.65117914164	23.62085931789425	14.0	3.8446923631743704
495.0788679783045	9.852231532930473	5.0	568.7811551514126	26.62514445026519	5.0	829.0861475562502	23.109482639600802	14.0	3.7699836968656117
519.6186577372727	10.77411197145532	5.0	575.0445318085074	26.660030851830527	5.0	827.5531757798732	23.062376859024113	14.0	1.7608915632985058
526.0211397572011	11.219658626368524	5.0	549.5378189101149	27.847204972949683	5.0	884.6252533907858	23.070131877621495	14.0	-1.2806672395677383
529.9378219274292	11.179438297625191	5.0	540.1469787002072	28.45718879894417	5.0	875.1893099986031	22.598482153100242	14.0	-2.307766355537746
582.1561384076095	12.346130814882363	5.0	631.3153708229181	28.739092296960585	5.0	785.7483130204217	22.158979252216508	14.0	2.0275857553047953
566.8656534770494	11.381653746385696	5.0	539.6008476730182	29.288867039771837	5.0	828.8923521139252	22.809041785862735	14.0	-0.5401405122192111
696.4941119190678	12.045277722874623	5.0	624.6727148273067	28.998320372331044	5.0	763.5265086666799	22.726284494611875	14.0	2.09345069219701
578.2752645355706	12.29191871099209	5.0	559.5679179018933	28.78265251372463	5.0	804.2802546902006	22.49444761007591	14.0	3.0168934897116233
623.9427115427998	11.92802802079034	5.0	530.7224581161016	29.28168989660724	5.0	758.3064048530479	23.681867112086678	14.0	4.053847856196227
590.8158234784087	10.883563555942025	5.0	528.4569273609633	29.774737819420046	5.0	785.1971676714398	23.939145800340057	14.0	0.2343659949576203
558.0022921444383	10.300501579950915	5.0	492.01025171727093	29.318414933147455	5.0	773.270970416451	23.63440135403837	14.0	0.8808032859000436
659.3105855226274	10.58611584275195	5.0	550.3384825316737	27.9282733926835	5.0	720.6907781319892	24.330188321355937	14.0	3.875820764856132
707.3276026635476	10.369945690487175	5.0	612.674645396891	28.44684478571577	5.0	692.9714408931078	24.04690498588564	14.0	4.547739279522265
744.3527247223709	10.496872063265727	5.0	517.9226806410855	29.364618885950723	5.0	740.7025288852735	24.514717539396663	14.0	3.864108017359278
770.3771833781329	10.11928565390621	5.0	504.9963107057885	29.41795740692914	5.0	715.5616547824592	24.462403458113744	14.0	3.548841742141989
819.5030184033707	10.661153538277041	5.0	550.7839107629026	29.052756577673673	5.0	652.5985059156436	24.873194477792737	14.0	4.4209699367645685
704.6098993454998	9.995264762278984	5.0	0.0	19.150684431348346	5.0	926.8490338551253	25.048583568961025	14.0	-8.354299286359936
638.8736376896428	9.92334626681982	5.0	0.0	19.150684431348346	5.0	858.6768375736857	24.318675409074476	14.0	-4.054031416095276
573.9657580638842	10.172233284247831	5.0	0.0	19.150684431348346	5.0	828.2277321918128	24.408318531682212	14.0	-1.962576842062203
683.9296028684959	10.37245624694619	5.0	0.0	19.150684431348346	5.0	765.6103895153307	25.385792737938946	14.0	-0.21921638293456483
664.8030011178366	10.224090341244956	5.0	0.0	19.150684431348346	5.0	753.2648885503155	25.871442945582505	14.0	-0.3279314674326572
692.2156336064563	9.584975405606427	5.0	0.0	19.150684431348346	5.0	768.0080885011749	26.200664423627	14.0	-5.35645742798814
705.0467331215858	9.691967049228339	5.0	0.0	19.150684431348346	5.0	711.6299293940417	25.433634329086736	14.0	-3.5195912603710444
599.097862521592	10.124197883348831	5.0	0.0	19.150684431348346	5.0	735.1178136749444	24.94206401531264	14.0	-3.9782504339882565
572.0116086976096	10.018879680121648	5.0	0.0	19.150684431348346	5.0	743.9560453099103	25.064254872198845	14.0	-5.220163509664987
535.133677237836	9.999674484033461	5.0	0.0	19.150684431348346	5.0	744.2522735007008	24.770964255776594	14.0	-7.525307504882442
512.1955297747583	10.014032823896216	5.0	0.0	19.150684431348346	5.0	689.7105098267372	24.505210161912988	14.0	-6.180650261774199
281.791160881344	9.773327726692784	5.0	0.0	19.150684431348346	5.0	819.2648236274493	23.016617881245004	14.0	-10.539884958102716
330.6755481846747	9.374852009786537	5.0	0.0	19.150684431348346	5.0	751.4201464759373	23.014905303338317	14.0	-5.490777715234671
406.90984789636457	9.627380131672203	5.0	0.0	19.150684431348346	5.0	693.1448898125567	24.09466205098145	14.0	-5.628520485578812
377.71140372013764	9.93536191303326	5.0	0.0	19.150684431348346	5.0	704.224568140663	23.507423284499758	14.0	-5.66855873977795
389.1219622064409	10.652774647556587	5.0	0.0	19.150684431348346	5.0	689.3429928410447	23.731244984688672	14.0	-1.9285407092310665
439.23201960872996	10.789298451658881	5.0	90.81397630152124	35.0	5.0	616.1499064401099	22.298720256207147	14.0	-0.739504735093065
405.89388745908684	10.756458228830567	5.0	0.0	35.0	5.0	659.7046091059962	23.083232384357522	14.0	-3.8822313414159426
413.6969926695647	11.381284471861047	5.0	0.0	19.150684431348346	5.0	654.3560377313855	23.666612708933446	14.0	-2.391513685872087
441.35925398094054	11.594401186997457	5.0	0.0	19.150684431348346	5.0	632.956450112493	23.287770620016385	14.0	0.565573327486594
488.0817484288592	12.474089185428033	5.0	0.0	19.150684431348346	5.0	599.3532839521611	23.857257869408482	14.0	0.8836070022610344
549.6154074965953	12.191892577629595	5.0	0.0	19.150684431348346	5.0	606.0743982894018	24.84120037348534	14.0	-2.138533605982076
643.2585045072142	12.15958881929151	5.0	0.0	19.150684431348346	5.0	599.5737743256187	25.9983937138349	14.0	-3.1463361417728852
633.1080925370044	12.060416505231922	5.0	0.0	19.150684431348346	5.0	610.984153524301	25.03140493130675	14.0	0.41426142882412237
570.3160534724732	12.25345564949386	5.0	0.0	19.150684431348346	5.0	660.9446085842552	25.17725861892804	14.0	-1.6500812270782235
542.257027878354	12.640844570905616	5.0	0.0	19.150684431348346	5.0	662.4577906846679	25.66274484724533	14.0	-0.8957790907628096
589.3684359272701	12.182966409645543	5.0	0.0	19.150684431348346	5.0	632.2639944586605	26.802936958912532	14.0	-4.023740075871352
595.8463430019915	12.225777976586627	5.0	0.0	19.150684431348346	5.0	624.4910843988741	26.33457616605173	14.0	-3.2905020102914975
563.9131126488583	12.136782530039934	5.0	0.0	19.150684431348346	5.0	639.1800781435246	26.70308298633009	14.0	-3.5228080315239505
529.9875161059588	12.485267469156243	5.0	0.0	19.150684431348346	5.0	645.5425521543434	27.049436664250795	14.0	-4.253057934191886
472.2283122201932	12.247827635301014	5.0	0.0	19.150684431348346	5.0	697.6742024819681	26.519295893076443	14.0	-3.1912832471360213
403.71062503659954	11.646086549778914	5.0	0.0	19.150684431348346	5.0	750.0986327313896	26.625902338871583	14.0	-4.37421673291887
318.1425459678362	11.600624631278766	5.0	0.0	19.150684431348346	5.0	813.3475283981468	26.34605535519484	14.0	-8.199314540581309
232.20088884320313	10.059845067672743	5.0	0.0	19.150684431348346	5.0	871.7748214098089	25.525371125689084	14.0	-9.655771513240351
225.17381491541332	8.251533805175233	5.0	0.0	19.150684431348346	5.0	907.7361093063947	26.33677342905155	14.0	-12.998398767225865
129.15249704751477	7.475262306143029	5.0	0.0	19.150684431348346	5.0	1004.2880023976097	26.501282733114294	14.0	-19.166710415862088
95.60127190124693	5.86350192406966	5.0	0.0	19.150684431348346	5.0	1086.2741118191357	26.603705213975857	14.0	-24.035580851800855
106.16800994249458	5.514006981511436	5.0	0.0	19.150684431348346	5.0	1162.1013520009942	27.058143332757453	14.0	-29.190523124636076
78.49486461562768	4.018826662776605	5.0	0.0	19.150684431348346	5.0	1211.7084789094592	27.460510867943597	14.0	-35.82491443507183
21.37089157924334	0.0	5.0	0.0	19.150684431348346	5.0	1225.729779870427	27.32037547292551	14.0	-37.7547388422107
0.0	7.557185473237892	5.0	0.0	19.150684431348346	5.0	1226.6857376742068	26.906122505240493	14.0	-37.169179102974475
0.0	7.557185473237892	5.0	0.0	19.150684431348346	5.0	1216.519292625938	26.513354020749862	14.0	-38.519104235330055
0.0	7.557185473237892	5.0	0.0	19.150684431348346	5.0	1242.4868428567215	26.166137421490017	14.0	-37.20056652861586
0.0	7.557185473237892	5.0	0.0	19.150684431348346	5.0	1252.102603632503	26.172193321707226	14.0	-40.76973685666544
0.0	7.557185473237892	5.0	0.0	19.150684431348346	5.0	1247.478705073269	26.2535268223079	14.0	-44.65759282661293
0.0	7.557185473237892	5.0	0.0	19.150684431348346	5.0	1233.6583544153737	26.40144210623842	14.0	-45.18360926855927
0.0	7.557185473237892	5.0	0.0	19.150684431348346	5.0	1221.3199486830458	26.360027466068587	14.0	-45.04477165302456
0.0	7.557185473237892	5.0	0.0	19.150684431348346	5.0	1216.0250715262152	26.182920597358724	14.0	-44.13002549758399
0.0	7.557185473237892	5.0	1126.0768826617852	29.449773939414875	5.0	628.031548056946	21.741578105461837	14.0	-10.545921932207003
0.0	7.557185473237892	5.0	1109.4292467221298	29.04340509544834	5.0	604.955347605659	22.04415068779487	14.0	-9.579747459979842
0.0	7.557185473237892	5.0	1022.5421661178534	28.964427662172014	5.0	586.1343374823304	21.18898578398303	14.0	-7.164542909699605
0.0	7.557185473237892	5.0	919.90052851789	29.073616993168173	5.0	566.6166053950809	21.543595375894608	14.0	-7.192146619488298
0.0	7.557185473237892	5.0	817.3618665468081	29.159384099752952	5.0	595.149126583814	21.909404313354344	14.0	-7.9061642200726086
0.0	7.557185473237892	5.0	761.3850184753416	28.762408888055166	5.0	586.9454084511856	21.985164042350476	14.0	-8.717083339350301
0.0	7.557185473237892	5.0	718.3743556162827	28.81535636152495	5.0	597.9803692737765	21.690314329349704	14.0	-10.70865538271428
0.0	7.557185473237892	5.0	636.858213262387	28.65109214018203	5.0	643.4565933834547	22.1531448658089	14.0	-13.717189476478778
0.0	7.557185473237892	5.0	669.8107434808712	27.993010448793726	5.0	617.9653848583911	21.949485512089442	14.0	-12.840525649729452
0.0	7.557185473237892	5.0	686.6237178711834	27.879843386945442	5.0	596.8993222024792	21.86998419949125	14.0	-13.379246073870542
0.0	7.557185473237892	5.0	669.5511523398393	27.396661872971	5.0	589.5441459699276	22.03460098458341	14.0	-10.984624845675496
0.0	7.557185473237892	5.0	732.3698970238829	26.811004158385625	5.0	563.2776654074854	21.766140383383455	14.0	-11.728424536499181
0.0	7.557185473237892	5.0	690.9702352716914	25.93535258687217	5.0	578.7861973437871	22.255709304492235	14.0	-12.25375199421208
0.0	7.557185473237892	5.0	618.2811596804733	25.793070563910174	5.0	581.2989445164559	21.630926578693437	14.0	-13.228772317598908
0.0	7.557185473237892	5.0	612.1606696877391	25.587125861867168	5.0	528.2811257503604	20.712380525344383	14.0	-11.248408640689625
0.0	7.557185473237892	5.0	573.7054975719311	24.519787421413415	5.0	491.4217959299998	21.02857469912038	14.0	-10.062218990710528
434.4422381271257	18.561820640857977	5.0	519.982276820513	27.46983499408953	5.0	270.1048510505752	19.20440296773028	14.0	-0.8321812687389125
390.2925848158699	18.187905369195647	5.0	467.1373397505858	27.45410964239853	5.0	275.92148336247374	18.611405966456505	14.0	-0.6082781881667016
350.49369400598925	18.442726383273964	5.0	380.3473649933386	26.804071536899254	5.0	259.3787971910621	19.260511384069034	14.0	1.4103336593783091
257.8337992143834	16.668214177354457	5.0	391.5433102228031	25.46781448401093	5.0	237.33462669871474	19.21254214080527	14.0	0.4157407706847771
186.5195529016207	14.33822927755174	5.0	444.380644483508	23.996628536903973	5.0	224.9321741769857	19.86540474374673	14.0	1.0844459245289182
172.08628595428385	15.203502402904492	5.0	413.5410313968344	24.20083751558413	5.0	233.1019839297126	19.97527371295574	14.0	0.7360374874696138
192.94844952204403	16.832234113189173	5.0	349.2204009776093	24.577942630050675	5.0	237.58573434590684	19.35461865413327	14.0	-0.44216250551738456
119.82715831579921	10.729825318568484	5.0	457.36682320024886	21.993611301884908	5.0	204.2977341837401	21.36075256919364	14.0	0.13548149179523902
106.30253761676353	10.38098513691804	5.0	449.7523265679707	21.088619575060196	5.0	186.4250002708511	21.63794540685049	14.0	-0.8860866538085865
144.00466250884352	10.621960099799352	5.0	489.3723310083312	20.676091312572986	5.0	166.52619425640327	21.059972542542248	14.0	1.192661598638547
162.53603037462037	10.301505339228463	5.0	488.79952208520626	19.824454074272523	5.0	186.63075333407602	21.705327889950556	14.0	0.2875578494201982
125.62134436499738	8.480161393741135	5.0	497.0139887268217	19.34122811896592	5.0	186.87298334677834	21.975273352421482	14.0	1.5140278687076274
202.3575219554887	9.341920964220856	5.0	498.2158634334148	19.31483206741559	5.0	145.20757987045425	22.749906657245692	14.0	3.6345242891205083
144.37180963625883	9.859841369548718	5.0	485.33342854948967	18.82127639141584	5.0	186.89596608047512	21.257776420623447	14.0	0.6304830795301091
141.5412056437708	8.071871372412854	5.0	470.07606652913574	18.425802550431204	5.0	191.9295913744084	21.840673036550033	14.0	-0.7853122633502975
228.01792187809306	9.621728656350793	5.0	493.19391889677405	19.08820251830633	5.0	165.60714801090143	22.347957193404177	14.0	2.3066105664725614
129.21663192410603	8.801119288998683	5.0	560.6651852969501	18.32285053704433	5.0	210.61657999406535	20.838930558062508	14.0	1.0319400437805395
118.30627319581146	6.015798682324932	5.0	582.0996117937382	17.289092139556793	5.0	233.13685134500545	21.26306476753822	14.0	-1.554763181802607
166.28770744715044	6.244822837943061	5.0	706.9072652808834	17.34726243227263	5.0	192.8732855602811	22.309241218394657	14.0	0.7591299567994543
187.0847820111837	5.663960075788316	5.0	770.0742522099952	17.08045422703793	5.0	185.42992472553496	22.77155918518215	14.0	0.374377498104456
178.55380709550377	4.843471111622613	5.0	883.8409913121964	16.486932546062327	5.0	197.4869164800651	23.301101991497728	14.0	2.1722760009524222
280.4824100395755	5.14934327773067	5.0	1052.53006645421	16.576261830018513	5.0	163.77817325112727	25.80705921940839	14.0	0.8069447402467258
310.8809475812263	5.611952067638961	5.0	1004.4245393232702	16.312342305382735	5.0	201.70681316390727	23.284849884899185	14.0	1.5447194001484825
225.9742182529982	6.963206357863579	5.0	1013.981920888206	15.865541388364539	5.0	305.75642879801404	19.80751806284571	14.0	0.33101400572618717
259.5054986050816	6.500575656379981	5.0	1174.114872498284	15.166612275451678	5.0	318.5981903161346	20.081717372539398	14.0	0.481619810513706
406.0460689250528	8.861687398171398	5.0	1212.802808076025	15.0	5.0	288.69340822239195	19.695502719366303	14.0	5.497918728913365
1251.2891555446574	12.772482783896939	5.0	400.5754512661901	15.0	5.0	367.57625348787036	17.66986621240901	14.0	4.253764800013996
1747.992923364306	12.782663277168897	5.0	108.4313875000092	15.0	5.0	363.31559356419285	17.5892770184257	14.0	5.533056612668771
1660.078064815379	11.794235685671811	5.0	398.1104500104786	15.0	5.0	363.44055735942555	18.98065556289195	14.0	5.3475116767559525
1697.6247194187472	11.091641909876813	5.0	456.14730195443695	15.0	5.0	388.01281368592544	19.801051489412757	14.0	3.664042844793168
1918.510560224304	11.054826065689626	5.0	290.10444634976	15.0	5.0	413.22675674623014	19.228621855331408	14.0	4.030861094340861
2182.245024048231	10.354233983594476	5.0	345.32951319342163	16.128592460468816	5.0	354.67776380377836	21.620869208726635	14.0	4.630953531003694
2616.65951199824	10.251963926902329	5.0	318.76662450485685	18.797159853635105	5.0	282.41719868657214	23.38460606764349	14.0	7.629784832646061
2952.790977985684	10.437600270934457	5.0	173.59924482694453	19.82388998132971	5.0	329.9690910059661	22.681405894364197	14.0	7.181014366909461
3243.5344617112028	10.52868636984068	5.0	97.58301352307139	20.95173682351545	5.0	361.73027383420225	22.745991606329508	14.0	6.178616739917034
3514.459705528555	10.476131625193297	5.0	147.07916660247133	22.648844624119317	5.0	325.4982379659893	24.124322276320193	14.0	7.751838815376108
3632.456626580681	10.436187036972031	5.0	286.11318240540106	19.793912055672312	5.0	294.22635029676394	26.200710510222684	14.0	7.415604210965005
3702.433476785573	10.343028495372785	5.0	347.39507483788555	18.37927904887179	5.0	356.8834567771086	24.96456273821685	14.0	7.859199167066405
3857.37077219052	10.146879106774675	5.0	370.3087131022886	19.35510273042863	5.0	346.34713893536076	24.830295700103374	14.0	8.81329512450747
3505.325859266405	9.504618684334579	5.0	780.9758946021668	17.014951366340153	5.0	309.38649986932	26.1506701949962	14.0	10.0843015555147
3172.580825984427	9.118907633938118	5.0	958.9537336950768	16.09823436679348	5.0	361.1469767800267	24.781411796309225	14.0	10.907908223053157
2850.084791856967	8.569160470715174	5.0	1259.2842642344483	15.193495345609692	5.0	379.06495288115053	24.89719904570396	14.0	9.024950104938585
2678.319620516668	8.089150000684622	5.0	1570.7285447035429	15.0	5.0	361.3997009643776	27.15197608564717	14.0	6.868945512976358
2580.1751633066206	7.981026911174181	5.0	1636.4434589673408	15.0	5.0	398.2679772171197	25.655475873749484	14.0	8.515856299269833
2471.1288117424715	7.628037718716049	5.0	1858.9278079643393	15.0	5.0	359.3927621729672	28.179502675529637	14.0	8.676356258371294
2319.758865033142	7.381426202397925	5.0	1887.0906394022259	15.0	5.0	349.3168444477912	28.97025009748074	14.0	8.019514283034106
2108.941073697608	7.120500714483228	5.0	1874.998742680126	15.0	5.0	328.90019233617613	28.263294455337952	14.0	10.464630900134974
1919.8097274450502	6.732839937205661	5.0	2034.5398075587473	15.0	5.0	313.13210709706937	29.665312511702584	14.0	11.571123082398355
1974.0579787213044	6.5088516095546725	5.0	2037.218148436277	15.0	5.0	326.3566650037047	29.878734105906297	14.0	10.472302315479542
2032.559211340069	6.201260665781285	5.0	2107.833901877947	15.0	5.0	307.95675507374017	30.56836404293369	14.0	10.047219592094516
1848.4729089276198	5.623875565148818	5.0	2329.3440228537297	15.0	5.0	302.93984338377334	30.55957320629914	14.0	8.711993715023818
1714.4915479513324	5.178515657130019	5.0	2401.033471173214	15.0	5.0	331.09875924995873	29.233008502656556	14.0	8.458852674299404
1527.4359198711588	4.8092827797272575	5.0	2378.1622109795326	15.0	5.0	385.10924606654174	26.410511517169756	14.0	10.231023927896187
1376.8393591840425	4.784726447367085	5.0	2282.4292189569946	15.284039523172856	5.0	401.60874123057556	24.580492610622237	14.0	13.64256388856728
1328.4549187064279	4.861215129080982	5.0	2283.829946643544	15.626888398235247	5.0	382.02043014424453	26.090104247871093	14.0	13.55375917007087
1194.8525486014903	4.824443995504495	5.0	2342.4833451596546	15.852854484400266	5.0	369.0963692321288	28.689294542566053	14.0	10.732369430556268
993.9301811330189	4.8451023785076135	5.0	2297.066599380126	15.63547244346322	5.0	398.06023684989754	26.728472856116518	14.0	14.463857812051513
877.4224662720216	4.934510285677038	5.0	2340.297330616313	15.535206317771973	5.0	363.1207754058444	27.666901417953607	14.0	13.12343412705643
751.615949085188	4.695584277595381	5.0	2455.3338473982553	15.293251763304585	5.0	332.0940797966312	28.723958997368882	14.0	12.159407018377214
700.6922107080773	4.417032953226958	5.0	2601.6211084615916	15.0	5.0	329.48224789782483	29.12283231502647	14.0	14.871718514140154
667.249001678582	4.766273438879711	5.0	2628.1405137260017	15.028091878410127	5.0	316.1227154817621	29.306496522321996	14.0	16.904231576167064
610.4600767795886	5.043852042157374	5.0	2730.0494185241223	15.0	5.0	313.31502208965657	30.385730236075364	14.0	19.425560377035065
569.9743123750156	5.469696580331517	5.0	2747.980791066769	15.045632039334349	5.0	331.641864323243	29.069853846308916	14.0	20.330418508641394
589.4713161548559	5.972221812234239	5.0	2679.1900386486273	15.348012086331474	5.0	310.32554831041995	27.865697037232064	14.0	23.453488527327377
538.913189376568	5.570889416906386	5.0	2678.5779946130056	15.363363268778446	5.0	323.70771609381245	26.883634860413807	14.0	21.424887238439577
660.7120566636562	6.1916726141104625	5.0	2616.207966120202	15.908625123760382	5.0	325.8148764335841	29.33147671558633	14.0	20.282679275354642
739.9229902099265	6.633959836449852	5.0	2476.750353386372	16.50574448981692	5.0	341.2725911147579	28.829892788585386	14.0	19.321127444534255
800.2760797194708	6.808919876125655	5.0	2370.503702169108	16.902967271768016	5.0	347.77398261057067	29.189469687029565	14.0	18.2763589037669
859.6071477423956	7.376665520780418	5.0	2366.9759480671823	17.20991642623167	5.0	328.78736687092277	30.50668197548273	14.0	17.591400283320848
857.6726768797758	7.104241196460083	5.0	2506.720514175819	17.383478861002647	5.0	338.2692935932932	31.185691900950665	14.0	13.03305012903879
900.8043228210811	6.995172802085803	5.0	2597.617191706625	17.64670644243012	5.0	329.33392398490133	32.44347536211363	14.0	12.019572084187658
958.3878287109742	7.702019578290215	5.0	2530.9434039162297	17.999151611241334	5.0	335.7690919609942	32.43389364883478	14.0	11.832821322292357
1033.2801263839985	7.9681972025372145	5.0	2498.2905339934723	18.336009368481033	5.0	328.594972474937	33.5747477018973	14.0	9.824977727167076
1016.3137211546288	7.971476778268566	5.0	2403.0695409797086	18.73777341481816	5.0	324.1492267750926	31.525136175740094	14.0	13.461529976732729
1046.9397542204495	8.39177907431202	5.0	2143.7944692116066	19.05083162476259	5.0	389.81620966307014	28.797755664437755	14.0	14.347546920135978
1112.325323883595	8.471949737977441	5.0	2067.9902005232684	19.35701919290502	5.0	398.85887098812015	28.740085888195583	14.0	13.887407171420808
1084.0568897409005	7.945809838084761	5.0	2134.241866842149	19.415236525625446	5.0	395.9498515509593	27.73971717323518	14.0	13.499498827815396
1163.0380250036028	7.872906451429213	5.0	2114.46270444063	19.591020941233417	5.0	375.87096240827225	28.61752104938215	14.0	12.480901827651149
1261.1562761961334	8.17916436383402	5.0	2148.330727831415	19.897349435776505	5.0	353.6379248413864	29.64392410587948	14.0	11.189988777991994
1313.4180411043712	7.84752320731474	5.0	2351.9188608841946	19.872350180697836	5.0	332.36656741317086	31.46078302098188	14.0	8.832543798908938
1369.8520392311675	7.646917785740277	5.0	2494.5109123489156	20.029738105943128	5.0	325.2241530749139	32.5049425015665	14.0	6.102677157425194
1473.7079411265763	7.606526796947349	5.0	2658.7026507035366	20.225712493281847	5.0	294.23093379053967	34.163631662394835	14.0	5.494737265854305
1554.1663722295468	7.520423581948494	5.0	2708.572536925406	20.327739122921923	5.0	292.36033862228106	33.1859588662655	14.0	6.091113125885869
1613.7297225142315	7.668213796594962	5.0	2849.867039063566	20.478605979771107	5.0	308.77242147293765	32.337689560264046	14.0	7.167789900610152
1732.671117305625	7.732136503779673	5.0	3077.312314942354	20.527911408830082	5.0	305.0799411255423	33.56566846860349	14.0	6.668286295170317
1880.3502606855016	8.118930680379684	5.0	3132.9597576078986	20.60913620344329	5.0	317.3665784262417	32.290791379691896	14.0	8.45762387366079
1983.612107821924	8.396072032362362	5.0	3269.3650013556085	20.43918367287546	5.0	352.50171197379547	31.94536841512634	14.0	8.510084646272622
2160.6932695157016	8.776495542456878	5.0	3314.437326437729	20.185086094640315	5.0	398.2951830848263	30.74485158185736	14.0	9.63291150307514
2314.2702350856034	9.093927111360392	5.0	3268.576787420341	19.929925137790715	5.0	443.1952857402885	29.94652758900619	14.0	10.650149553066683
2425.999003147832	9.08618900804235	5.0	3309.696314735564	19.649282391767265	5.0	451.8236201022041	31.03509578340563	14.0	7.642031685450217
2562.778294940971	9.44484496889581	5.0	3186.4253183309297	19.33399298629537	5.0	488.14269828953707	29.325781727314414	14.0	10.22548153763044
2611.161877935966	9.599082190682136	5.0	3216.9403036511944	18.770478141891967	5.0	500.9444640400034	29.840375566113153	14.0	11.555671843734222
2628.356544605979	9.664051142896717	5.0	3148.08305132003	18.407672864098522	5.0	501.6421113949465	29.34346204487352	14.0	10.635139182470105
2725.198632285951	10.155945306814326	5.0	2872.476181710328	18.19083700838558	5.0	510.2079238393438	28.55423923384681	14.0	13.46897396386711
2544.156198543493	10.257600348707484	5.0	3031.210899475673	17.780481005278315	5.0	498.5560405393195	28.147753108900996	14.0	15.148904832509572
2303.3144621735228	9.963221686873558	5.0	3294.984318344323	17.56352865120336	5.0	471.8366313121362	28.935527728141352	14.0	13.69210867864706
2220.4476546346705	9.886320358285849	5.0	3404.813340348448	17.6619541569493	5.0	444.37416642197934	30.830937165066878	14.0	12.52580128819078
1902.9436838653107	9.43718383316991	5.0	3767.463627247762	17.461215567621963	5.0	425.15249517447785	32.06758110685022	14.0	9.398688446936147
1704.181747393861	9.13291228175623	5.0	3887.563108523388	17.46251888867096	5.0	434.01197761649826	31.80751170827355	14.0	10.157252489316305
1554.7046497299302	8.817510873526553	5.0	3981.782293266268	17.544032415978943	5.0	438.27973142836396	31.43840487284768	14.0	8.987160910207683
1511.0333627388422	8.693770268991457	5.0	4045.2396699116357	17.74808159825523	5.0	386.88028488566323	33.83210377702895	14.0	9.950556128770385
1626.8273900234826	8.744436837177277	5.0	4037.8759740016894	18.06109006872195	5.0	339.0195153276319	36.23638460470495	14.0	5.076790453602029
1666.504548396072	8.707392696070707	5.0	3903.211582830612	18.36034487280143	5.0	311.6670266240213	36.75702192933221	14.0	4.8591844139691736
1726.23519687816	8.718510663712154	5.0	3709.6881881460595	18.796703330673836	5.0	305.50745999699893	37.546854641762415	14.0	5.207174985711378
1858.5908995843308	8.972596665776281	5.0	3589.7598967529757	19.017898224585178	5.0	305.9647038339181	37.752496539879644	14.0	7.025053484784036
1941.390107514885	9.092210091240606	5.0	3496.5423144617666	19.04898754819049	5.0	303.8072130617477	37.07270277809974	14.0	8.025675774592347
2022.5065917704305	9.378155143667486	5.0	3472.885397954615	19.226740929084364	5.0	317.33912659788365	36.20301879077323	14.0	10.389356935747397
2074.298188857138	9.80997147997809	5.0	3482.445046317349	19.216622773342213	5.0	346.8720567742703	34.51558774689163	14.0	15.61424294464831
2072.4764849106527	9.986082276789947	5.0	3453.5028500919548	19.073446537342086	5.0	399.804458572636	31.773804554016095	14.0	20.136517445357555
1980.984166937724	10.136954093898266	5.0	3454.9605932857503	18.946128831957044	5.0	462.32340416632496	29.309827425015538	14.0	21.94335477583725
1783.5196804455443	9.9345722661239	5.0	3499.680186609818	18.55093081684203	5.0	555.3449280021024	26.43603764819917	14.0	21.758169665680843
1492.9432450825923	9.763552877338928	5.0	3714.9406317060957	17.916380462209037	5.0	663.0779451679662	24.723228292829564	14.0	19.385709781088565
1414.6364957791618	9.885677963281681	5.0	3898.841218148718	17.677929118944128	5.0	710.4057614163489	23.75183044322028	14.0	19.723511239603308
1544.372952221713	10.070705642178543	5.0	3823.5285522050635	17.81248204362234	5.0	729.5805819290063	23.422020665179417	14.0	19.499781987188808
1493.6059472087443	9.816197585065105	5.0	3921.515734758361	17.56841738684717	5.0	779.2470497505875	23.18222626416718	14.0	18.432615510433365
1841.047568546991	10.106956312318554	5.0	3645.644876610134	17.741719560950195	5.0	844.9077358061282	22.767922683297297	14.0	20.442506236060442
2441.4810287157457	11.104224376105412	5.0	2980.5171595482807	18.258492516232312	5.0	908.5668429095766	22.643894047634017	14.0	19.790565010948196
2985.550342364228	11.650750399680271	5.0	2334.6681710040675	18.693088175283794	5.0	997.1097568298119	22.17623580642285	14.0	18.928951540482824
2798.318120910117	11.069107418881051	5.0	2606.0636091097226	17.909080401182198	5.0	1015.8054914222289	22.830809913729155	14.0	18.599476391029757
3072.7744913281504	11.069912837370458	5.0	2778.4709564144882	17.963907199553606	5.0	891.3564740089491	24.157789833546722	14.0	17.999357376028044
3014.5042524621535	10.730680979652018	5.0	3279.217730136944	17.98153266112644	5.0	773.6305293596608	25.850335547677204	14.0	18.928206701420127
2880.796568478486	10.573777462298464	5.0	3691.531069773578	18.248188380367502	5.0	674.1491495327023	27.610296054552904	14.0	19.696464060433915
2893.1505421503334	10.46441466486993	5.0	3909.759520288896	18.529642320417977	5.0	609.6712709758186	29.41325207991272	14.0	19.135701731773676
2688.8235622859934	10.070688286204955	5.0	4165.458204192906	18.38390453943021	5.0	638.884225985803	29.528755017567473	14.0	16.042486392649455
2713.852062823181	9.950316510618142	5.0	4430.086534060442	18.57338603622181	5.0	645.9350096194182	30.206955088951467	14.0	15.154103257559
2907.08972579602	10.14512870408338	5.0	4440.815123791779	18.85212556569745	5.0	692.2035259138921	29.724404423815088	14.0	16.60009323199937
2891.8541745612715	10.13666731058429	5.0	4538.853738545346	19.208319136055728	5.0	744.028800206399	29.031661571560555	14.0	17.458053044991363
2751.4940309716562	9.773949985398882	5.0	4926.354716289996	19.482285805281254	5.0	781.383956814089	28.491616891112816	14.0	17.74109760783271
2579.3699123856272	9.402592378530878	5.0	5365.8173263768995	19.555066226127042	5.0	807.2295794511396	27.467431750191235	14.0	19.203108019721302
2528.4586231966255	8.967008900452894	5.0	5937.115905595871	19.69586306915002	5.0	738.9021909046812	28.226847911075478	14.0	19.19863533036441
2473.8567635785516	8.604727515030005	5.0	6423.832112085912	19.585885775834498	5.0	684.5192737710167	28.669815771050423	14.0	17.960511516439105
2480.0038826462646	8.19586421974112	5.0	6836.084732762445	19.549904556628853	5.0	575.5340288144087	30.89988858817829	14.0	16.623739602379278
2445.0563124568407	7.899800057052017	5.0	7084.6603413174735	19.52530648438783	5.0	506.13900113394806	32.24650527631775	14.0	17.578239486026916
2383.7496658568016	7.794612758844316	5.0	6989.148789085679	19.293894799568577	5.0	516.0023682588445	30.671526645147175	14.0	22.048671886618667
2508.487291055914	7.954843814703542	5.0	6682.440610744891	19.35754426508335	5.0	493.74051106776415	31.143825540123576	14.0	23.875017098979207
2550.0380219753683	7.9500392609051405	5.0	6234.450250765305	19.44306569212805	5.0	492.0589108485656	30.934594831987564	14.0	25.899259673945455
2642.7563548546523	7.816968322000024	5.0	5685.765074163665	19.50329124224271	5.0	489.9500512704307	31.559036567487965	14.0	25.639146302234348
2654.1430899331663	7.909012130473732	5.0	5105.806293403129	19.619235440520228	5.0	511.77017623161834	30.635195677565406	14.0	30.886555914821127
2695.5282117061593	8.062979401230413	5.0	4651.508403368926	19.785458597947596	5.0	543.9511387450304	29.01602333545065	14.0	34.2086733409913
2838.1401818853815	8.189710283947864	5.0	4552.731344171603	20.058285567082553	5.0	528.8573354433275	29.986525027423475	14.0	32.925487549898946
2811.174650291741	8.262709986387335	5.0	4540.6080976323165	19.970618321184155	5.0	627.2170489669967	28.57920080745252	14.0	31.233558777932476
2881.30816938263	8.456749224922143	5.0	4689.295493600749	20.1930335589624	5.0	677.4243895273153	28.79255467605234	14.0	31.79786724741604
3033.0949673627947	9.044156451464614	5.0	4992.352838439914	20.74480127737107	5.0	691.8864847131288	29.645920131435325	14.0	31.774572308960572
3147.8175310809906	9.429714073144906	5.0	5507.944314953275	21.039217308081952	5.0	735.580503288759	29.6992284998008	14.0	30.445388446590275
3299.834588412591	9.852035763526274	5.0	5618.781879198927	21.32994352919953	5.0	855.2152868204369	28.136055486308454	14.0	29.579115381935587
3476.5468993785453	10.213818240575018	5.0	5985.029411672537	21.64311798129215	5.0	853.0830856827039	28.789968870575212	14.0	31.91858240408097
3530.337583751149	10.378440237982618	5.0	6695.2692926334485	21.863822137939923	5.0	788.5377993255914	30.241244465416276	14.0	34.4807552260844
3561.963233721507	10.531273471305557	5.0	7297.849939397072	22.09340918505332	5.0	760.8637430312257	30.018505363979827	14.0	37.27345317834908
3568.2617233843093	10.420739282453342	5.0	8096.479555191835	22.14876138791973	5.0	682.6839330886671	32.28496738206667	14.0	32.75914239275651
3471.3182260032504	10.584062009690484	5.0	8261.614902873573	22.015491531719768	5.0	745.8050061575614	30.79315690338076	14.0	37.42105405747894
3593.7609379611567	10.908569094714402	5.0	8074.370774033639	21.838666924239273	5.0	785.453756451991	29.76777029145272	14.0	37.810274056785275
3897.721244028294	11.391975073204692	5.0	7452.08859819373	21.43894464558531	5.0	894.8462347567121	27.692272010944208	14.0	36.06385582346874
4253.7601494329565	11.902178342357594	5.0	6747.0676006281865	20.70653566118926	5.0	984.3542668308434	26.00085980775941	14.0	34.58337745509442
5110.757502954516	12.360850571022857	5.0	6318.644974840243	19.97524650107402	5.0	805.7597087571387	28.196221623178136	14.0	33.236890442190365
5056.89967156836	12.147551460258681	5.0	6724.821271523561	18.852155637694445	5.0	710.6410742019918	29.795115248517376	14.0	32.31068991496347
4140.482999640454	11.563553725620256	5.0	7969.118162157308	17.71229823120725	5.0	667.7773618502526	30.663400036784168	14.0	29.42667186315345
3895.187064852441	11.582697166233045	5.0	8465.424022665828	17.138779942098456	5.0	677.5447515069797	30.586681472106015	14.0	31.415132808446565
4626.383775662225	11.879729565747512	5.0	7792.264792859197	17.39479444275382	5.0	680.1045115674573	30.33369214551628	14.0	31.14635190503637
5146.545978191836	12.042929576560732	5.0	7375.173390778792	17.63757192723673	5.0	704.7443195726723	30.32090366474099	14.0	30.252809374370663
5909.070782153274	12.290804388965133	5.0	6611.633214962964	18.13806041194941	5.0	748.2233371040461	29.845997707384804	14.0	32.11847940963995
5737.642440725159	12.019585126742161	5.0	6913.73295676541	18.541868552742407	5.0	704.6465133740559	31.295425366044565	14.0	31.029446942791786
5002.534692019219	11.569455833505717	5.0	7725.704533824514	18.6184824002611	5.0	715.4564180251634	31.987404573484927	14.0	30.357103764511816
4886.853989038371	11.614611489877996	5.0	7614.513134849583	19.056388300146597	5.0	738.4073146251707	31.37433722881091	14.0	31.036140137397755
4822.464815830561	11.509311711986065	5.0	7582.029159789422	19.55022599369548	5.0	712.0127343578025	32.43003659271001	14.0	31.814186691636937
4441.82829901263	11.198952461983772	5.0	7981.640945467597	19.897361370690046	5.0	702.8258077350238	33.49509000211571	14.0	27.86901135311876
4233.531962288064	11.16992316358628	5.0	8058.218600471826	20.183350174081564	5.0	734.4186069928799	32.926678003557626	14.0	29.115278339955147
4000.5774887956804	10.946189485643787	5.0	8358.12806057502	20.345678014477546	5.0	755.1877391104024	32.8129912244803	14.0	29.507862353716025
3946.98159715384	11.008448068089082	5.0	8488.635486779738	20.677445975072228	5.0	774.522361402875	33.18134311632772	14.0	28.258395257465892
4191.689944523901	11.307374130348956	5.0	8495.620704493604	21.104262757856958	5.0	740.875323352183	33.959993448206006	14.0	31.081420053175314
4218.813472620102	11.35630748393122	5.0	8418.81884421364	21.30147234543892	5.0	825.9159014377373	31.32588725038712	14.0	37.16652924438145
4363.854660012583	11.494199387112994	5.0	7948.352901253974	21.559120454848113	5.0	925.866402386857	29.620679168853542	14.0	41.74611889209139
4615.478175867083	11.439854844739235	5.0	7439.91510239746	21.6311634071143	5.0	981.5150431351351	29.0337486530774	14.0	41.917407435667954
4483.545279121467	11.48133393194967	5.0	6531.512037265158	21.42631411062663	5.0	1282.4244981625725	25.063953886629815	14.0	39.44483850749989
4488.373915020225	11.552260135657557	5.0	5880.765023505294	20.94664414166865	5.0	1401.7950409254424	24.140717790842352	14.0	37.51807478996615
4494.032191874602	11.251271745040889	5.0	5808.12722101978	20.20800481869738	5.0	1304.1768209168436	24.97638801131647	14.0	40.77545604538362
4383.092725797785	11.072577532881681	5.0	5945.921061017366	19.60446040532833	5.0	1136.7450520757093	25.85348414794267	14.0	41.20213256504766
3917.771260738603	10.667572488235898	5.0	6459.887813925527	18.857489865868196	5.0	996.9364363432059	27.79220039555707	14.0	38.99131819713388
3350.056550954119	10.180695715062386	5.0	7018.706621262833	18.290417511315237	5.0	926.769677328926	28.631279608563393	14.0	37.89306427500024
2943.209771703444	9.66920716348364	5.0	7638.007853841427	18.040773885823874	5.0	840.4722536103751	29.49003477200702	14.0	40.13572525180581
2503.3189944118776	8.866589781529362	5.0	8361.89817127159	17.852852824813596	5.0	825.2242059177282	29.83901046870512	14.0	40.81470961404953
2284.863241077738	8.095828764242233	5.0	9425.56317664783	17.810994293635567	5.0	732.2644890013416	32.21076531856281	14.0	35.66253104665251
2257.827580308372	7.940836379676813	5.0	10281.372792316928	17.862923694227224	5.0	633.7876991953844	34.62576742254946	14.0	33.66168466077092
1980.7691805391717	7.380218627641662	5.0	11247.84399992012	17.833326935152897	5.0	590.6328745221899	35.642979299988944	14.0	32.47726647573217
1831.6129354415616	7.20192562419273	5.0	11896.754922200866	17.800003862883166	5.0	564.7247383919456	36.540105562349225	14.0	32.16884596085467
1758.3255960833178	7.612413600053883	5.0	12311.053549231008	17.85567177325708	5.0	523.867767560047	37.20839529917327	14.0	37.20274969800241
1498.220066603768	7.151668803330359	5.0	12812.830181086983	17.846274078193943	5.0	480.20500888967297	38.214502800998005	14.0	37.81389768638381
1482.5206149651942	7.458540408288873	5.0	12522.087051788014	17.777375516313896	5.0	499.9762740300059	36.668562897338745	14.0	44.15451248070763
1510.7296867814148	7.95306573111009	5.0	12303.374649623947	17.719783911058112	5.0	513.0684575843346	36.04981609153231	14.0	47.85082604582069
1323.0536531783182	7.51995303541535	5.0	12293.650939132893	17.590987232550095	5.0	506.89491630066414	36.0267159328404	14.0	51.731033379993356
1212.663425459433	7.4708878435124975	5.0	12042.310407798386	17.435682168880696	5.0	523.9033449941112	35.38690877851521	14.0	61.35818440068692
1019.991080864585	6.324334201699932	5.0	11955.36076228274	17.248766177722292	5.0	550.4573243945006	34.855932529087	14.0	70.20536603426287
962.9832244182953	6.058525912097151	5.0	12038.260027170405	17.24469187409468	5.0	541.3098385175606	34.361718949714664	14.0	85.96110832408972
0.0	4.609645498628211	5.0	11017.401381949205	17.187859992398685	5.0	1180.2624195256046	16.870317247787654	14.0	110.25021953740894
0.0	4.609645498628211	5.0	10834.793985476557	17.29594999171422	5.0	1198.6362156708753	16.90130909989565	14.0	122.93309983287364
0.0	4.609645498628211	5.0	10627.660084548555	17.409457589515387	5.0	1194.436954840756	16.653865736919734	14.0	138.87442131532825
0.0	4.609645498628211	5.0	10411.728955155537	17.449995445072705	5.0	1196.2512116230791	16.709685172367283	14.0	146.58793604252617
0.0	4.609645498628211	5.0	10033.60312240042	17.415384863986827	5.0	1198.9305482814236	16.232780455057803	14.0	156.06669399441992
0.0	4.609645498628211	5.0	9683.94269127566	17.340094935525165	5.0	1191.1738747791942	16.16738029755379	14.0	170.758249572019
0.0	4.609645498628211	5.0	9464.598457485317	17.2533177680018	5.0	1122.9672931120745	16.220031156490638	14.0	179.81981764624683
0.0	4.609645498628211	5.0	9037.680995031365	17.148125054096475	5.0	1128.2170380666862	16.718951887800166	14.0	178.40065147065437
0.0	19.56870099053354	5.0	8750.945843025871	17.236440599817243	5.0	1108.638623771582	17.467357308597247	14.0	179.96234376486422
0.0	13.064753050308642	5.0	8667.431466148228	17.40578076106163	5.0	1082.9010906065525	18.134204964202222	14.0	181.28035974462216
0.0	19.56870099053354	5.0	8600.022069816621	17.58735475833462	5.0	1086.3915140597464	18.577046326146885	14.0	175.77748217930187
0.0	0.0	5.0	8383.708504311933	17.92499308616479	5.0	1120.3741212032537	18.15513466890822	14.0	165.60958457088034
0.0	20.0	5.0	8435.508379428516	18.115614996143815	5.0	1094.313188337205	18.196410628566	14.0	158.14852366112513
0.0	20.0	5.0	8482.480634494825	18.243425350761772	5.0	1042.2402942194726	19.189276462124635	14.0	153.19079818137544
0.0	20.0	5.0	8647.943663294645	18.471530884136815	5.0	939.8826628186363	18.894006923120795	14.0	145.7590954004351
0.0	20.0	5.0	8937.117450370684	18.534606749911607	5.0	818.8941880272936	19.91124922844561	14.0	138.72230747267776
451.14061705115483	3.331058499670279	5.0	9593.029185367257	18.588729292090967	5.0	516.7882698463659	32.23882233893399	14.0	109.22621241780054
390.3114156928531	2.0630806366506524	5.0	9579.443458982169	18.64116459543913	5.0	524.6194431228547	31.277726366228087	14.0	99.78438874671619
359.5557055918566	0.6448548809781914	5.0	9556.742574238984	18.670952959914207	5.0	517.7647578264028	31.611908256898854	14.0	89.11983662443085
354.06141565008625	0.0	5.0	9598.422233475023	18.645812329876048	5.0	471.03144480573036	33.79217421527242	14.0	81.2987622662905
275.9480870043765	0.0	5.0	9524.817284317654	18.698071015243332	5.0	447.25644135441837	34.18986379507528	14.0	83.57208653655863
259.5876438383948	0.0	5.0	9504.473659716925	18.831034002860775	5.0	398.0954721658536	36.15989081439728	14.0	86.65403185143522
274.0967724618193	0.0	5.0	9368.123515673813	18.91441190916502	5.0	347.6818201341398	37.18294073476138	14.0	93.01661859343027
322.1200530133214	0.0	5.0	9089.178553374944	19.101368156976054	5.0	319.5903515055173	37.23859309024489	14.0	103.15081336235015
399.89320834895665	0.0	5.0	8888.694332303388	19.283728220221683	5.0	305.9220095954766	37.12288265081882	14.0	107.68607222460112
568.3463726822995	0.011771216879333302	5.0	8511.754051941576	19.494892554044362	5.0	301.91825381783946	36.41009862302244	14.0	95.35798150469049
765.2048696411338	1.2750643615260342	5.0	8077.681243689153	19.669891208034937	5.0	324.6778654528455	35.521047223388784	14.0	84.84313658835482
947.3128533292709	2.2749975516759764	5.0	7861.108557627266	19.71765723585911	5.0	390.5888913516392	33.23959665014876	14.0	68.37509832693416
1086.886633013785	3.0094584392256385	5.0	7828.847761141714	19.618847536675485	5.0	466.4670134189661	31.92933676596928	14.0	47.95765248490289
1199.2473878548024	4.057554360843452	5.0	7690.63529016814	19.47307020823742	5.0	535.410946192587	30.517047841181046	14.0	38.2826576542752
1051.3439298224225	4.84150200599221	5.0	7486.89678359317	19.26145189259981	5.0	728.3476832616961	24.490354926502874	14.0	42.690237784774375
874.8314228836936	5.5330633829110365	5.0	7860.450084303111	18.946549425096617	5.0	799.0552180630337	23.003162325627656	14.0	45.071757496090804
630.9633065417985	7.492543561912364	5.0	7945.89546305025	18.729628056250764	5.0	954.9216145332279	20.24679624639207	14.0	43.80563908102636
471.51885077448566	11.29416172032623	5.0	8039.391296358801	18.532267939866284	5.0	1107.9394599262505	18.410794557008828	14.0	41.10937899984041
357.72613738657907	11.195154236797846	5.0	8482.283387927564	18.376009832357816	5.0	1067.318370466159	18.509342037580396	14.0	44.50079104201757
709.8908753310479	14.580912128666785	5.0	8093.755789413117	18.46064011812384	5.0	1163.2844292270968	18.961344764312045	14.0	43.26260603496192
0.0	10.15303697073568	5.0	8604.057406150912	18.184592843755127	5.0	1308.5074869837467	19.054859772275027	14.0	41.61609450257651
1520.37823306005	16.422894237841216	5.0	6901.338409256205	18.678621257377163	5.0	1353.175653117681	18.617240397104307	14.0	47.69262291347623
468.5053790077003	12.823062867818138	5.0	7777.86900210197	18.543552752844015	5.0	1454.5860343937452	18.0582025103098	14.0	43.84203391375707
656.7495575349866	8.692788653529218	5.0	7999.371758645202	18.420437297927773	5.0	1387.2540419578365	18.38587243785535	14.0	51.42381727703901
1196.395497110298	8.739838093963574	5.0	7872.322033105879	18.44490818382208	5.0	1356.5285651577994	18.783794273771612	14.0	55.96866739481647
1855.607296431855	8.896270513306693	5.0	7798.122248669032	18.69046477465658	5.0	1326.6101039467223	18.791721388835	14.0	54.10316599442938
2413.0618555947776	8.957293289280434	5.0	7655.495730347062	18.851827921335353	5.0	1326.1548244572587	18.91120479128766	14.0	52.71766979788017
2831.692498289721	9.06995649879712	5.0	7665.2013314451915	18.978318141023333	5.0	1325.4378379207342	18.859026329815308	14.0	49.794276117171435
3247.1637289687496	8.849808723180567	5.0	8097.360162848192	19.10301642429018	5.0	1165.6728195014025	19.721203095243876	14.0	52.68916286658969
3355.6558375964682	9.02475750418162	5.0	8298.783261271483	19.010052437087385	5.0	1138.2671805458385	20.043169838728655	14.0	48.70675662411948
3769.5192319029934	9.61089350219594	5.0	8304.91194174049	19.14284383308225	5.0	1034.3066443064492	20.06086814279746	14.0	50.50538322577016
4391.120924191487	10.20697018946507	5.0	8403.386459717985	19.305942384814337	5.0	818.2507294303165	22.544418242491616	14.0	53.51413059005493
4676.7592014497095	10.728568532673226	5.0	8751.085453565325	19.203422420432606	5.0	672.3815415252756	25.393778754528494	14.0	55.58068974784979
4737.208318876259	11.213640377308405	5.0	9248.344107557847	19.064015935523038	5.0	626.8614560115333	27.225968995578143	14.0	52.08694799348687
4688.1800703345525	11.91677052368837	5.0	9305.719325938653	19.04809379023102	5.0	706.5467876074433	24.624305068412745	14.0	51.8443807725506
4353.014798403027	11.989388997550984	5.0	10159.358356025292	19.024938838078995	5.0	548.4560859077525	30.235065841749684	14.0	53.67921412951902
3319.505056922797	11.951684630454594	5.0	11177.855919991182	18.934298239031264	5.0	502.972327098132	32.46564637472011	14.0	47.95965919808534
2620.5854402152636	12.447278472890815	5.0	11172.799417436245	18.89662230782034	5.0	501.13749447562446	31.273574263601063	14.0	49.13125536690709
2874.117504994401	13.708587904854406	5.0	9930.741921325514	19.24536063680387	5.0	452.1238668578385	32.53954172043213	14.0	48.66170008117878
1507.6756012152205	13.156519807283065	5.0	10054.429717048046	19.054429118920453	5.0	483.44570114854974	30.676473176164517	14.0	52.010591446442604
105.33870335365359	0.0	5.0	9914.599248208184	18.666927790854547	5.0	796.4210429890181	22.727294052882158	14.0	39.31418417688014
341.09123825647947	4.214324372121592	5.0	9775.666563152517	18.636995106839162	5.0	560.3160739350083	29.969855250402606	14.0	36.071637239129785
303.77871099150303	4.007321424677232	5.0	9354.147261513583	18.382835736632337	5.0	631.5071067157543	28.86745025956972	14.0	37.89534580768275
191.40234750034742	1.9641338504901689	5.0	9001.421704785545	18.095284367948583	5.0	745.1560718355975	25.64044351880006	14.0	36.31521961451665
268.75295052081293	3.054375147373852	5.0	8991.7132186438	17.877250017085224	5.0	662.1196738752363	27.11398812616471	14.0	32.70512240017863
310.5611755768793	3.0374190214528403	5.0	9211.919535992616	17.559274498858414	5.0	621.5245953997228	29.44419379868767	14.0	28.204943246668222
283.23898396859755	2.3239079073492817	5.0	9395.764103309695	17.331272024917805	5.0	596.6245647676272	30.039997186750696	14.0	24.160362648162273
230.07901917912662	0.11601483022684396	5.0	9570.548519638052	17.184679586590605	5.0	589.5102586014245	30.929409505697244	14.0	15.746659806424569
9178.78310808971	17.0956013083497	5.0	299.06764155116747	17.093162856984993	5.0	648.8446120450577	28.145832297246116	14.0	31.09229872539657
9065.262840307736	17.1679598526346	5.0	259.1915949774365	17.1676703180622	5.0	680.9798150246431	27.156780032526743	14.0	28.308342016646137
9138.88227918056	17.126347256743205	5.0	321.9963603284817	17.127782688974285	5.0	641.6778640767851	28.221532610880008	14.0	27.052059449390285
9187.10465574057	17.068260170085498	5.0	385.24668149071437	17.06760801106069	5.0	595.6174508986012	29.023361481590243	14.0	26.84691718239733
9270.404303241497	16.992442622531694	5.0	494.1156529923966	16.992119205099097	5.0	538.7353312129451	29.845020813804485	14.0	21.377998534086665
9300.041508176342	16.95367811091009	5.0	583.5734792784687	16.952660495755435	5.0	476.34987961615815	31.11626212717975	14.0	19.426117944261073
9429.549859067794	16.967597080582344	5.0	721.0911303304382	16.96673803605908	5.0	387.14345400976026	34.2061726902953	14.0	17.163487478733717
9335.633189255997	16.899461688530042	5.0	763.8204161675784	16.901322793277007	5.0	357.53003320856675	35.75575853275819	14.0	13.322263137289909
9928.931494636312	16.81399974944184	5.0	0.0	15.0	5.0	342.0573479684921	35.699041141213954	14.0	14.657048186458367
9890.236444841246	16.85009719634975	5.0	0.0	15.0	5.0	369.69583935915057	33.77598077055881	14.0	19.923587126081163
9649.094914506435	16.948026751451643	5.0	0.0	15.0	5.0	359.92822896689614	34.294089960077585	14.0	18.9756364430791
9589.584578234453	16.95166033194859	5.0	0.0	15.0	5.0	341.44157420504746	35.40980792106846	14.0	14.316081775955091
1210.1877236801436	17.095963102987305	5.0	8271.013173490366	17.09527486045783	5.0	328.7521210234121	35.88995730773971	14.0	16.63103752860905
1104.8287347343348	17.176711601855526	5.0	7971.463729258318	17.177003239128243	5.0	352.38831905833854	33.94228287645688	14.0	20.793530942010662
93.38193334258375	0.0	5.0	8877.08203960189	17.187003157655273	5.0	399.6197509784769	33.288491098523814	14.0	14.36677951210358
98.05103513000499	0.0	5.0	8748.089978844719	17.197001907442562	5.0	411.31629026486235	32.6422508530665	14.0	15.57387307189264
6636.170148893073	17.765796400330508	5.0	2237.9418650626094	15.0	5.0	401.0971011463935	33.616418831295604	14.0	20.111776961750426
6224.897288277833	17.662889874221555	5.0	2467.1964608970156	15.290226420956186	5.0	436.16600270251826	31.578831151642383	14.0	20.235299567632627
751.5413861124938	20.0	5.0	7757.383251720504	16.70627079307708	5.0	421.1952336715388	32.510665094091515	14.0	21.931820215929307
3111.148458778195	18.362473793779746	5.0	5208.193784620039	16.198949794108607	5.0	418.5044712038526	32.43274626294638	14.0	22.71756002981118
766.6318335012814	20.0	5.0	7283.634456285761	16.69279267265251	5.0	421.8475311576992	31.509622365039053	14.0	25.053074923595474
583.9808452630842	20.0	5.0	7130.008374192887	16.632251967130305	5.0	439.8316873239187	30.71813126796383	14.0	26.272946118773145
672.652864576733	20.0	5.0	6760.795539555371	16.55175330252731	5.0	473.83723585902237	30.113391973436112	14.0	25.35716352255607
582.7072377514495	20.0	5.0	6732.522894537671	16.523324004494114	5.0	468.35343123130167	30.32775382099358	14.0	23.99057573400381
5018.65011086015	17.464228708747587	5.0	2210.0165289388156	15.0	5.0	430.06683091219054	32.07203382629402	14.0	26.28384776015917
875.3190869949996	17.982501845866334	5.0	5960.248562615891	16.292365328439104	5.0	481.0617766698903	30.128933222338336	14.0	27.007584475455836
6801.810149828294	16.353871984627194	5.0	0.0	15.0	5.0	439.63149307011867	31.80485565513492	14.0	22.941022048202527
6532.758677454006	16.18283570262467	5.0	0.0	35.0	5.0	413.30046948790834	31.17426752686179	14.0	28.15919893736759
6225.383899066866	15.972538046458569	5.0	0.0	35.0	5.0	411.1742919811502	31.44442280710126	14.0	31.77352474744126
5990.956966143075	15.848109729649531	5.0	0.0	15.0	5.0	424.67980412607733	30.71927986275425	14.0	28.94198872048284
5764.060295764321	15.834501848853131	5.0	0.0	15.0	5.0	495.6160572085674	28.1425660936864	14.0	30.198706813523707
5564.285448593045	15.964058582165007	5.0	0.0	15.0	5.0	576.9289228712664	26.64024866536851	14.0	31.33188328200564
3950.404155097414	15.93184137169593	5.0	1417.754260506956	15.931635980567451	5.0	656.4564450792478	23.61764727521487	14.0	37.81567713967382
3996.170474062518	15.93648295247665	5.0	1438.7320423968686	15.936265414282836	5.0	675.1296026468763	23.843064708125745	14.0	34.07799913690393
4030.6455357334708	15.896519097567833	5.0	1485.8974775562547	15.89645636544988	5.0	657.6410128739268	25.21562185332981	14.0	28.08489615941117
4048.63964595736	15.811789993582833	5.0	1454.2867067208495	15.81179110043768	5.0	716.036303087434	23.869703698384104	14.0	28.031577997271324
4040.821964891183	15.84500624759048	5.0	1450.4123852408682	15.84501734515795	5.0	720.3460127910923	23.42573541970769	14.0	27.247298639776655
4096.998099350998	15.830673525401444	5.0	1517.2434382323315	15.830653125782712	5.0	662.2495490717064	24.6593908662531	14.0	27.865207800218453
4168.3219728826	15.933331619252794	5.0	1549.3457635876825	15.933320551739468	5.0	669.3428573181869	24.823005795870234	14.0	27.278294233906742
4138.72693606391	16.050804974455662	5.0	1500.3232261764178	16.05102075442202	5.0	729.1532641820498	23.705351905836324	14.0	24.713286124777923
4191.320787650889	16.20755332382662	5.0	1400.2857108675523	16.20756120762619	5.0	745.0292892741217	23.097428912779502	14.0	22.76425225355626
4255.853117178612	16.19554874260645	5.0	1453.4880327506387	16.195445262226084	5.0	713.2461734457027	23.85610812694931	14.0	23.118792756612198
4189.752960736474	16.194839322761318	5.0	1404.3377713418545	16.19467765908811	5.0	756.8782447869453	23.26549906872884	14.0	18.452593062130433
4029.8294779280245	16.247818653158536	5.0	1290.92763933645	16.247417315721624	5.0	818.0451492189317	22.104073409993504	14.0	15.87913418349329
4038.2671541620375	16.03531812941992	5.0	1144.8927702274561	16.0353019649736	5.0	861.3345747713727	22.009441775933773	14.0	12.850212180270052
309.24205076258323	11.445123568447704	5.0	4827.134726979434	16.148835600233213	5.0	848.530489911195	22.00260243161367	14.0	16.122877778585945
2760.033203459848	16.526138884972568	5.0	2295.9143021739824	15.0	5.0	868.1839954865894	21.24361214908149	14.0	18.02093791792082
2443.449054645967	16.226890156271807	5.0	2483.717357381274	15.0	5.0	862.7327645125974	20.32762364818452	14.0	18.91008591660983
799.4730156992536	18.17760073221882	5.0	4117.360019079483	15.0	5.0	815.678382181722	19.977367704099144	14.0	21.579200452023258
1008.6493969498728	17.607964370528357	5.0	3891.3584488389133	15.0	5.0	823.9127024610876	19.503158120465763	14.0	19.737297358948904
768.7936060791916	18.25175838973294	5.0	4051.1600540995896	15.0	5.0	833.4709976715357	19.011632567064364	14.0	18.92538456672665
894.2531047414218	18.496861799363177	5.0	3985.490740782816	15.0	5.0	853.4919991773239	18.23195811702507	14.0	20.266232991508872
1468.0218240617346	17.561236754959726	5.0	3392.8573154700307	15.0	5.0	814.7106241227236	18.076391878305387	14.0	21.562787208315513
1727.8001672601597	17.51412252868081	5.0	3229.9240755467195	15.0	5.0	746.0082751364514	19.826720387040318	14.0	20.30375261240361
2076.34316546778	16.479569989636072	5.0	2712.376300444839	15.56546701430311	5.0	802.5758248157396	19.414354903411027	14.0	21.571812078954455
77.18277985073925	16.115811707369808	5.0	4524.154170949431	16.115584677498234	5.0	778.8054055276715	19.50142990839549	14.0	19.702641145040598
893.6290404702982	17.475591574867384	5.0	3726.137946706201	16.044364317299006	5.0	738.8029153083797	20.103780178071982	14.0	20.22542800324955
1396.8778851916961	18.023689082358466	5.0	3082.1900942668117	15.773601394426361	5.0	769.0286697193553	19.891570864998332	14.0	19.35205009767794
1888.0886577297351	18.548348483110484	5.0	2505.6321594506603	15.223271791895156	5.0	741.3136524712227	20.565365240294668	14.0	22.375534839315062
1844.3708299366629	18.864267801268323	5.0	2381.0494336675474	15.0	5.0	767.896798070386	20.958776759448817	14.0	22.99507705392975
833.0975202561727	20.0	5.0	3132.7023954270253	16.028301701151634	5.0	862.2909338698412	19.971179398005162	14.0	19.51089210340718
1241.5963541325245	20.0	5.0	2634.2154587560485	15.399257842216885	5.0	824.5373173164554	20.12046205071319	14.0	17.910162454362695
1347.5022267343516	20.0	5.0	2437.004669010111	15.0	5.0	870.8664368289207	20.097874862127856	14.0	17.07027564676253
1234.5849870777938	20.0	5.0	2456.9561314355524	15.0	5.0	917.6364493765359	21.172996860718502	14.0	17.823923750438272
1234.9767934955278	13.19117166094892	5.0	2339.3208110715727	18.251832293371276	5.0	917.0995046664942	21.713730474656238	14.0	18.16580808228992
1571.4006483213216	13.49962497520427	5.0	1975.8227617523737	18.590657226744586	5.0	946.8619906214368	22.044549120149455	14.0	18.096815718305002
1708.1499370645868	13.7822263892292	5.0	1722.9978804713057	18.989656093757954	5.0	945.6996873888526	22.086541401535893	14.0	14.739789779473918
1127.7554849550543	12.873227202937315	5.0	2124.830165851843	18.283047621202925	5.0	966.9228959316436	21.991499492359164	14.0	15.256107069227525
1274.4789227712724	13.018496496979893	5.0	1907.6459602141392	18.817986738982835	5.0	976.4302676871232	22.27761065320192	14.0	15.961784180382656
945.1788503531462	12.151053331029328	5.0	2121.4166737439386	18.433003932978906	5.0	989.9655328889966	22.34237502031455	14.0	16.10760139823813
1489.5037221034497	13.736328070221163	5.0	1528.426221536312	19.808826501185465	5.0	988.0688747386608	21.939054738358976	14.0	16.131819493414227
1505.0709247985	13.716598358353572	5.0	1599.7247424278503	19.834423476740593	5.0	953.5672280368204	22.913720308419958	14.0	14.135337037885026
1489.2505835772765	13.76996695115582	5.0	1601.9596892611132	19.79718181696622	5.0	939.7135195764246	23.363360357832597	14.0	15.966489116113598
1443.416374819828	13.456665076775813	5.0	1675.736007870268	19.895857056892257	5.0	899.7743117994935	22.769655096001085	14.0	17.54421111213281
1522.685254215865	13.47852663586436	5.0	1749.4141884375276	20.093004685658194	5.0	836.0593709401813	23.395334286730026	14.0	17.64332120953102
1587.149537616622	13.787950783116392	5.0	1604.4670527799904	20.329597344846366	5.0	847.855302925655	23.528891268970412	14.0	17.388854645366223
1393.5679667377947	13.965087781357488	5.0	1774.7044715543411	19.775540569203308	5.0	889.7710430426788	22.354100605574306	14.0	16.62637927432432
1298.49035387641	13.548861902445454	5.0	2085.1083285700697	19.464527267966663	5.0	832.8355174168644	23.157383994858883	14.0	19.472321316786434
1513.6617272713436	13.520336809690026	5.0	2138.409428891441	19.770883726505733	5.0	777.9011445974263	24.140571180419197	14.0	19.08665974596865
1568.657869773666	13.956729434812766	5.0	2039.57614745319	19.579550430439696	5.0	875.7847094087402	22.657391933388784	14.0	19.414747046727175
1200.555899815724	12.739664041597104	5.0	2481.0324657805045	18.967157294091514	5.0	888.01782959254	23.34610501036846	14.0	21.58538940352531
957.3898031246054	11.419245331203749	5.0	2891.9602618814724	18.69868376628527	5.0	807.271570796218	23.730692291759397	14.0	20.61872660049608
933.6239099435204	11.232772812318423	5.0	2953.3729678281816	18.576017038333614	5.0	806.4854033616446	23.32007470950007	14.0	23.867497172106646
966.0059981038992	10.884149317215082	5.0	2805.161236634807	18.565359973419824	5.0	788.0886049819671	23.334075518582246	14.0	22.75433122175983
931.193719169486	10.74386348453882	5.0	2539.843442280616	18.45142637387827	5.0	868.5569366413322	22.750963063694908	14.0	19.38189411336321
1412.959307928773	12.250121624743231	5.0	2004.823235827584	19.75787610980202	5.0	852.5331718773524	22.102254193425164	14.0	21.00750244335095
1363.7140846042673	12.32943808731416	5.0	1846.4854049184967	19.76542122066911	5.0	898.185817973255	22.583354962864277	14.0	18.900793584315284
1368.5470626913652	12.436166865791664	5.0	1690.2319297025163	20.10907086357748	5.0	931.123187991348	21.827070401530232	14.0	19.778546053704915
1429.1275082978852	12.512334826169402	5.0	1639.2640599305253	20.74676192675178	5.0	882.2195601486496	21.550827250988437	14.0	22.642553608809866
1609.6550826578634	12.751842931930014	5.0	1497.4871357315637	21.145100420740075	5.0	880.3803889542102	22.12653044487755	14.0	23.440337628919455
1708.6875802127156	12.913007861568051	5.0	1417.860028313871	21.319819308227586	5.0	832.274351223334	21.988502666283207	14.0	21.544213400429612
1695.6337412048308	13.024066566092097	5.0	1386.5898314767235	21.461789573450694	5.0	776.4691547453937	22.57467027036132	14.0	24.072100652170548
1561.3681635500093	12.702431644559221	5.0	1514.8456765946153	21.45289350716355	5.0	764.8950074280734	23.03720696608807	14.0	24.724690707067847
1617.3041935921262	12.895302882105804	5.0	1521.2028344186574	21.843113795963948	5.0	727.9422883801853	23.427213006740423	14.0	24.07545322290011
1537.0520116913835	12.955775905923895	5.0	1523.6234376290213	21.817122190238063	5.0	732.2804160818255	23.42384284896227	14.0	23.441437144812735
1380.0210783736063	13.003425082654427	5.0	1632.6329181888038	21.769472533337726	5.0	757.5523221015637	22.852915413373175	14.0	22.091498825258917
1441.0735669204917	13.570400755697992	5.0	1438.8819368625184	22.145510741280855	5.0	822.1789657665598	22.969306864991633	14.0	14.922109980491317
1436.4991167110672	14.33786821969991	5.0	1383.201491815243	22.59866744384531	5.0	810.0742580367901	22.825759634652364	14.0	14.831997315968389
1297.4668965329886	14.077581009294185	5.0	1683.4582824451056	21.91915968856154	5.0	777.2914343994402	23.706735575503515	14.0	15.79682393308011
1242.3005079418876	13.987857677783195	5.0	1615.7864212747586	21.54484389075865	5.0	806.8606344094997	24.17836999410326	14.0	16.872747334326373
1204.5931387256285	14.593762388031895	5.0	1542.477937205534	22.122644181420082	5.0	782.1798052271165	23.60459758291958	14.0	16.66837210068569
1421.7135667051602	16.331885080783316	5.0	1089.3794767840895	23.10352681388129	5.0	895.8334904291027	22.61133254832682	14.0	15.35898960090504
1258.7876067807724	15.646995037248056	5.0	1216.8118756929862	22.934653808883553	5.0	848.0006370592253	22.28181342540672	14.0	20.9803179974102
1362.9160706056728	15.71567403364764	5.0	1206.7773543439253	23.599678311735953	5.0	763.4936363498264	21.52820336156649	14.0	23.561000073979645
1386.5189322765311	16.122207998705896	5.0	1013.1833572933281	24.55916765562633	5.0	800.2848066083287	20.516817031621418	14.0	17.809102057246346
1122.0037915170324	15.898181370352914	5.0	989.5786463859064	24.31227038428023	5.0	923.1179037812126	20.211878462367427	14.0	11.193216947161952
1069.7470110558631	16.21972385471492	5.0	935.5828626166457	24.593763069516257	5.0	967.1020004015439	20.309115638939776	14.0	9.518305751460066
1043.5150146586031	17.429323607384717	5.0	776.1206684712462	25.817177908900483	5.0	1065.5384585111676	19.257015809914442	14.0	5.295409867183479
933.0730672836002	16.8870766766212	5.0	945.9200967966034	24.881561117778666	5.0	1093.0515764118545	19.12780929897114	14.0	3.455052804411929
883.5792554164333	15.671665231018514	5.0	1104.1601697866342	24.461309768431263	5.0	1087.3506013279045	19.54160448465916	14.0	1.2266976873673163
847.3887696686776	16.862394536054545	5.0	910.7417075792528	25.413817016205673	5.0	1248.520380768969	18.230407338527723	14.0	-3.8497858948181665
662.316188343865	12.839256692695876	5.0	1295.3754594808952	23.26478956385371	5.0	1180.1968606495386	19.444949993780156	14.0	-2.4781077274753773
879.4312254342055	13.462201546433498	5.0	1333.6270205500261	23.993753574950645	5.0	1047.7327142520849	19.342434776836484	14.0	-1.4041928750636241
795.0647464470296	12.97859544550714	5.0	1309.3115523622487	23.984554638512414	5.0	1094.194234094971	19.276383669110402	14.0	0.7075389382520403
772.1979080133956	12.473344035870683	5.0	1285.414496136362	23.24947697701936	5.0	1109.050475503347	19.787103574363535	14.0	0.783107332929815
783.3790304404347	12.45078802163549	5.0	1331.251230956918	23.29200003209485	5.0	1092.5475681367675	20.3642843024108	14.0	-2.561700904585193
804.9029367992152	12.748433194185807	5.0	1332.7121909895031	23.292802365680533	5.0	1045.931499951267	20.82550329788034	14.0	0.8755291101029247
739.1035447697412	12.148688004364962	5.0	1468.8027925119013	23.19183033598189	5.0	1020.4480738169834	20.39528547750169	14.0	-0.34052452561995994
776.0024627597364	11.352840189540172	5.0	1571.5463361104664	23.312230441734666	5.0	961.1485718781357	21.479897545456396	14.0	1.3025782746607673
817.1813923549569	12.094960640148996	5.0	1583.1929942595762	23.2124228298161	5.0	895.7462469698089	21.9386658184315	14.0	3.045108165288816
660.1904273076128	12.060827603080654	5.0	1491.6799241317976	23.044637892303758	5.0	984.703878378768	21.693822640872998	14.0	2.7090285234318174
759.8832861277125	12.357810339218998	5.0	1427.5696806180542	23.68877665401833	5.0	934.5986504910587	21.9540811849977	14.0	3.8505339194519883
631.3698600345992	11.315150447362543	5.0	1386.0479611754513	22.81011927503183	5.0	971.0006935634448	22.35582121135734	14.0	0.8685268033392634
711.6641727237987	11.991909477226093	5.0	1286.9111569721954	22.917851434151476	5.0	894.3024544179689	22.82493493011815	14.0	2.927575064501594
745.8430833908881	11.97397003637376	5.0	1190.1271372134947	23.184272316181282	5.0	923.7994510573259	22.6252115701411	14.0	1.839574497383111
730.1548056723118	12.316303448355479	5.0	1248.0573862173087	22.83724110168169	5.0	886.1858580650726	22.082801861471598	14.0	4.286780582532723
758.897798775795	12.749819893641481	5.0	1092.7096795949315	22.640666449623907	5.0	897.7012077668066	22.354153974287982	14.0	6.731645569446453
580.9823810089244	11.392696059616481	5.0	1194.2258218846875	21.927794910936907	5.0	958.5313038885231	22.765386493553994	14.0	2.0961150687423746
586.1583446422451	10.595161826392543	5.0	1264.8289563674439	21.470622267811088	5.0	962.5312492964431	23.323867434464933	14.0	1.0631288456109245
630.8944844690783	11.159451819548188	5.0	1388.0145798576832	21.96968677479831	5.0	900.3813235134245	23.246466557900995	14.0	8.892481020442787
