amplitude_0	mean_0	stddev_0	amplitude_1	mean_1	stddev_1	amplitude_2	mean_2	stddev_2	amplitude_3
258.4831780993704	10.76478061982051	5.0	736.6774661617395	20.025387501056585	5.0	228.31136312424618	20.808663484709925	14.0	0.993528479356679
342.20524549459526	9.612701491780154	5.0	775.6622441593695	19.99603688869884	5.0	183.70136106696597	23.498165532678915	14.0	0.01120074414614818
243.55362089027446	9.935784210858797	5.0	793.2616711025254	19.929344307656773	5.0	221.1285505587832	20.31542341990844	14.0	4.45204695774139
246.11002561078743	9.347647060572344	5.0	773.8934556727789	19.89081236281466	5.0	222.2535996102472	21.049893358068818	14.0	2.098318782160444
301.01821575363414	8.603706145426509	5.0	823.2576457305781	19.899769738313665	5.0	191.21885014237077	22.890071203044684	14.0	0.7937897521647755
229.12342252227657	9.352663960018486	5.0	799.3821946187104	19.726572693642364	5.0	227.3767399197711	20.124624272058718	14.0	-1.0099935582487736
178.97708106425878	7.593023731562742	5.0	871.3359679538274	19.43400420659806	5.0	235.3465582068197	20.63255201498746	14.0	-0.3680074681267644
266.7696675322643	8.835878359367834	5.0	831.6539023315413	19.958909858479995	5.0	197.49951274218824	21.211306706708275	14.0	1.9917324691812484
283.2720894446246	7.844141792067607	5.0	896.3977195820676	19.800839771851432	5.0	182.26142204918173	22.056396893556304	14.0	-1.7153059409077547
204.88188281301638	7.103794695234365	5.0	864.8229574943035	19.41751150016282	5.0	212.09092119971487	21.253936233466924	14.0	1.3415932409880285
231.01597721161497	8.572677914852303	5.0	860.8563655984607	19.70302240956795	5.0	184.35420226915747	20.42550377488084	14.0	3.2985581376068924
214.85224635990207	7.162300620041048	5.0	919.1013928827756	19.543568951291935	5.0	187.91207215587838	21.758392619274986	14.0	-0.7760327801819623
195.95763626833062	7.201365535618644	5.0	935.9447081090685	19.698171399072866	5.0	170.35501349137883	22.047243889776233	14.0	0.4307262314546601
270.34198417035407	7.2937693125000935	5.0	959.1477223562885	20.164246334156722	5.0	140.8897887394601	24.36703948887786	14.0	1.7575445485057346
297.0650480100812	6.896879183942612	5.0	998.0998194999694	20.02249805989156	5.0	133.0142674568076	25.41791565244211	14.0	0.17072954715596977
317.96098566994306	7.410614144739342	5.0	975.0785734045463	20.07295281228578	5.0	117.78526780987137	26.716777981142727	14.0	2.4896236927931437
302.9435780869166	7.493302627422786	5.0	931.0540733840171	19.98382395745242	5.0	137.20049489164893	24.436656232895558	14.0	1.656698131727223
332.0547031005539	7.112057356562198	5.0	979.1055914238958	19.924998973515866	5.0	144.77254432675932	25.31227056816851	14.0	0.06977621906123861
310.56319449469595	7.2568714494592905	5.0	973.7528691582031	19.968115135672917	5.0	146.93985831891288	26.230028017965918	14.0	0.2026795382877578
339.11807741178364	7.468916415813334	5.0	971.8252347359743	19.89331586172533	5.0	140.89922446968356	26.051041552705026	14.0	2.291860123383077
349.72987919730974	7.442566149230134	5.0	1015.1197242003661	19.761427761710006	5.0	139.50593140156812	27.185689929127708	14.0	1.453101545141078
299.04025102391387	8.251529727881001	5.0	920.6501561537185	19.737014831628514	5.0	172.9445260282889	22.902312769160798	14.0	0.13951666077830224
271.354578663601	9.223854349923894	5.0	817.9047606780555	19.65662208490485	5.0	187.00977559957371	21.83727255625129	14.0	-0.4402052173735252
256.48398446266265	8.236599530828313	5.0	842.9325792506961	19.437219604062832	5.0	188.64742295005334	22.436014371904168	14.0	0.9537192874998781
233.26284513292183	8.429459618605412	5.0	926.1939174726223	19.229733748713777	5.0	191.95301308843912	22.149476559778503	14.0	1.1194017589430147
227.1551265374728	8.161130532994525	5.0	902.9377822794127	18.84667406336109	5.0	198.60710271855402	23.659040233216825	14.0	0.5751480035115997
179.47433869237855	7.014374208312788	5.0	940.6299699142327	18.812445209064688	5.0	206.1345830768561	24.094249058764802	14.0	-0.8374880504251887
189.39325607119247	8.337532615752284	5.0	885.1842961620749	18.75188325544762	5.0	225.39829320639757	22.49264045917798	14.0	0.9155716054755768
160.53163735024145	9.677809220756245	5.0	851.0903078265266	18.555664543383408	5.0	254.3335476263877	21.765163302901794	14.0	-1.817366820875552
188.02775524310726	7.079206105929483	5.0	1007.0843297817263	18.72540044905086	5.0	198.20105257662075	24.404832171854494	14.0	0.3065049678239936
168.21443335037856	5.8318942392798645	5.0	1024.2148230858168	18.4893638508718	5.0	213.66902496014617	23.547202683952616	14.0	0.12066219424248552
155.46569095140885	6.163026725902685	5.0	996.4772239155628	18.268566778934947	5.0	219.99988415084917	24.6679462118139	14.0	-2.9440936405227145
155.79342831841953	6.117186114826768	5.0	947.7018246740419	18.23799133672538	5.0	240.52137424113414	23.44079866002281	14.0	-1.3751026228736372
128.58205898416563	6.377054370338416	5.0	1011.6535292198108	18.096635678581627	5.0	229.7795330307711	23.154817373494645	14.0	-1.1715212341880423
139.43197136176423	6.433993684050262	5.0	996.8675285204214	18.14298114760627	5.0	231.19721196509903	22.936023249467503	14.0	-0.6684909011173472
133.43086572794653	6.545408669268198	5.0	948.9034662650473	18.310240785926393	5.0	255.220356864046	22.250967150763156	14.0	-1.4675626872340866
110.07274011327661	6.461679459790448	5.0	973.027880814101	18.137388798686718	5.0	258.68571197049584	22.576546859310152	14.0	-1.0964216430826594
117.8903257800082	8.313329403398928	5.0	871.5099983105976	18.79816261085416	5.0	268.90262790413124	21.880037790472432	14.0	0.04197977670064907
112.54771686522443	7.641727950003581	5.0	867.5123942878441	18.822239205300953	5.0	261.59485987350814	21.931996225980903	14.0	-2.0602655904203333
148.23934408157166	8.329959702880021	5.0	773.6702177680808	19.458143718216093	5.0	259.28160585157553	21.814886067718152	14.0	-0.7065780956691122
198.34365862547781	8.94152096003012	5.0	757.8209402944	19.649570654754594	5.0	221.0723851227058	23.553465225798195	14.0	-0.04068200278047478
178.60647556305034	7.423573800476213	5.0	783.3096257617361	19.099328793446855	5.0	195.30545397435074	25.35261193306385	14.0	-0.2261471578900489
186.79314899393873	8.15810766380621	5.0	707.3756663146382	19.33816151742735	5.0	207.24066935568274	24.250673294965303	14.0	-2.0717801161071416
129.83432784781127	7.220810853985902	5.0	708.4081714867237	18.97321024377784	5.0	228.77956286483655	22.853367065718576	14.0	-0.7297733329248065
167.85586809429688	8.699089069667396	5.0	678.87370897558	19.463284376264838	5.0	201.9231805913998	21.793284242296412	14.0	1.651977830773921
212.62045157207677	10.095880453271132	5.0	641.1191230792788	19.35929253207972	5.0	206.54515475775608	22.30395730882429	14.0	1.112999544672863
225.33351570335188	11.29335111206288	5.0	617.4799178415013	19.467893443860582	5.0	226.63011508617572	21.388262367532334	14.0	0.950231949590085
295.07751148320637	11.816108705261847	5.0	569.188270828632	19.57719958561401	5.0	226.77827980736745	21.51024442990256	14.0	1.7107370493685938
350.60977483985556	12.41717279497226	5.0	587.9226596810153	19.737600015687633	5.0	233.1760779491664	21.277662016067353	14.0	0.16602941113094927
320.4026618425256	11.561201986102263	5.0	690.0245129872642	19.008361581374782	5.0	259.69616914613096	21.632276911144263	14.0	-1.6499890557313868
355.7090406274537	11.615256437970253	5.0	658.9702891259595	19.111150322238416	5.0	266.87648936209354	21.815656286168963	14.0	-1.5744289401038083
242.85251561532286	10.555602388386177	5.0	818.3374565170598	17.86440037760551	5.0	246.6732056668078	22.156899927643813	14.0	-0.5202791291019037
460.40729336142533	12.605792073176032	5.0	658.8260340077236	19.36201335437862	5.0	230.51267342600622	22.10924017158228	14.0	0.1387134466397415
459.0219988303962	12.195515725200782	5.0	695.7246630811087	19.156984349510246	5.0	228.08323626237205	22.292008487496695	14.0	1.7169321520133678
330.7835625053074	10.938390586005422	5.0	765.1985829079223	18.48197061032884	5.0	251.48469466491918	22.632806764062384	14.0	0.0904542615352588
397.1042524315356	11.094385379590618	5.0	731.6402671899556	18.87007100772718	5.0	209.1946150700599	23.056029244360413	14.0	2.1547909772946534
454.13459659890214	12.050378498993169	5.0	645.1812898436391	19.158711770049784	5.0	244.11960442013103	22.46800438042437	14.0	1.8921838732563037
532.3495353689729	13.322760037254056	5.0	463.68888670807723	18.807080444217743	5.0	271.03778651017814	21.62343796261034	14.0	0.8972408739929734
712.9546303295523	13.718024905076152	5.0	324.1396440903001	19.812011877754205	5.0	238.15099699865007	22.692460384900127	14.0	0.9884229167007913
770.1382719323389	14.26642256980307	5.0	228.53991982461827	20.889920941119353	5.0	260.2376824882702	21.64267314215767	14.0	1.4110213516214276
811.8548466778785	14.380221335359234	5.0	153.3202078795015	22.87277327426201	5.0	257.20340144100595	21.277251097841386	14.0	1.01565113267252
764.1637909222476	14.225209104994201	5.0	152.4495564188359	23.096750207900968	5.0	264.4308746883227	20.626570646668583	14.0	2.4248657594062495
794.115078723696	14.129286271542691	5.0	153.58713568828404	23.93776907407949	5.0	265.6046429395435	22.425736200112926	14.0	3.0544141264970626
712.4415332295475	13.621526039576437	5.0	213.33614554284725	22.096370693567195	5.0	285.9874413128418	21.886980566853495	14.0	0.004726691498374035
790.574176689249	13.512438386572363	5.0	222.21603829656723	22.78797517385634	5.0	239.83745580398238	23.006825142386912	14.0	3.104872612999828
636.6941677318478	13.211646325301993	5.0	290.7877027863913	21.08805664938691	5.0	266.92491696670595	22.344498950338625	14.0	2.7328848794298826
507.9944354127227	12.598975992934983	5.0	326.2221383698405	20.208469471145715	5.0	303.40756948485085	22.166854922841246	14.0	0.4051459864203284
494.36114469206376	12.591645380079298	5.0	346.262501577842	20.685227337352668	5.0	280.58551131168144	22.4215734357351	14.0	1.9849018904473743
471.87252489613763	13.423604722492717	5.0	306.8312888988556	19.68930607400503	5.0	318.47070634996857	22.68986056386457	14.0	1.1504256949070375
494.66797667763353	13.109285633755658	5.0	365.8435343232361	20.319584921014297	5.0	318.71683466305973	22.239760646064283	14.0	2.050136973845467
595.2860219046717	14.196014615001765	5.0	280.0061356641698	20.775177054192866	5.0	340.8041263378561	22.12317417285779	14.0	1.8126065827862519
639.326141955755	14.027556959749482	5.0	386.2537163248701	18.622316743531112	5.0	358.9536254837864	23.31900762287584	14.0	0.970170997211769
1030.9179733054789	15.777759220504327	5.0	81.8897639492409	25.43208259142333	5.0	374.6837510298574	22.94819721485622	14.0	0.36833882069205576
1233.8589635283383	15.678134756071492	5.0	54.782077764283436	27.179638136484996	5.0	391.2856746962247	23.726731963006575	14.0	3.324797934177656
1262.7924036969805	15.812044597562052	5.0	0.0	26.969720814581237	5.0	453.5839027489919	24.233702313022285	14.0	2.033925310654361
1491.1500859300045	15.819592475393467	5.0	64.60660218111785	31.32877362490124	5.0	393.41991850757466	25.04782036636822	14.0	4.577199409025015
1555.1752306377364	16.074137995815253	5.0	70.1494025810148	31.807920709495416	5.0	412.387140426733	24.893408049971075	14.0	5.0140835175232565
1586.139302400042	16.209283566876447	5.0	67.35951352759471	32.39491211732368	5.0	455.8213561496208	24.500847943654843	14.0	1.6554791903071826
1533.2511077633094	16.37420343609995	5.0	66.01191038401255	28.938901617333535	5.0	463.7866153114342	24.089967758729895	14.0	1.5799332860074786
1614.9594454627143	16.554258760202163	5.0	111.99072071922407	30.709992936483346	5.0	411.67821562717666	22.829154618073805	14.0	4.868387694956935
1581.7364641431016	16.46505372176342	5.0	104.28643455267499	27.338722251273204	5.0	435.3076171735874	23.094261396231715	14.0	2.1910013734434095
1658.503894479733	16.786730514453104	5.0	59.96590794083877	26.7611364309388	5.0	456.2001504131993	22.700939972342322	14.0	-0.27628051586569236
1671.7950492046364	16.299339106088595	5.0	184.86537358598358	24.900093792444373	5.0	435.4669486660722	22.084258911831327	14.0	0.38617742360359025
1723.8144502777993	16.38923752128094	5.0	155.3996696540857	25.073655850626327	5.0	442.99693388271106	22.262355562664148	14.0	1.2767336794694237
1785.3101075461907	16.562938261421014	5.0	162.09263542931706	26.274356596285624	5.0	438.5548846849174	21.927780623250992	14.0	0.7429287428154644
1358.8497773836666	15.953903918762927	5.0	534.7869864397771	19.549427857516307	5.0	459.2603000503329	22.691900837851378	14.0	-0.8808853707835232
1859.3077281214958	17.064032893996767	5.0	114.88879602136963	28.381141140535956	5.0	449.90413407373313	21.831573666795293	14.0	1.449001490832364
1792.7718406712752	17.470129126786432	5.0	71.34186811778919	29.20684694974999	5.0	484.48334153182697	21.90748623158996	14.0	0.21438946073304846
1851.7545480512222	17.533720154732304	5.0	136.45076634650871	28.072677542146653	5.0	492.2430072915195	22.808544028844757	14.0	1.32353388368259
1903.357959168172	17.81656013043715	5.0	92.57501393016652	27.176480481387333	5.0	537.8429961323646	22.38096988093418	14.0	-0.8634315115483315
2091.5580291569477	17.769085313215875	5.0	196.67306153111025	26.93233233727258	5.0	499.18254807576	22.922912304646395	14.0	4.319124522173645
2287.5614191125337	17.831405229906807	5.0	78.61897062857956	26.389586910068388	5.0	590.908832266151	23.549337306758748	14.0	2.0607913374197135
2484.445291673119	17.8318608238677	5.0	104.16783599045286	31.38112498629766	5.0	596.8191137857348	23.529463726271697	14.0	3.020076692107037
2573.1569275513793	17.450248340879245	5.0	165.77885720887218	28.398098639399915	5.0	643.7912874797214	24.800322190699127	14.0	4.512683287405972
2798.598577533789	17.208879935775443	5.0	284.2550174380672	28.645763737788084	5.0	642.0967780955533	24.932498251678634	14.0	4.31083934865559
3023.965982720849	17.211015116162535	5.0	257.6757829553816	28.61408405866318	5.0	630.1460216027162	24.9060659168953	14.0	3.5113319894402553
3018.584288322812	16.99722013608685	5.0	282.8810577823601	27.57168488820945	5.0	682.5497633193548	24.485796836452465	14.0	1.666963899582304
3089.2882091805523	16.999364761617624	5.0	305.1896541912381	28.73873050594501	5.0	642.2405252698513	24.449640349400052	14.0	3.6394517678236755
3467.94932922908	16.9395247646567	5.0	332.3150478960763	29.111018959902374	5.0	618.4326968500507	23.887805504915793	14.0	6.21287538806859
3767.0491622606405	16.83298588530128	5.0	331.7595607897387	29.6534332804981	5.0	633.8737615656948	24.235078391367598	14.0	7.584670780586171
4033.786452048226	16.89887658819054	5.0	401.08880279526187	29.421747509064367	5.0	651.5207562396188	24.275693905639876	14.0	6.469978854304567
4300.291746667378	16.89181318715994	5.0	394.79562329275865	28.09570178130653	5.0	801.5076270267866	24.25295707740029	14.0	3.7621035843308412
4510.15387430955	16.899320419848	5.0	483.35669946943204	26.784465104396457	5.0	891.0297120027599	24.23121357696255	14.0	2.318929110033386
4543.8716880975435	16.93435266270088	5.0	639.2584932220825	25.149636698963494	5.0	967.5096090299967	25.055444525747824	14.0	-2.173377327846271
4927.399646304711	17.385609781669036	5.0	596.4159446225154	27.60582827799755	5.0	1061.2102996836463	24.21324700106389	14.0	-0.2927666498602267
5166.242975597106	17.300722170497398	5.0	857.7701503602658	27.293044419999166	5.0	1073.4863186889231	24.559646577542225	14.0	0.45996304233093654
5072.661093598949	17.303000918013794	5.0	1273.9221825268296	26.324458818201	5.0	1202.5674836127305	24.031355082338955	14.0	-2.066858749446893
4924.506481255997	17.18914118605225	5.0	1797.0127585416103	26.325771652237314	5.0	1224.9101661861919	23.897550299984054	14.0	-3.7505367026958263
4703.4544752624715	17.16747631893827	5.0	2424.0307326620896	26.421894423781378	5.0	1224.9767272590327	23.44657225071075	14.0	-3.5458401911976254
4423.2564025618285	17.25197292840034	5.0	2944.4039260548793	26.364831967446626	5.0	1216.6539472343366	23.148570438529276	14.0	-0.5274503266741217
4063.332914758141	17.322410661643254	5.0	3383.213869368203	25.454711185404484	5.0	1248.0268480518464	23.246329944495116	14.0	-2.042041253853388
3849.7873804676747	16.732298538656185	5.0	4132.346408138252	24.52466607723433	5.0	1140.971863386088	23.75568773509126	14.0	4.58170563414014
3225.6007712563337	15.927716456642194	5.0	5105.983401402132	23.158386307305975	5.0	1025.6554142659195	24.353525470869275	14.0	9.516770326047693
2946.8968385897265	15.095153461452778	5.0	6267.814776310722	22.150196207662432	5.0	879.2115218535902	25.283755326842908	14.0	13.022562150299533
2941.7114287708864	14.476628116935771	5.0	7786.862830874912	21.44739258148219	5.0	845.3978448602999	26.38754923649558	14.0	17.911563387935594
2317.627140646237	13.018922661339936	5.0	9657.91843945075	20.872128593988478	5.0	646.2624820038809	28.86702215442925	14.0	19.812805642857292
1875.882751874691	12.137064015379242	5.0	9136.696283490603	20.404424388414352	5.0	455.1722439508578	32.04856116568655	14.0	17.79342960450011
1586.3895090218418	11.57743544551498	5.0	9741.988318426467	20.054902016126743	5.0	469.14839297693095	31.483422442228335	14.0	16.615683242610203
1735.3619766201982	11.569267330625534	5.0	11185.22650192833	20.145603943597635	5.0	443.3794116960982	33.791448149787854	14.0	16.237008029871845
1217.0390461840593	10.557350530768051	5.0	10332.857295000098	19.690418616559466	5.0	398.54882102305345	32.86076724078172	14.0	15.626488891530329
1324.7971725912205	10.477063713117083	5.0	11511.70178241852	19.935974193748027	5.0	425.1530894055975	33.94227197569921	14.0	15.191544445834808
1149.7529804791343	9.288735422984681	5.0	12163.729000408468	19.868103808178414	5.0	437.16417203865143	34.470081803117594	14.0	11.414309366636449
1262.6965495929867	9.186637481878867	5.0	13445.776793680985	19.96765594045633	5.0	413.1534169207861	36.32581038096424	14.0	8.346652743442682
1060.985200614842	8.654801685131323	5.0	13458.335158700536	19.856093427127547	5.0	407.14592112010365	36.35855348050603	14.0	6.467223186457559
792.0940679199664	7.30834904686055	5.0	12367.189199269784	19.549326589209564	5.0	378.50258063931875	36.544524978245036	14.0	4.870635038775971
831.8067083001556	7.21636431978433	5.0	13293.987573199245	19.6238933875809	5.0	399.35672189062666	36.068455344264706	14.0	6.769274543116784
811.9879694299933	7.378004295718625	5.0	13353.892635312695	19.568728666928198	5.0	410.9662131872642	34.56940769108476	14.0	5.840223275932468
712.9471924137634	6.492646376108488	5.0	13196.98977824238	19.415531489697276	5.0	348.9427141699155	35.50162181928465	14.0	3.53229918862647
618.3477951430077	5.557855733934265	5.0	14540.039653664604	19.418227905065653	5.0	296.5440482159683	40.0	14.0	-1.7897363285669485
534.1395140019454	4.535744557234307	5.0	14681.845496824975	19.281794202950262	5.0	256.42040095554563	40.0	14.0	-5.338052228519199
515.7735847337511	4.288855345296777	5.0	15088.619671580082	19.25769568210563	5.0	225.55627184579717	40.0	14.0	-4.758418593107621
509.17875510705085	3.8779906881424835	5.0	16641.71307665595	19.268233965962263	5.0	254.58840723417734	40.0	14.0	-4.595045470845632
416.9600912536519	3.468505590752024	5.0	15223.51636338114	19.017740837181744	5.0	266.35684578386974	38.20380847077801	14.0	-0.3460214248497179
434.7479091800056	4.194075653037417	5.0	14255.605644451074	18.90376353461341	5.0	355.4374005897838	33.92464200569131	14.0	3.6293706218928907
493.3991579195106	5.531253914926432	5.0	13219.919478822572	18.96944223794675	5.0	475.0495062205623	29.787327591296666	14.0	7.9437517713876975
659.3192507384558	7.070513114800339	5.0	11396.235514790602	18.99295694003927	5.0	415.2760520112966	30.13043945710014	14.0	10.183437061022442
888.5877668842147	8.229547635205398	5.0	10294.674372231242	19.060115287239913	5.0	421.60136581212004	30.9308991432782	14.0	10.136991410029063
976.6812878751558	8.13742236341989	5.0	9882.831695233603	19.11107310601457	5.0	369.40320837600103	33.45308480980541	14.0	7.92134707734848
1122.339533236524	8.999656068948799	5.0	9086.79742995079	19.223688012293817	5.0	358.0382599576972	33.09336533055546	14.0	11.687293115240974
1234.3440549959248	9.015677065915177	5.0	8855.684627680896	19.28824891885968	5.0	358.68516067648756	32.73238093794278	14.0	12.614792366443801
1315.3565591923991	9.39847453388889	5.0	8458.289412676682	19.30056798577225	5.0	385.93507932601887	32.0010488973213	14.0	13.21625720026996
1348.566810070543	9.078634758732402	5.0	8242.047265135441	19.347186964989422	5.0	333.5337442997411	33.82557004860348	14.0	12.101320002652395
1369.4694088444037	9.196776758791557	5.0	7914.791868825196	19.37110083178818	5.0	386.3641228894227	31.34656194125156	14.0	14.565222538664248
1225.106247225031	8.777786571000183	5.0	7596.501722287953	19.25794113954774	5.0	425.9509690368095	30.61040236530171	14.0	11.794943477764871
1403.7081892807405	9.701404468599662	5.0	7186.224011339286	19.50769038367581	5.0	459.2143365245686	28.4505917127956	14.0	17.31594237034292
1717.5614220212883	10.35907986113183	5.0	6848.866544538317	19.826800892541563	5.0	450.4283248777984	29.073586972373207	14.0	17.734540968864476
1737.6645566871914	10.162370656799633	5.0	6645.396565250282	19.96841696075599	5.0	499.56354137852645	27.37981646860431	14.0	15.997553909116787
2215.2690959395336	10.832346015680185	5.0	6443.979773782271	20.46404976790593	5.0	419.5307556937937	30.712316653424228	14.0	15.49759834559454
2304.2407425772935	10.914396517987447	5.0	6192.281717051783	20.641989170611648	5.0	461.25799931753	28.811474506419245	14.0	15.991236031272615
2626.622882187746	10.983271223607867	5.0	6074.86946908942	20.86511925367794	5.0	430.10165011348147	30.677917099686983	14.0	16.193073902704917
3024.619412775994	11.202420112644514	5.0	5873.500677103921	21.313665461658317	5.0	403.6016477582714	32.65213164993888	14.0	15.811138722099532
3451.7609109507835	11.306476183527542	5.0	5764.860327858822	21.761083055051916	5.0	389.3502467419588	33.711881929931195	14.0	14.886468198561712
3730.628676183491	10.99959380152042	5.0	5833.077754842723	21.872310478948677	5.0	364.31951766203537	36.02950963050885	14.0	12.419412734167878
3925.474513637287	10.958388760826455	5.0	5656.977025864685	21.857316264545098	5.0	369.7563738903151	35.64058113049185	14.0	14.333369451899934
3998.892625720131	10.779597164438105	5.0	5530.337134062022	21.978057486363795	5.0	362.10580161284486	35.61107007656203	14.0	10.057619309254077
4125.364350238806	10.841636298375581	5.0	5344.076298309209	22.01533187402156	5.0	380.7135155005574	34.426798837468944	14.0	13.143105897165642
4306.64018324217	10.866632313450465	5.0	4895.227667747285	22.182338048132284	5.0	392.40462197005485	33.466012128933066	14.0	12.910096927352399
4535.704245536016	10.688102820067042	5.0	4638.860764613061	22.20471099095354	5.0	427.3626739071337	32.25584480779355	14.0	10.29049447750332
4846.911880463486	10.789708256593473	5.0	4319.788879842619	22.205363327379516	5.0	455.20012572871923	32.0218371070486	14.0	9.032772352042354
5101.533163607726	10.668236170699261	5.0	4273.195312851404	22.20740462978932	5.0	436.57992469409885	32.454657449633615	14.0	9.738483741464194
5403.26675740428	10.620289092904112	5.0	4014.450205025733	22.10861356583567	5.0	457.59911021033565	32.07495955554552	14.0	6.988329153511233
5822.086101930995	10.64220395937327	5.0	3831.8137915024154	22.268377777070103	5.0	473.1231680951081	31.702901791729854	14.0	8.06091138964598
6081.278602368226	10.515392278201912	5.0	3718.3061604717864	22.11656275070343	5.0	498.09476707020326	30.565708811653245	14.0	7.407539976548344
6244.683204973221	10.4741803393921	5.0	3444.7262300106954	22.189659074192928	5.0	522.4291870355189	29.489100787084446	14.0	10.440069723016297
6189.13923073108	10.26362980408447	5.0	3164.266888196429	22.048710233428178	5.0	552.3167481491121	27.706168029058304	14.0	11.168621704539332
6349.019203471259	10.083859452293215	5.0	3282.84278150232	22.155995633183608	5.0	422.9489824309168	30.267639331526087	14.0	8.6320225501218
6340.95438058235	9.907168854730003	5.0	3132.1558454880255	22.35039172406929	5.0	410.09744848629225	30.62871932348251	14.0	5.368808747345689
6078.501368888731	9.85250573209996	5.0	3137.2609478118734	22.105437273203474	5.0	430.86370250388615	30.259677454021055	14.0	3.195060160063113
5562.160690857631	9.765093311105415	5.0	3349.34585684062	22.031957359564345	5.0	413.24145055053424	30.341053750470042	14.0	6.219351062476077
5027.087190809623	9.554735200475188	5.0	3619.8287488676474	21.952783016622803	5.0	379.8491644894555	31.498930249740145	14.0	6.099850332513373
4520.4568820046225	9.494160776839465	5.0	3735.694828577667	21.793403947990274	5.0	429.13597376692934	30.015548399504922	14.0	8.393319624722237
4370.7316869526685	9.384841455950614	5.0	3864.4045311831705	21.81302925768776	5.0	375.4929275426208	31.415593434661755	14.0	8.75791078012619
4299.160458946002	9.368364814319008	5.0	3739.0742956959753	21.512217547267355	5.0	478.6770315088181	27.73658674249837	14.0	9.93490396070062
4103.507832407986	9.26498715701146	5.0	3604.4261843823137	21.31533996834282	5.0	544.3571680884402	25.842389249869157	14.0	11.869088377027543
3977.152537440245	9.213989395537649	5.0	3423.0076710223493	21.096051659103768	5.0	622.6024126290354	24.000901690230165	14.0	12.862390448191544
3667.7714388092577	8.8943839725551	5.0	3444.6565722653013	20.53741578971871	5.0	716.6422727575406	22.680006153342664	14.0	10.014559714067317
3354.8438292936617	8.637043459788256	5.0	3498.6888134261408	19.85416526550722	5.0	805.0331803445418	21.553394609773996	14.0	8.878252051848811
2808.6651528764123	8.132148932909923	5.0	3585.0445334102883	18.824203680813394	5.0	923.2949787375544	20.784127613853656	14.0	3.8572660575373545
2356.940390240466	7.717666760528103	5.0	3799.052600832949	17.59653122975627	5.0	1084.7402929244079	19.59735548420202	14.0	1.1676271700280532
1996.1325358683505	7.182918664881408	5.0	4534.975193998752	16.663421048970857	5.0	1159.8257185511488	19.065709895831002	14.0	1.3720066015533423
1766.9434189783651	6.836650098146865	5.0	5048.749421707318	15.893641434609401	5.0	1258.0139682769575	18.458923347176775	14.0	0.6883374617798262
1569.5638900475135	5.743094896181329	5.0	5560.678145111136	15.657798413810873	5.0	1273.8965892805768	18.138782428438365	14.0	3.2722703885370783
1366.110337111467	5.6310435575107745	5.0	5336.186050643568	15.799787265126596	5.0	1439.2904731895494	17.17436475931253	14.0	3.403060770959956
1459.874604243601	6.01977936687196	5.0	4950.874863655349	16.405845936396066	5.0	1561.4972282479803	16.489901137605337	14.0	2.0096735073953234
1493.1859990557346	6.58642435048989	5.0	4466.296786254999	17.009275580733956	5.0	1753.6774952874398	15.617641268910189	14.0	-0.32277691909946193
1484.3600570379513	6.822734485582405	5.0	4179.481034876948	17.8532143364081	5.0	1847.632015181419	15.26231853550474	14.0	-3.1745057462600226
1433.6032963622617	7.5179095270596585	5.0	3705.9977513664553	18.854520449355356	5.0	1985.8418501488181	15.0	14.0	-6.563746193029052
1520.9193021815156	7.411781680540882	5.0	3698.980379228287	19.668772653174454	5.0	1942.7398453830174	15.0	14.0	-6.396918175652612
1692.0196028924329	7.1329800759836814	5.0	3720.043213837894	20.137898478083233	5.0	1820.108716466827	15.0	14.0	-5.229112280767375
1816.326115726474	6.685177134084483	5.0	3950.298114624269	20.325737462958077	5.0	1648.6557012810067	15.0	14.0	0.8513049134088533
2020.9783074673446	6.343738336639763	5.0	4165.454112633686	20.475916399156862	5.0	1530.2962210299	15.335475583214485	14.0	5.045173418584105
2290.0902512476314	6.158381537134079	5.0	4379.639412602124	20.392954951450683	5.0	1296.7778311302027	16.34108124589	14.0	14.667947163802824
2484.905049758436	6.029464449206701	5.0	4621.987525852066	20.25751058907171	5.0	1110.0594611723259	17.721980205242556	14.0	21.838574188253546
2711.9777523759863	5.975508301630995	5.0	4730.543415532784	20.03542176416587	5.0	941.7708341039515	19.984881832016296	14.0	28.861991607233964
2624.686190017968	6.098755842145107	5.0	4577.742648055979	19.874161070145135	5.0	985.602876706688	18.97428406517479	14.0	30.94042778665081
2592.1079727867327	6.097386111250395	5.0	4596.64412847709	19.72765557862598	5.0	1027.0995807303425	18.46355793474694	14.0	37.996220751818676
2672.330294659727	6.715709039267959	5.0	4392.58869415559	19.721885863884427	5.0	1082.907420246068	17.599012444715292	14.0	47.69066370698705
2724.0640892152633	7.218033350557754	5.0	4264.531912103836	19.83604568260244	5.0	1103.7248129754264	17.85679863649667	14.0	58.71115388319209
2701.673431789788	7.847865255707611	5.0	4237.537870555337	19.82378805477105	5.0	1135.5333175605176	17.93930960062273	14.0	62.013011978713415
2500.394492918967	8.200257549643823	5.0	4297.9442642655595	19.569189286775316	5.0	1231.9248135414514	18.013897208037474	14.0	53.00952307917265
2267.638046468155	8.581121876449116	5.0	4598.0230519141805	19.504498493256477	5.0	1315.6459459402445	17.748462674903536	14.0	42.57088085520883
1804.9007112304187	9.43995692054633	5.0	4554.875643682953	19.254223018094827	5.0	1547.7870447619807	17.41221076263494	14.0	27.32912724490959
1757.598092611199	11.256231599503362	5.0	4120.808284845723	19.569087084392237	5.0	1733.4119333895492	16.84510614712459	14.0	9.57646679299045
3185.115107650542	14.545138608800814	5.0	2868.6044010885626	21.92616477627077	5.0	1660.9263223718517	15.754627695905524	14.0	6.391997727493571
3135.845124948824	14.219852462113062	5.0	3419.9737015575124	22.026107335700516	5.0	1499.719531342729	16.319261625515118	14.0	5.9593114128047695
3382.021812591658	14.306929330997239	5.0	3461.376136074362	22.23739806276786	5.0	1425.4797554812415	16.65646345232746	14.0	2.8543399699736005
3570.012125285142	14.469582621031387	5.0	3455.4766163182176	22.47246812738062	5.0	1410.912716194969	17.214572052559678	14.0	1.6402537524186724
3415.099447853559	14.267539089104822	5.0	3645.6015828149307	22.001783270699942	5.0	1460.3439749145311	17.768002307072837	14.0	-1.815649995913046
3700.4055629049153	14.391132626408723	5.0	3577.5883318913106	21.964374635612145	5.0	1489.47168632762	18.111487605105435	14.0	-1.6771840178877593
3742.8013134856287	14.156836619208153	5.0	3805.704219903721	21.56046419833918	5.0	1429.9411888864688	18.302130765970855	14.0	-1.3123739050129475
4043.1105734299376	14.508467296798655	5.0	3642.246037921642	21.948223711244836	5.0	1328.7372170952897	18.100549013378433	14.0	1.3420575829074526
4022.334472655426	14.560321194435359	5.0	3607.050210983493	21.8970134648715	5.0	1268.204786208951	18.604526661316516	14.0	3.041118456230646
3918.680826304106	14.675262970374632	5.0	3589.9865466542474	22.117094422602484	5.0	1176.200870193552	18.656090853459915	14.0	6.59393978662357
3739.46291802655	14.792477478988326	5.0	3603.2713951353353	22.107648130115983	5.0	1202.2870974583527	18.686971526141118	14.0	4.660838383642331
3557.595375387543	14.629812360188266	5.0	3712.933549121755	21.995122697812597	5.0	1188.270378630821	18.80394121214135	14.0	6.162337187428469
3145.397844900403	13.973609839396083	5.0	4294.092455934618	21.32360561641638	5.0	1130.1401817622188	19.50684202008504	14.0	8.691960060525455
2576.559739414643	13.568089391144385	5.0	4722.659652818056	20.894264594066676	5.0	1050.6487430982354	19.78332828639691	14.0	11.204266151956096
1933.7020662444236	12.770984994964738	5.0	5366.672990074479	20.29520384416981	5.0	983.4953976269271	20.75105497187156	14.0	12.256051087886714
1333.4190571553595	11.593349640432782	5.0	5787.905023533343	19.802846795958725	5.0	941.505201534818	21.126573089389826	14.0	11.489652793770272
1149.255122633119	11.853058355798593	5.0	5770.138247868913	19.795956166046242	5.0	918.5989601787396	21.178680018912388	14.0	10.120276681331086
1086.311627219403	11.759802851487164	5.0	5806.575201535749	19.990457565438994	5.0	852.7787383568988	21.996737409465677	14.0	9.19181517135807
1066.763851044384	11.888106322810481	5.0	5692.830191718676	20.231387961357235	5.0	861.7824860099405	22.03501221176157	14.0	7.745577945014867
1298.9024013865132	12.92109116281225	5.0	5186.0766064711115	20.735700844254524	5.0	899.2964913174899	21.863194537455858	14.0	6.854502549000024
1636.534278557114	14.32544673319575	5.0	4349.959138364628	21.322567643286824	5.0	1002.8449604234097	21.290411320875414	14.0	1.106148803248132
1823.6922074073466	14.56063260832378	5.0	4046.1765579008656	21.776375635833826	5.0	1004.156219436772	21.336570761443348	14.0	0.3588998904874182
1632.3123478757886	13.939764209403883	5.0	4234.071682054523	21.645952681347545	5.0	980.4891168359885	21.51807993398962	14.0	1.8590735024832497
1366.4723405666	12.888564776922408	5.0	4511.029701819663	21.13250949689105	5.0	980.5511317557327	22.17662802961879	14.0	0.13839864071835517
1400.3657852218455	13.192071401166102	5.0	4699.209268049854	21.28368548298263	5.0	977.0167594357584	21.616970937539264	14.0	3.1025292968116105
1271.9146969507033	12.46701100804338	5.0	5224.742037694459	21.085950361664487	5.0	967.566299144171	21.676998710869842	14.0	2.716531796982958
1413.6771370474291	11.955678884968295	5.0	5664.4286874382105	21.257815797103163	5.0	889.7243215010026	21.650582661197223	14.0	7.982092323826526
1385.9509656069154	12.173791001306968	5.0	5764.382126957739	21.345735906685587	5.0	944.0755354849317	21.060722493611493	14.0	7.204967015734317
1465.3827750975527	12.435088923084892	5.0	5685.675309819066	21.492880140352604	5.0	950.2931523145635	20.549136790737172	14.0	7.388637445822912
1819.414018525	13.608923340351193	5.0	5502.119247300329	21.710699678855043	5.0	980.6656107286708	19.540876642027623	14.0	7.945706128932755
2594.0788940944462	14.959361275590307	5.0	4961.603067207164	22.28772292706512	5.0	949.2385526710523	18.93431310806489	14.0	11.834760452378186
3071.430684530674	15.62471789900109	5.0	4586.843042402259	22.69560993973583	5.0	918.7774998859596	18.492636613176067	14.0	14.333094114669287
3409.314463704237	15.942480336204879	5.0	4383.400318167775	23.141782286488787	5.0	835.4140254179523	18.525093018838355	14.0	17.24089992013612
4023.8535813595913	16.72622146170835	5.0	3812.8144675328813	23.974313158230096	5.0	787.0063781676428	18.36872255281126	14.0	18.816726553347458
4420.747793974127	17.30535895790531	5.0	3388.8727190498844	24.626680738638203	5.0	776.2672305469785	18.41978309631949	14.0	20.44767383898914
4824.9883567508305	17.72100371500272	5.0	3223.825569319692	25.249633623713212	5.0	751.4786851437898	18.27965828410268	14.0	23.87633541323109
5171.702613834763	18.247076552349583	5.0	3190.0362767628903	25.655607284208248	5.0	743.6586184513656	18.164685039846802	14.0	26.39585161141581
6296.535209114205	20.0	5.0	1769.0818927892205	27.858756053589946	5.0	1018.0761520452683	17.12481581427565	14.0	6.115705336358225
6274.659907486272	20.0	5.0	2213.120495983224	27.376580054310494	5.0	875.4044843715776	16.651014868629247	14.0	14.189356889665778
6363.72876223074	20.0	5.0	2448.4054633983405	27.5028418492173	5.0	713.4895448629001	16.0459301236076	14.0	19.999897126024152
6696.5902933569905	20.0	5.0	2477.9318334043983	27.71293623204433	5.0	585.496173422505	15.0	14.0	27.253806747591305
6795.583270289991	20.0	5.0	2531.7056941117303	27.770958099095157	5.0	468.90933259858247	15.0	14.0	31.347476035289503
6565.318376271134	20.0	5.0	2736.6778262716934	27.51310753879123	5.0	440.4218520057468	15.0	14.0	30.683818412367003
6099.477851082279	20.0	5.0	2964.793008530012	26.93892977482592	5.0	454.6457085907709	17.521101427334393	14.0	32.618913248266274
5970.141885238594	20.0	5.0	3428.2692890859757	26.594324444864036	5.0	409.8519592340494	17.786896242462753	14.0	33.47919512204689
5760.064830421915	20.0	5.0	3764.087232524744	25.604543372738583	5.0	488.34823220535566	20.690819822564396	14.0	31.569884943815016
5374.613801576355	20.0	5.0	4184.166948291349	24.75579464030813	5.0	570.4635698841471	22.358624025982618	14.0	26.263947832253425
4300.636499401665	20.0	5.0	5390.986860578443	23.606209552311793	5.0	614.0281145613282	22.642113965678405	14.0	22.884145932190837
2806.4215831625115	20.0	5.0	7168.5050559236	22.82509108227897	5.0	640.4859552551554	23.314044063324523	14.0	20.187185712488613
0.0	20.0	5.0	10263.499327350519	22.141596957687945	5.0	681.4984717814417	23.789973473362046	14.0	15.205400606540843
0.0	20.0	5.0	10699.221772228495	22.376511309771622	5.0	631.9729606956527	25.308867320472658	14.0	16.76826741226484
0.0	20.0	5.0	11134.015042804514	22.669489957215347	5.0	603.684574627205	26.727314412379723	14.0	17.224313433178676
0.0	20.0	5.0	11527.70494813501	22.959459639359093	5.0	599.8051975438829	27.720502075657876	14.0	15.86026705902166
0.0	20.0	5.0	11436.226058903881	23.071044274408234	5.0	620.172139026911	28.82399074103882	14.0	9.49133312300604
0.0	20.0	5.0	10946.396287387273	23.198236012886127	5.0	763.6513996805926	28.469715431695796	14.0	0.638821732103496
0.0	20.0	5.0	11046.469181152706	23.383404478348307	5.0	780.8646818873544	28.573582840133927	14.0	-1.3939874712660296
0.0	20.0	5.0	10986.49725603563	23.62330107854244	5.0	823.743813339127	28.078911685011	14.0	-5.448888481635399
0.0	20.0	5.0	10757.710479616764	24.0095085547371	5.0	739.6383796040583	27.584748665145586	14.0	1.2705856811697922
0.0	20.0	5.0	10306.576728004431	24.26284774135317	5.0	716.2770427982948	26.492873377687207	14.0	3.2616936061121717
348.7046272110962	20.0	5.0	9403.62314430531	24.700523174641365	5.0	647.5205637717264	26.26890896765081	14.0	5.962701659779516
767.298919852748	20.0	5.0	8788.908780356871	25.11024191135122	5.0	585.5532428191582	26.857558583754756	14.0	7.113523678727805
1320.7697762957523	20.0	5.0	8135.53938531527	25.657460616367185	5.0	539.2408360606178	27.848217628693003	14.0	6.567437144677588
1481.0313305865348	20.0	5.0	8230.950762415583	26.03111656460356	5.0	471.4131225002082	27.73385253509995	14.0	8.468681749874728
1775.8975054713649	20.0	5.0	8146.866386676314	26.518555406909297	5.0	362.1160776447223	27.304125669354555	14.0	14.334130243335302
1870.6989686615166	20.0	5.0	7923.140724579988	26.94994667140585	5.0	299.055161977213	25.369432464634983	14.0	17.72841277517261
1660.4535483018492	20.0	5.0	7774.797398001389	27.16860773743902	5.0	260.71749568668207	21.62200303563361	14.0	17.727545831631076
1626.2653814047537	20.0	5.0	7395.256925922477	27.31550127991962	5.0	271.60801884298473	20.442069538403175	14.0	16.857131408668774
1464.736641715193	20.0	5.0	6920.270492237724	27.247611866395427	5.0	330.5070830105766	22.280468547905386	14.0	13.901798159020226
1228.783369532828	20.0	5.0	6626.143829159287	26.973257646410538	5.0	413.78839843890813	23.260788197761297	14.0	10.6728269270239
1270.5198433271696	20.0	5.0	6275.145908456552	26.841252017309188	5.0	391.89472343070713	24.519220641790252	14.0	11.844065144893644
1148.1457824748313	20.0	5.0	6133.833977794944	26.877612591234577	5.0	397.6690722950524	24.821033600715698	14.0	13.266525200229504
1208.9654347584676	20.0	5.0	5775.3845285067055	27.235182952746573	5.0	401.2417045710493	26.3377052188679	14.0	10.189264188897894
1253.0490416047883	20.0	5.0	5497.920208286291	27.734625775071482	5.0	366.8095974456107	27.298924979077594	14.0	11.803557148798497
1167.9790805755645	20.0	5.0	5375.595538161556	27.988112878439363	5.0	378.0095238793037	28.58771484453553	14.0	10.036828017801916
1016.9954383973584	20.0	5.0	5397.1435049388965	28.04355786520761	5.0	372.9051752578273	28.099551704712013	14.0	10.416925708941251
759.5482923715638	20.0	5.0	5342.513322355835	27.897648724090356	5.0	372.62610020447727	27.5210501923022	14.0	9.103741191228956
477.5341723659533	20.0	5.0	5190.934301669485	27.794506921690793	5.0	363.1395752990379	25.478539827708733	14.0	10.455093375839564
340.71682867854355	20.0	5.0	5057.86351363369	27.608153677664113	5.0	308.4756672168791	23.53773602960781	14.0	9.92739706911196
354.4208714461252	20.0	5.0	4810.5259333145905	27.59280740349316	5.0	284.7819765603362	22.886777264079473	14.0	10.010728005795015
446.97448776040653	20.0	5.0	4481.319879774717	27.67151550411087	5.0	254.91913103968034	23.677024337738533	14.0	11.125009948944655
537.8434866429449	20.0	5.0	4089.877111246958	27.800648827185828	5.0	248.47565611484265	24.57494669553453	14.0	9.643756288468778
580.2875121925396	20.0	5.0	3853.734146970479	28.01776931634511	5.0	226.45716719357267	25.079192988622346	14.0	9.19643312364705
742.4111768080096	20.0	5.0	3669.5442082491077	28.265426203202924	5.0	202.72368528915038	25.988508493043444	14.0	10.510231580601316
901.3532139114751	20.0	5.0	3479.623743881533	28.510460699518333	5.0	207.47729912901633	28.501429580725553	14.0	8.858245725650288
1042.2890083497653	20.0	5.0	3321.897195755647	28.906473330822354	5.0	199.47693783239157	30.634781320223	14.0	9.29110706060671
1263.8360706444787	20.0	5.0	3143.767454483843	29.340143314073476	5.0	179.3012360060369	32.79198861340267	14.0	8.092480846410433
1336.272454839974	20.0	5.0	3055.3325379669336	29.479290354184993	5.0	208.57342324792242	32.56022387888317	14.0	6.044327173008791
1334.640822572749	20.0	5.0	3131.1879289311687	29.328159258143426	5.0	255.6728948776452	31.700769882436536	14.0	5.567043774089202
1289.6626014404856	20.0	5.0	3219.3117167632686	29.130524335127184	5.0	358.5689211530373	30.64841858532077	14.0	3.1277785068389594
1161.812372485971	20.0	5.0	3392.7017447149105	28.99215925650511	5.0	471.751101159039	29.698619976336506	14.0	0.35976069822545836
1342.768606033597	20.0	5.0	3430.760049328334	29.063584756077507	5.0	475.77384200500956	30.25262943510811	14.0	0.42690384317257696
1393.2202025493455	20.0	5.0	3544.3674808862397	28.968189289674804	5.0	503.32071293353994	30.59732770559293	14.0	1.995311970728571
1378.5921279734064	20.0	5.0	3751.640972766224	28.714509659438722	5.0	550.6403685941142	30.19577899705967	14.0	0.3159568634885038
1803.3507696906634	20.0	5.0	4040.1731945807924	29.045528161990475	5.0	497.60573597395796	30.5262794088375	14.0	6.571056785089326
2190.205232914475	20.0	5.0	4451.093037704535	29.5077493289293	5.0	453.531128542929	30.52301594076652	14.0	14.67489373124469
2533.551322862652	20.0	5.0	5050.50040060919	29.866969493694985	5.0	345.0112750526375	30.50048124228458	14.0	24.902359992297757
2687.0231783453773	20.0	5.0	5565.706954127138	30.268454425408894	5.0	344.92986596148717	26.693591232921946	14.0	33.27094103725256
2629.1515871277006	20.0	5.0	5878.579323252263	30.391788235390813	5.0	470.81230010103246	18.754441219797965	14.0	34.01038457493362
2452.0542801866422	20.0	5.0	5899.624425811186	30.22281011750473	5.0	672.4313597087148	15.449130319041345	14.0	27.661660678597443
2543.3697027982075	20.0	5.0	5692.158492470927	30.037623874883963	5.0	812.5513716182169	15.0	14.0	27.886815327715077
2554.8799771209997	20.0	5.0	5248.439439245041	29.411057921788327	5.0	992.1545227063299	16.062363906866985	14.0	28.369977995802113
2555.5591753735685	20.0	5.0	5043.136953620117	28.504869319511087	5.0	1019.2647379885558	17.27752738613593	14.0	31.347639250819324
2286.5205202213606	20.0	5.0	5242.547989371858	27.321928407526983	5.0	962.7277231692559	19.21963842703364	14.0	35.103609163746775
2026.2943889252322	20.0	5.0	5765.3671127885345	26.274919809366327	5.0	817.8454086772738	20.827956329773134	14.0	36.921445631573185
1851.0562548251326	20.0	5.0	6152.162958649544	25.805694211697762	5.0	680.0459433568108	22.930836880138315	14.0	38.31656605831931
2058.7223199406562	20.0	5.0	6061.903995139312	25.810933945005637	5.0	576.5294620469319	24.196844787325645	14.0	33.78230957111379
2735.373513458316	20.0	5.0	5453.08708573282	26.5741724231531	5.0	427.1374192959479	26.638867063085765	14.0	31.26924707145949
3005.337010488546	20.0	5.0	5237.758642447568	27.171693253491256	5.0	316.01236505082056	28.95279558766229	14.0	26.296557249769453
3110.4851397888992	20.0	5.0	4983.64184419192	27.431606552254753	5.0	276.0232845880704	31.638958473539795	14.0	21.469680705366507
3211.389015283264	20.0	5.0	4866.259239270549	27.648767045856964	5.0	214.20369094239413	34.10191473336106	14.0	21.031674548398314
3058.2141016858086	20.0	5.0	4780.365006893306	27.566946274408416	5.0	214.62588423790436	33.308288572495364	14.0	20.568526822098296
2880.8125806337944	20.0	5.0	4765.496882588852	27.77042683543026	5.0	154.14407226052617	33.86271603166283	14.0	23.64371586241102
2659.588735578382	20.0	5.0	4984.182725360729	27.98372972005305	5.0	125.81300955801505	33.10906434114528	14.0	25.741585499790286
2249.9485050152675	20.0	5.0	5345.703557534474	27.842933533822812	5.0	209.24709426725397	24.831499956263208	14.0	23.8794239634266
2062.94988165463	20.0	5.0	5887.233664033677	27.72831472386897	5.0	195.4270412301517	19.600105875351453	14.0	22.09242664492283
1947.513042149444	20.0	5.0	5989.519822673472	27.47263739559535	5.0	253.54672696515308	18.557663189959403	14.0	18.320247195995723
1783.501561479383	20.0	5.0	6137.9834964387	27.126243036082517	5.0	279.37672804728294	17.628002374692734	14.0	15.329650913896344
1570.5902757175907	20.0	5.0	6363.723712186044	26.67979814094703	5.0	341.91180799634105	17.695121994047163	14.0	10.293213131811997
1470.9347147889562	20.0	5.0	6860.123272056851	26.197081123192817	5.0	352.5010375778417	17.762234760774202	14.0	10.72351597926724
1175.9307352034816	20.0	5.0	7671.548548301766	25.305974971986085	5.0	396.92112778288015	19.38222177801017	14.0	14.330485546640157
885.7697888362941	20.0	5.0	8878.248218011766	24.651235668976742	5.0	443.31494127474053	20.77001611623893	14.0	15.652858861375513
1200.6351352723689	20.0	5.0	9516.477141325764	24.594742492050905	5.0	482.3603484685046	22.07675006497514	14.0	16.509216767474378
1968.8086120865892	20.0	5.0	9660.75738364013	24.876414620657894	5.0	446.79529269232233	21.561334341205487	14.0	20.64552500387331
2327.382118927903	20.0	5.0	9901.07626097413	24.824661534111428	5.0	424.8948058336309	21.152996120108007	14.0	23.049189651193185
2299.529442856127	20.0	5.0	10358.785413145057	24.430466797209863	5.0	382.306838406074	21.244038965624426	14.0	24.133907260130066
2874.8028654709187	20.0	5.0	10206.639611310346	24.065610391760142	5.0	147.9304024608953	40.0	14.0	35.36105711183933
876.92634859129	20.0	5.0	11933.597065839427	23.10525788348357	5.0	164.7836605091183	40.0	14.0	31.88450148994366
656.7353726904865	20.0	5.0	12150.032598270993	22.84401444808551	5.0	171.15316401976054	40.0	14.0	30.375204465450818
0.0	20.0	5.0	12605.109083327885	22.665460936230943	5.0	183.14742325352736	40.0	14.0	27.929259794138932
0.0	20.0	5.0	12428.130639962154	22.729280215508982	5.0	193.04008967218158	40.0	14.0	19.819797651328606
0.0	20.0	5.0	12504.211807515816	22.783592008878987	5.0	191.20903993219	40.0	14.0	16.51700215661356
0.0	20.0	5.0	12850.068935733088	22.70100687803676	5.0	178.63188163309334	40.0	14.0	17.7147451662085
0.0	20.0	5.0	12918.944286950862	22.646342172070327	5.0	171.11841795459628	40.0	14.0	15.75082854064817
0.0	20.0	5.0	12858.777454142311	22.47028591267396	5.0	181.3203624025849	40.0	14.0	18.29518335639782
0.0	20.0	5.0	12582.833223541695	22.246139921543293	5.0	209.82614811779197	40.0	14.0	20.047916276007555
0.0	20.0	5.0	12116.435250776738	22.125089989097248	5.0	226.9285609162143	36.20680207328365	14.0	24.52964700977714
0.0	20.0	5.0	11679.92622114892	22.051671442430546	5.0	264.5107938066034	34.47769781639723	14.0	24.03487903430271
0.0	20.0	5.0	11699.520807026047	21.99541323051258	5.0	273.61548579232976	34.782326206562026	14.0	21.989821510779755
0.0	20.0	5.0	11890.415500720652	22.003254727877206	5.0	259.3375705746966	36.424666893997	14.0	21.53820367814414
0.0	20.0	5.0	12002.566071293797	21.948065121309497	5.0	280.1475453485596	36.08524244452107	14.0	17.704164638188498
0.0	20.0	5.0	11694.72585351495	21.916136614502157	5.0	293.0879078009919	35.395923201296846	14.0	16.60428025245031
0.0	20.0	5.0	10693.518826432999	21.949765276445994	5.0	374.7241932979427	31.831579842810914	14.0	17.481175027869778
0.0	20.0	5.0	9367.241082583969	22.12354245736782	5.0	453.7790420694261	28.723043041320626	14.0	19.269656993817154
357.5104448659985	20.0	5.0	7865.797774013233	22.424091437795127	5.0	462.5281112185682	27.39340033251611	14.0	18.591551534096023
2385.5327846395658	20.0	5.0	5309.123683353892	23.75131288141991	5.0	315.40092481798894	28.238017008726057	14.0	26.03135116208723
2378.3201307599597	20.0	5.0	5002.2448159068845	24.0072493998455	5.0	283.78611733133727	28.74265317120566	14.0	26.41978394221825
1583.672929110773	20.0	5.0	5631.969759729722	23.72256641214377	5.0	330.56133717856704	27.57208912708146	14.0	24.02001067320269
1342.9566017472052	20.0	5.0	5785.646166035753	23.896446715103266	5.0	378.6635756891879	25.37672449904286	14.0	24.290732543041656
1670.7304492829162	20.0	5.0	5842.159916625073	24.158665937376938	5.0	380.06163331574925	26.9574579713619	14.0	23.54667208883825
1619.4757939791948	20.0	5.0	6060.2238719287325	24.39407342426964	5.0	411.4883182767254	25.875436680073776	14.0	21.710121992757987
1697.638518339923	20.0	5.0	6187.74822899691	24.542337783575366	5.0	455.7467711232746	25.66735956974383	14.0	17.532811105101395
1454.9405217719714	20.0	5.0	6503.221372825579	24.53993870589167	5.0	548.1132726252301	24.646001913054334	14.0	13.183060250598412
1558.8976935714209	20.0	5.0	6739.787363092323	24.773284460124707	5.0	595.2902494415556	24.196534403046467	14.0	12.784160977909453
1318.7928060228408	20.0	5.0	7032.0178852559275	24.65182505256293	5.0	674.5238965295649	23.84230113139987	14.0	10.529278369537751
1315.2974058956843	20.0	5.0	7003.399773199988	24.587997162421125	5.0	697.0009620784397	23.64769104699078	14.0	9.494300913016048
1286.6967753975696	20.0	5.0	6745.803043068706	24.5119345079939	5.0	739.7912105609771	23.086783937081837	14.0	8.659920210113066
1586.6863507736562	20.0	5.0	6236.769753907278	24.590490649261866	5.0	708.2590532912964	22.687690418278034	14.0	8.600384366412932
2248.330580978122	20.0	5.0	5336.930835473403	24.895362599338192	5.0	645.4337005099325	22.615477068481567	14.0	8.43614170915761
2194.2987215097996	20.0	5.0	4943.189320585843	24.901612153170017	5.0	629.9952899469889	21.796673457370908	14.0	5.582323418230072
2378.8361517518656	20.0	5.0	4457.75771013893	25.222143233820344	5.0	626.0723565934767	21.657137770805058	14.0	5.119993723431334
2442.732823146711	20.0	5.0	4080.832544238378	25.363612367227734	5.0	599.1001893017482	22.151754059113536	14.0	4.752323388516523
2412.651419734104	20.0	5.0	3654.7585856995543	25.35813006758401	5.0	600.6311086286488	22.654876438124564	14.0	5.864265915130781
1973.7915687980378	20.0	5.0	3598.960404128914	25.111401849063796	5.0	584.2037285071609	22.34392229231946	14.0	8.237130153154812
1949.678874341835	20.0	5.0	3220.18546484655	25.12475330192302	5.0	549.3073007301747	22.644656680258414	14.0	9.797125789794636
1974.1840798243538	20.0	5.0	3099.3976173611277	24.864897627840445	5.0	546.006087123044	22.139282776083842	14.0	10.077170291633573
2085.849463843173	20.0	5.0	3133.251677837864	24.65512407978986	5.0	573.1987387483699	22.24869718009912	14.0	9.066241337248941
1796.1443056305222	20.0	5.0	3479.636001985788	24.067849291148633	5.0	616.4066313502557	21.723998548252833	14.0	6.8146348739172025
2086.1719671906963	20.0	5.0	3231.1591561321115	23.935589684156902	5.0	624.2266568776635	21.70316921657822	14.0	6.7525773225721055
2419.698561009103	20.0	5.0	2699.375541656068	23.891762905460272	5.0	665.3059590535738	22.043223260922446	14.0	5.1684124826112665
2589.9030526857096	20.0	5.0	2395.118827791054	23.95775181104056	5.0	716.4534550382808	21.757788739597142	14.0	4.003067874378672
3030.044476073068	20.0	5.0	1863.2299013214736	24.351358866030594	5.0	792.7546688675661	21.785073266508398	14.0	-0.8160736258963317
3088.1446836233627	20.0	5.0	1907.3573351996665	24.35113017725252	5.0	821.82574240403	21.583835996009853	14.0	-0.8660465888270887
3216.872159234529	20.0	5.0	1779.9935156595213	24.37264035911021	5.0	810.8779247949618	22.248434402896212	14.0	2.4384472537193713
2903.898285196485	20.0	5.0	1911.3008692303401	23.76945380745492	5.0	715.0917108964861	22.539589925262305	14.0	5.317623402452918
2639.8838038801014	20.0	5.0	2252.697213077468	23.38121019338506	5.0	620.4276588311295	22.892611907074883	14.0	8.805676740746208
2132.743554405192	20.0	5.0	2748.1672450965675	22.919434555731346	5.0	595.6045296383986	22.429977906213463	14.0	10.289280771148919
1597.8654674888937	20.0	5.0	3475.4828511136343	22.703876425290876	5.0	572.2467304939604	21.95149698027354	14.0	13.290497425340167
1137.5667818294335	20.0	5.0	3980.972060529604	22.45398265517866	5.0	581.292778632876	21.194472410175344	14.0	12.18515181444607
1802.3000130780538	20.0	5.0	3612.664618074265	22.91440105721743	5.0	592.1765485447976	21.333027101834272	14.0	13.288496648724898
2237.8683104126153	20.0	5.0	3042.931026189549	23.24664312451979	5.0	641.5089451023497	21.358954088702276	14.0	11.477923295328942
2644.046819550459	20.0	5.0	2763.38422571311	23.642476686718528	5.0	669.3383708685863	21.936720669870134	14.0	11.352731652854043
2850.444047457917	20.0	5.0	2609.130728097841	23.78972805754978	5.0	698.2026882132586	22.235081022305046	14.0	8.799736124962717
3267.5971782066076	20.0	5.0	2359.471624761617	24.09356900694526	5.0	706.1424249791153	22.23443212336164	14.0	7.937099889759685
3383.5262941816113	20.0	5.0	2475.7750452429837	23.969041973872304	5.0	742.0349319566183	21.620198314493575	14.0	8.305426559314972
4106.394019644824	20.0	5.0	2067.897063345688	24.691771105410034	5.0	793.6551567175542	20.883051860116478	14.0	4.950150890554239
4367.9996735222385	20.0	5.0	1982.7458734281076	24.84466101769699	5.0	899.5066718424096	19.997133948898497	14.0	-0.24111161008591678
4640.214460555883	20.0	5.0	1763.7628797452608	24.92758977125995	5.0	947.7557551620512	19.14628528218946	14.0	-6.188214508687473
4921.661715511558	20.0	5.0	1267.759182466415	25.19153355067735	5.0	994.6262868177363	19.274897845606432	14.0	-8.273666967589273
4859.916428917902	20.0	5.0	1150.7266277753633	24.657414755808354	5.0	1003.6365045524072	18.763043615311375	14.0	-10.100134941584406
4836.469929949694	20.0	5.0	826.5134104131204	24.387982790108694	5.0	958.147798757572	18.65082818473795	14.0	-8.695691527312537
4621.055521291118	20.0	5.0	872.9519832260399	24.126165762095212	5.0	956.5838911364343	18.42094251554526	14.0	-10.573238454192696
4530.091279927047	20.0	5.0	925.893071416914	23.734103718282263	5.0	999.6116142117397	17.98534263707779	14.0	-11.254071667286523
4691.866724622816	20.0	5.0	730.2035513275449	23.755602692026265	5.0	1080.3529154496503	17.926582077266044	14.0	-16.328491544833863
5093.176994068085	20.0	5.0	394.9507038277509	23.83598283329282	5.0	1158.597531593141	17.747098356859627	14.0	-18.783069473596704
5957.178423798521	20.0	5.0	0.0	22.366716336146858	5.0	1139.6563374328405	17.68938564085385	14.0	-12.768235749993938
6547.8592764670075	20.0	5.0	0.0	22.366716336146858	5.0	1030.6227736890055	16.3750124908293	14.0	-11.702498842017157
7509.232047273032	20.0	5.0	0.0	22.366716336146858	5.0	860.5267056971746	15.0	14.0	-8.248556763479918
905.6887143363148	12.330542579616264	5.0	8360.766656164344	19.55703866554232	5.0	242.56963443111678	40.0	14.0	11.07991103256947
372.09636149674344	8.205217780324086	5.0	8827.399424638457	19.33118421487636	5.0	259.57155333097194	40.0	14.0	5.73399559299981
219.08075230988618	5.491150937844918	5.0	8870.750073444013	19.240762642441023	5.0	232.02532142329602	40.0	14.0	2.672355253723501
171.37834340263242	2.5424629239377676	5.0	9051.623871177522	19.17061967643034	5.0	205.69311945652407	40.0	14.0	-0.9973893509715837
157.0521398739311	1.678849060664558	5.0	9492.549008172724	19.00875713140696	5.0	207.66242485393207	40.0	14.0	-1.7685279931270435
135.56068038187638	0.0	5.0	10334.51834396373	18.755638732139992	5.0	214.50797427405217	40.0	14.0	-5.894053943188331
161.1470539502693	0.0	5.0	11342.048068826143	18.69335252544418	5.0	201.63966055032563	40.0	14.0	-6.423898213037483
168.25239475304173	0.0	5.0	12127.367477966303	18.717544436244705	5.0	203.02910627420331	40.0	14.0	-9.1618591805422
206.55413718793235	0.0	5.0	12769.445612664353	18.74086901974958	5.0	198.15286542895	40.0	14.0	-12.09911631321712
227.63281619381857	0.0	5.0	13185.93377127704	18.86674827552726	5.0	189.27386661059464	40.0	14.0	-14.990005177632113
249.97007070685854	0.0	5.0	13121.56779690172	19.0154856996463	5.0	193.6400604655693	40.0	14.0	-14.886507776805333
277.82200013502074	0.0	5.0	12803.440078841044	19.17806495066342	5.0	209.4487094404681	40.0	14.0	-19.288748149081087
336.44169752202254	0.8275322600933875	5.0	12330.7922636048	19.408336338366237	5.0	213.7914920041899	40.0	14.0	-13.569699049440427
385.02069515872245	1.4829775093866198	5.0	11917.046930709424	19.54069136019829	5.0	205.3840232588298	40.0	14.0	-10.034406487377836
389.8795194858046	1.9802488594907657	5.0	11432.80181478741	19.560377220599094	5.0	224.83267285430586	40.0	14.0	-8.647991739361768
362.70841410245083	2.5030316451273618	5.0	10591.638895794562	19.573516317893073	5.0	232.9873618852263	40.0	14.0	-6.067231126566159
0.0	10.40014656092993	5.0	9677.209933690701	19.591755391890196	5.0	198.5656870619615	37.287119065713526	14.0	30.444963509339676
0.0	10.40014656092993	5.0	9079.908305159874	19.587835162791276	5.0	220.55025679853512	36.755195412542136	14.0	25.092440868493476
0.0	10.40014656092993	5.0	8828.934106411121	19.538182112662003	5.0	217.1671258037661	37.44270475898338	14.0	20.89738826895832
0.0	10.40014656092993	5.0	8721.372683071155	19.48913141630688	5.0	216.7515412362431	38.46310927737674	14.0	20.153988562687456
0.0	10.40014656092993	5.0	8712.762643686998	19.47751954161723	5.0	212.0174721554705	40.0	14.0	21.18657653104281
0.0	10.40014656092993	5.0	8640.501031458833	19.560917152919732	5.0	224.99483217141716	40.0	14.0	21.865104412437404
0.0	10.40014656092993	5.0	8532.18855049922	19.547773684420804	5.0	288.11218972983113	33.88953242540591	14.0	24.713101040827116
0.0	10.40014656092993	5.0	8435.91485590398	19.659934901655223	5.0	457.3098369431413	26.497738086646386	14.0	27.190569181651398
0.0	10.40014656092993	5.0	8232.767000510941	19.8012993144522	5.0	521.8813318073751	25.6386708732061	14.0	26.964730957405322
0.0	10.40014656092993	5.0	7955.686192494679	19.790791047886675	5.0	681.2917455307443	24.918324983549525	14.0	17.131870147653444
0.0	10.40014656092993	5.0	7584.3378783108255	19.82033125693392	5.0	716.7879615862188	25.2020248787337	14.0	15.569443142859038
0.0	10.40014656092993	5.0	7378.234522266423	19.774474387530347	5.0	746.7055632040298	26.317812409667688	14.0	12.20381711566172
0.0	10.40014656092993	5.0	7235.884348153469	19.771910924582134	5.0	870.2636206684646	26.098300512004318	14.0	0.9001776563083373
0.0	10.40014656092993	5.0	7127.733811787665	19.948260821062465	5.0	940.6682182305397	25.308571093473546	14.0	-1.4018271136460907
0.0	10.40014656092993	5.0	7072.726478118018	20.12249941109696	5.0	955.4546135851102	24.324379054504632	14.0	-0.9039084765280526
0.0	10.40014656092993	5.0	6845.073260470443	20.186448074332937	5.0	935.2293840084072	23.078108516044832	14.0	1.3101401554803938
172.42962835181945	4.2306346154694445	5.0	6899.940280050297	20.196055190934253	5.0	762.3188208172286	23.824847128725523	14.0	2.519162947494816
122.54639609287756	5.0788511936002765	5.0	6592.465008428928	20.230073322068325	5.0	827.1897474934754	22.384767337287876	14.0	1.7643215239407237
78.87481402607244	5.985447400292415	5.0	6346.641606274058	20.164337644543117	5.0	834.4257504161643	21.041259881620793	14.0	0.6703216110311933
165.28458487112377	8.325351153451086	5.0	5946.906802810748	20.271601233478496	5.0	790.7603393013177	20.588259108552986	14.0	1.2925092748426579
253.50977571867162	6.444988510373918	5.0	5790.208290994737	20.34267725285762	5.0	586.8986290077204	21.28968371644645	14.0	9.116971678026918
285.7621815139877	7.828952399614841	5.0	5555.9110369386835	20.438086543355386	5.0	489.81197732434305	21.289838555208497	14.0	10.77384121299881
396.1656888964987	7.912847763488423	5.0	5227.593064897433	20.44894648044955	5.0	344.6064444780648	24.668954630586267	14.0	9.527599373637614
363.8135538673869	9.770336801658946	5.0	4632.297848849086	20.311641425143907	5.0	391.1843690876242	22.514174593765283	14.0	7.694540841976294
422.67894229347127	10.481635238531469	5.0	4135.684744399142	20.48511390203744	5.0	349.5004894799665	22.120815023362812	14.0	7.232072887976826
687.774472295152	12.158553920371507	5.0	3690.4315020885033	20.724369432859422	5.0	268.2721746427669	22.950257907517198	14.0	9.774158696692426
654.7390005252709	11.207327039271325	5.0	3558.322271569994	20.675449090528566	5.0	245.73912641675497	24.673923990233373	14.0	7.776763968513695
672.6086955697203	11.843616015828164	5.0	3254.33621214217	20.816105269632565	5.0	290.71714979970454	22.781229138357006	14.0	6.274933266925706
728.3660792929401	11.843468850564893	5.0	2991.4442781569746	20.96751346406412	5.0	268.13225163768044	23.712200298396567	14.0	8.609366742989382
835.9479481837986	12.353997404944371	5.0	2729.7211405587896	21.332407944379945	5.0	271.1343270397669	23.513341955559714	14.0	7.159439097163305
842.4036117296562	13.18846954288608	5.0	2486.478596026678	21.75985742289096	5.0	284.26584624009377	22.28147907383203	14.0	9.387083719347908
1050.390166018008	14.07695785986885	5.0	2266.347189708988	22.606287907679878	5.0	297.59932387102236	20.99072933541172	14.0	5.665763177930246
1258.0206276573172	15.376845430202588	5.0	2073.8556066881492	23.108199374601085	5.0	346.6629296867149	20.12637377755375	14.0	5.317246973910735
1342.7711709230182	14.883331414322996	5.0	2204.4490715552474	23.555864231014315	5.0	322.97778174016617	20.562699196966346	14.0	7.687572031247389
1741.8139673514363	15.13243164291707	5.0	2278.1253207955515	24.602559231720836	5.0	291.7707690918907	19.746127910324	14.0	9.27121079665451
1948.7514312295125	15.33095030747394	5.0	2421.713509097637	25.07917750130997	5.0	253.78512508960972	21.540247767316327	14.0	13.812965528185117
2288.440266479815	15.386424579092033	5.0	2472.4486010928845	25.750956904725275	5.0	241.3893990445701	19.3897343390896	14.0	13.114035161549403
2475.246331767536	15.435054266591111	5.0	2389.4815411938007	26.29370952174294	5.0	300.7645293281992	20.105537842084505	14.0	12.160983626474472
2627.1349738689273	15.416357328899648	5.0	2346.210142522747	26.58600326597487	5.0	319.8490744558089	20.59299895524731	14.0	13.011678983561081
2937.463255469472	15.475234879825742	5.0	2440.576848808369	26.997836123490313	5.0	244.62270635147934	21.163737834663266	14.0	16.27830157562477
2828.9348043427376	15.591123354123988	5.0	2465.219800027343	26.682695867791626	5.0	445.72550797218	21.379818939745928	14.0	11.555470778676002
2716.3413322734787	15.463342437381186	5.0	2729.388863704719	26.25918947315458	5.0	475.34920523958857	21.150314687355582	14.0	10.304985262213448
2641.583223531703	15.221980534195133	5.0	2853.5702818289196	25.953710507416226	5.0	548.3472333861059	21.455524099164137	14.0	7.540614257902321
2560.3182828469826	14.832679173288774	5.0	2931.112281078364	25.66200556559551	5.0	543.9299999500827	21.07135537596416	14.0	9.498591061367945
2527.069766908481	14.527963590038443	5.0	2969.6427148166185	25.551198110807245	5.0	555.8613183960553	20.859883463093578	14.0	11.19047538829168
2585.755247298545	14.350244632596711	5.0	2900.0436927168844	25.683969470598765	5.0	557.0591953587857	21.417708937159357	14.0	7.445991499247349
2896.421556631976	14.268108540292443	5.0	2820.7337758619974	25.82944478468235	5.0	486.73856140293907	21.968924698741187	14.0	11.481540126683996
2934.3758766343626	14.054813892171184	5.0	2809.6735287243077	25.44325817011711	5.0	426.9579362807605	22.11381713603311	14.0	12.091060927652943
2903.1769645408413	13.803727239371376	5.0	2600.7385989317327	24.84003447519421	5.0	516.882792234327	22.97695254702177	14.0	6.453424363506062
2853.683640601903	13.520864352181471	5.0	2533.444827782706	24.07901424397424	5.0	460.00838913231786	24.111155722429604	14.0	10.67527787014391
2663.5845482496466	13.35344676679703	5.0	2319.8264160902268	23.67984252245608	5.0	431.5845849440668	24.889343398000918	14.0	8.47111803242574
2420.1517572215084	13.116983261802673	5.0	2222.5365191374294	23.33312263823076	5.0	440.21839200330083	24.31405451988977	14.0	8.047548497813233
2278.7301844574185	13.378948889882023	5.0	1870.8965077108053	23.253173839418736	5.0	507.5732508565781	23.36723888696607	14.0	6.6043288186979305
2143.705607135277	13.21302311985344	5.0	1800.738319938727	23.13676036451197	5.0	536.9566745351938	23.432688223310787	14.0	7.557279819491139
2078.8274262732107	13.140018592827511	5.0	1862.7547853279357	22.827232459282406	5.0	575.7505928287745	23.435335576133642	14.0	6.69817855624236
1765.1542701271048	12.795643081661362	5.0	2025.2322517246066	22.184612336183132	5.0	624.564318393955	22.850395339051293	14.0	3.4471828630050614
1459.9633458976007	12.513589698561226	5.0	2172.7934462364815	21.697685606056606	5.0	613.972737402553	22.109182062049072	14.0	5.3878105402620635
1394.1918341882547	12.615499957925108	5.0	2133.5336703964044	21.652220706966073	5.0	601.9637126969332	21.560627873537346	14.0	7.420756617044896
1217.2069500098453	11.997425820694872	5.0	2295.1788051442973	21.40131872895461	5.0	612.0127466117788	21.191835362357406	14.0	6.165449444885512
1151.3260417275574	12.208313054464748	5.0	2245.6829657599937	21.533825506314862	5.0	601.5241659556335	20.669796797106184	14.0	5.0423201598930705
1095.3013198956805	11.622531479468455	5.0	2156.1929826724763	21.17730930746669	5.0	574.6865973470866	21.139460354832416	14.0	9.105421609732302
1068.7585248939547	11.36159071054714	5.0	2029.2213499671748	21.44154718825624	5.0	563.5480348360715	20.469379932708552	14.0	9.704823446605774
1014.8457765200552	11.01870044324431	5.0	1798.2072693578648	21.38173916983265	5.0	546.8858879251026	20.327978388390896	14.0	5.436730325299242
966.9544592935039	10.482668562990186	5.0	1551.7826905698173	21.477114510464233	5.0	536.6834060567995	20.587239049423975	14.0	5.77814376103101
941.2417659212348	10.870569013626215	5.0	1512.623342125691	21.917107248757993	5.0	565.0870168453566	20.599777322544895	14.0	3.4632619862879053
1047.7976880500103	10.75498463640142	5.0	1426.9786542494192	22.31888513022862	5.0	542.8714571876735	20.69162132801646	14.0	4.113774943857032
1081.7373300154684	11.07029731198455	5.0	1286.7096428375849	22.490378461387387	5.0	566.9132176118425	21.276104893283556	14.0	3.2603611889714843
1269.5945157126587	10.867944338298656	5.0	1407.5767600247257	22.777355934178363	5.0	499.5666430322638	22.061122859672643	14.0	3.5739305453486963
1322.748266769993	11.277915538284004	5.0	1321.9710482878088	23.34565294468666	5.0	557.867202133944	21.013097735698654	14.0	3.593642508731685
1308.8930735460804	11.200355600074861	5.0	1352.1025949818109	23.345880573005967	5.0	595.6605994294076	21.456047720827428	14.0	1.9642920526761758
1398.7725733793488	11.430426194901091	5.0	1346.8122406848552	23.468749942081015	5.0	571.3196984999288	20.812594247407922	14.0	4.6427466390195935
1498.2464140110758	11.556522255632105	5.0	1492.01689288733	23.57396777864957	5.0	510.75221882258614	21.359492296008817	14.0	6.42761634750829
1501.578242331987	11.248329469169688	5.0	1470.8821203796658	23.372502265428583	5.0	474.96459219717843	22.333873504017156	14.0	9.084079289793042
1410.7706411643262	11.73804584724365	5.0	1368.5352938845642	23.215674753985816	5.0	484.52412058172337	20.71577159659611	14.0	6.109350650697406
1359.759841260753	11.535858873850216	5.0	1371.903195426304	23.193944022850335	5.0	443.2611790999114	22.075627674866446	14.0	7.562217189062287
1366.2633374352017	11.09035560032417	5.0	1411.3588281055395	22.838061592820324	5.0	403.9770528384344	23.000910115583505	14.0	7.309146435688747
1228.7301367113066	11.383960492154813	5.0	1325.8113057262879	22.64304053227728	5.0	462.43811928170396	21.275064531628505	14.0	6.784373084234433
1299.9728365216	10.861659104503735	5.0	1453.3437398513986	22.239870802474975	5.0	380.54006375682746	23.472149793072724	14.0	8.962685781479477
1241.5267044400646	10.55280964466362	5.0	1479.428243912464	21.884535777418705	5.0	352.37010732759546	23.413982449430325	14.0	7.2954561808938
1139.8164010433989	10.233889841296145	5.0	1395.719840532839	21.45099149205561	5.0	401.253332270261	23.21036666002628	14.0	7.830412091292974
1217.5716691285863	10.883260778262205	5.0	1367.8525296385465	21.474071092156542	5.0	359.4407093360051	22.983237645952293	14.0	7.124175900075404
1115.7279450482044	10.65084094359927	5.0	1275.1485390325074	21.513466678650964	5.0	418.4319672123899	21.82834999173738	14.0	4.756392562091473
1168.2197125800146	10.9981956160214	5.0	1118.183158158053	21.377498729881026	5.0	406.45334396748507	22.51889051026469	14.0	5.135856910494733
1213.879575827846	10.853094481851077	5.0	1225.9333394650175	21.500526295981096	5.0	335.1745678974527	22.846966447618342	14.0	9.100942123716708
1176.0538121291975	10.961571399483383	5.0	1141.5779431825124	21.082948431114893	5.0	456.772521558473	21.678724152767646	14.0	-0.033750071516922955
1041.7427531115256	10.808794165144375	5.0	1188.8402235998597	20.427746997415113	5.0	485.7236914287523	20.37036195010364	14.0	5.146446886990839
1100.722167427527	10.798394694593702	5.0	1202.1670408396985	20.106845323355177	5.0	478.55060515126485	21.222701868389983	14.0	4.154070401050523
1222.8599265504051	10.801609280512	5.0	1197.1868232136208	20.440149269874805	5.0	467.79020093720715	22.1027142541843	14.0	2.876000443508381
1290.8313579153566	11.05223374606847	5.0	1094.5989677688463	20.119311430330725	5.0	548.3525644717184	22.064608724257642	14.0	1.7369085069041965
1239.6484978106741	10.884849644461049	5.0	1114.073632621725	19.63564161790029	5.0	607.9703236647724	21.807895470572408	14.0	-2.8508403614836793
1418.7854021990386	10.903192938910733	5.0	1026.437787906822	19.98608108890976	5.0	554.188016442637	22.090251032093953	14.0	2.548228161985158
1290.844779058804	11.461433039632094	5.0	1057.450954305174	19.90113294319455	5.0	642.9023588151264	21.118196352938376	14.0	1.9436221066616346
1247.638511476027	10.505756931631357	5.0	1192.2504406522296	19.37877487877841	5.0	637.0397829986766	21.7584832961402	14.0	1.4026009527498517
1167.1927554798929	10.90566031187258	5.0	1090.7625448894096	19.004674135291975	5.0	695.8878296465311	21.12136942060852	14.0	-2.2286181680337527
1156.5056365524626	11.919128261674851	5.0	871.3683659433752	18.83869409770972	5.0	722.5785277168699	21.04980525383817	14.0	-2.4089944482502683
1149.372585911574	11.014677765727605	5.0	952.0723986624923	19.022387300655936	5.0	674.1250183404949	21.3834284222507	14.0	-0.9446719068149311
1087.9365490973705	10.726631081955269	5.0	979.0915028372538	18.90815908346335	5.0	662.3270492549248	21.243210636846058	14.0	-3.6498045243099293
1016.1571083344904	10.611543563134017	5.0	1019.0240849907299	18.68785113012283	5.0	657.5686659646591	21.405414762743867	14.0	-1.8463383126504849
