amplitude_0	mean_0	stddev_0	amplitude_1	mean_1	stddev_1	amplitude_2	mean_2	stddev_2	amplitude_3
689.1483358204732	20.0	5.0	228.87255454876808	35.0	5.0	917.911167593124	20.510529811647285	14.0	5.796856973261035
675.5494535742843	20.0	5.0	267.233359167949	31.957364376352675	5.0	964.2120346585585	21.01872977276916	14.0	2.7451453242239996
798.4913571004884	20.0	5.0	238.6815991149466	30.728383746295975	5.0	792.4512816345792	18.98066052575511	14.0	-1.4216199504090492
745.1703471597461	20.0	5.0	456.49535831597933	28.43809019267703	5.0	695.110760212268	19.058872233041754	14.0	0.8792476720149285
390.44851840634504	20.0	5.0	753.5434095770073	26.76327753404562	5.0	820.4284140558133	19.0034921271032	14.0	-6.814522388145154
190.75767290016952	20.0	5.0	481.13709827657397	26.839049949116315	5.0	973.4210066715171	19.154674314608922	14.0	-12.418536113519904
0.0	20.0	5.0	310.9776427517971	28.356387070072017	5.0	1018.3396869456398	19.236656737772627	14.0	-18.269641506302374
0.0	20.0	5.0	278.83663731279137	30.579952557135403	5.0	884.6252988142284	18.397488964835603	14.0	-14.22691179529485
0.0	20.0	5.0	100.65142603042844	35.0	5.0	812.3030576546756	18.16565511723899	14.0	-13.329839326845855
0.0	20.0	5.0	159.89458874350012	35.0	5.0	773.3674175875935	18.116412468444448	14.0	-10.739798408858233
0.0	20.0	5.0	85.47043356398575	35.0	5.0	811.5245859815486	20.13263795477819	14.0	-8.15382820383948
18.155876259359072	20.0	5.0	308.7769832286772	35.0	5.0	817.7592415845833	21.27665007543698	14.0	-11.785058386804058
64.82577182521398	20.0	5.0	929.0280162409606	31.352640617216775	5.0	611.4587892879185	20.390591567759817	14.0	-8.596799692921445
178.11349683484676	20.0	5.0	1334.6170736931635	29.143536119039783	5.0	496.81839535544196	20.037531897251853	14.0	-3.0554152343490006
641.4547404315082	20.0	5.0	972.4838578401844	28.825931762739163	5.0	409.999779289959	20.119578844040085	14.0	-1.0568096713559243
816.3314753877214	20.0	5.0	818.4995976589272	26.443523128403733	5.0	411.0110007687793	18.841383244711135	14.0	-2.074673445690377
146.7303706761675	9.292993728797558	5.0	928.3946511791528	20.62218397862234	5.0	200.6954038724032	20.832797464115675	14.0	1.185262333069989
263.51528694672743	9.533703144016108	5.0	840.0984620492084	17.97664581029979	5.0	190.96265449641896	20.558027839352565	14.0	1.4744286966733866
380.79385271013683	7.802289839702222	5.0	1099.5952032965604	16.026855266631223	5.0	212.21004223015282	20.513340143473048	14.0	2.1227295866485254
1352.5650406144778	10.356295971607354	5.0	588.2222009070252	16.681082597166398	5.0	252.01669364347384	21.049742791773344	14.0	2.860287127772451
1199.4019208165985	8.194620393840701	5.0	1125.9430770876452	15.0	5.0	324.07126961648436	22.483023115516094	14.0	3.32670412573685
1056.4287116668402	4.810290428505	5.0	1555.5832245862057	15.0	5.0	359.32776901324615	22.976379001758655	14.0	8.294852011825636
803.5718639962992	3.1976286412320594	5.0	1924.848764205189	15.0	5.0	395.3836888332225	24.044530590088062	14.0	9.916967005749983
374.3335101250075	2.977041442844009	5.0	2007.3817565364266	15.0	5.0	442.6992798412781	22.241667338738285	14.0	11.522118360097824
823.9514287116044	7.985146738635535	5.0	1656.5219013259152	18.80334935735431	5.0	613.0895269837321	19.168540658351688	14.0	8.646337312643144
1525.9757996263195	6.83243385995519	5.0	2967.5117059529775	19.466242477275316	5.0	357.90899864594513	28.43211112924067	14.0	6.696042245365102
1777.2644077363814	8.515159316109788	5.0	2611.087337117356	19.86663175757331	5.0	414.3897354664135	27.464377111007124	14.0	6.001410210505797
2118.563551297784	9.97295168769978	5.0	2656.762073855303	18.979609576513507	5.0	424.0655482468961	26.155357439531013	14.0	7.679840509146495
2059.1066555601333	10.270740154420482	5.0	3295.862228087633	18.21242148980076	5.0	548.2279149002886	23.418708063631335	14.0	7.105590246408274
1280.5759596075	7.914272642273801	5.0	4236.293621717555	16.74529905054408	5.0	601.6926891751286	24.904174275027856	14.0	7.259379337441581
1849.6124307774635	8.709525766081345	5.0	3566.895244812967	17.588967769556294	5.0	871.3611045403871	21.167770401354133	14.0	9.896917911161838
2426.636253908807	7.930419206263619	5.0	3581.1695063985053	20.11152137886713	5.0	1144.783997128108	22.439995784820145	14.0	10.393957997879253
2647.539696070898	6.001270995049909	5.0	2569.445225828966	19.863917255630145	5.0	1016.833289411442	24.82825688226066	14.0	17.443627419318705
2980.688205925747	7.664697253895914	5.0	2715.93265860892	20.687216176303057	5.0	837.5972994585128	21.381204504133688	14.0	31.603942488357085
2487.3550135394544	11.33418066795112	5.0	4066.3844959120997	20.227853484716793	5.0	1044.4815167328454	21.57232516340343	14.0	10.683310259878358
2693.180859814592	11.070322392457477	5.0	5045.105338912319	18.17278670163553	5.0	755.7918359971948	24.07284825954716	14.0	15.688602366963268
2264.934863677902	8.726114152915942	5.0	6913.794834265805	16.639342354821924	5.0	618.7776137270293	27.587384865695363	14.0	15.515535330419038
2089.3368504795635	8.881274031078316	5.0	5337.4285010095355	16.636488573582895	5.0	671.6853632232173	29.710583505930398	14.0	10.449051439759312
2200.5922286399987	8.993837076538448	5.0	5356.2076474494015	16.752860414184962	5.0	705.3749961945929	31.171264987879738	14.0	8.98544118927075
2389.6729342488866	8.378638447960329	5.0	5389.927413144204	18.07833074548945	5.0	540.7670826578228	33.144583771781285	14.0	10.869834965679836
2253.0529277537203	8.400981864819578	5.0	4745.156715489379	18.79129183475062	5.0	580.4258805920805	33.07166611514565	14.0	19.935779558434948
1400.5814237355823	7.835969758077995	5.0	4882.254801198019	17.353712580034607	5.0	631.106881603404	28.66805747630703	14.0	52.891908582161705
2956.0509355969402	17.279512280345667	5.0	1806.652059862597	21.472953780967963	5.0	948.0970108417214	18.748531663159746	14.0	144.02332690915182
1880.2482983685566	17.30619868713752	5.0	3122.986823659568	24.168332833361667	5.0	501.74461944315664	21.19803512044582	14.0	231.4710584522762
2113.8660604865127	16.49022736929277	5.0	2901.437062026664	22.06951643287144	5.0	0.0	15.0	14.0	611.2590051826702
0.0	12.33938624011327	5.0	4294.011167700693	17.93238755365825	5.0	1385.6188958163368	15.0	14.0	460.1732097241726
0.0	12.33938624011327	5.0	3609.503253200343	18.86455281969605	5.0	2192.6708446868824	15.0	14.0	158.31561019857375
0.0	12.33938624011327	5.0	4706.688375608718	18.812734467427617	5.0	960.9480821064591	21.162126275283068	14.0	100.30803473055381
4588.051545461366	18.854240025348243	5.0	148.71247333446075	26.165348307670275	5.0	996.6668905338147	22.4406060992738	14.0	54.10229375134626
4664.295114976482	18.02455934673788	5.0	298.8884780571777	24.015001071636984	5.0	822.6768314139074	22.650032922046385	14.0	28.286111920841506
4831.249671186978	16.932317820976344	5.0	1075.7532366720038	23.53668817748224	5.0	813.4064452147413	22.881884675502164	14.0	20.366099569266744
3928.6369520093103	17.00727627171874	5.0	1076.608474565666	21.90102237498019	5.0	926.8458148495641	21.146964743181837	14.0	15.94833476337168
3416.8824113412247	16.491352020830302	5.0	622.1549976335647	21.43794797277437	5.0	862.92374495722	20.685194332873753	14.0	18.51163339965949
833.5766185023506	13.599843821095888	5.0	2292.923114148583	17.97774708927794	5.0	886.8163930067063	19.680431486586208	14.0	19.117982912361605
1204.6518435097082	11.452323224783541	5.0	2182.7815875865354	18.469626653307106	5.0	852.2636050328368	21.812381239867417	14.0	19.020759414588767
1035.8955793330538	9.145154176395012	5.0	2740.983100464279	18.6118560890962	5.0	762.72292119931	22.79169290948943	14.0	19.38115767959564
561.5016769013532	7.669645375266067	5.0	2793.891149696631	18.03346752176348	5.0	708.4086201284294	24.04125604285364	14.0	17.620800546306004
585.5261006373983	8.951474977473037	5.0	2595.92150245624	17.945822351849706	5.0	616.4832175038995	24.780774205621594	14.0	13.299794887355908
864.941221184894	9.41491952895664	5.0	3080.359312888093	17.672851916900616	5.0	581.5938141296659	25.73966707730636	14.0	17.4889505483696
1323.9874075621622	10.398341405793413	5.0	2670.01901795593	19.128534384238403	5.0	591.3436042167529	25.567992377897717	14.0	27.192392825606827
1111.3992024770732	10.20691234567223	5.0	2083.1452855514053	19.367291590321777	5.0	842.0413481245121	20.414177509457733	14.0	24.76390419425487
996.5864369093212	8.63734305904463	5.0	1905.5797140153054	19.651601889897588	5.0	1011.4710938848484	19.295938840545062	14.0	5.389400242960366
1139.2612852503246	12.782053561817913	5.0	1218.578272954689	22.548509827673605	5.0	909.77852650756	19.56173563787167	14.0	-1.2339574609986628
987.6434069259561	11.216146371463903	5.0	1212.0637942955498	21.183305771102372	5.0	769.4921388872606	21.402102366763124	14.0	1.9391213621975878
