amplitude_0	mean_0	stddev_0	amplitude_1	mean_1	stddev_1	amplitude_2	mean_2	stddev_2	amplitude_3
254.68293504827855	14.800821470573498	5.0	0.016076964895230327	15.0	5.0	568.1800407206958	19.74746907137273	14.0	-13.471734785437121
404.71314504207555	15.423129852788511	5.0	62.85637466474074	25.37088350125996	5.0	476.4582002745183	19.68025105662109	14.0	-7.8398875600324605
232.7487997579413	11.870856010293577	5.0	226.95097779280445	21.112990084672592	5.0	483.4379758999409	19.43664648008359	14.0	-4.314277124142486
62.17654998029314	3.9737449503452558	5.0	368.4406092199683	16.347170931368012	5.0	514.0713536291967	20.192766519334434	14.0	-7.816368626777875
125.82028507673162	4.860528726014824	5.0	445.6273572935288	17.64032489870444	5.0	447.2565155585806	21.328811521743823	14.0	-6.528462163340649
231.5405442928427	13.761227454458172	5.0	215.92674535906468	21.86285287908187	5.0	467.4786555099591	18.9450436191963	14.0	1.3285061489407262
373.7585569263447	15.674637619052993	5.0	52.84933035036742	25.170107703802753	5.0	511.716740612103	19.254516946786705	14.0	-8.787161152419456
314.48211919690385	12.558785458572753	5.0	219.68404680266897	20.229109825848862	5.0	420.370200059823	21.58361195587318	14.0	-8.533374703919218
374.6679203778538	15.757666402432607	5.0	74.20131878652855	26.733694419854086	5.0	440.07821666182946	18.74209448557839	14.0	-4.866934369700722
327.59516452513645	15.130651499455624	5.0	163.38020756599167	24.172191208135338	5.0	449.3039283102123	18.81309401691461	14.0	-4.658285038581483
261.1732114434473	13.570389380226198	5.0	277.7403798574974	22.650568749853637	5.0	390.8562321215988	20.20741888614085	14.0	-2.1205637924904632
113.25602754179404	10.03220778677194	5.0	379.4180812583786	18.979408603411812	5.0	445.5033989127658	19.955907180969394	14.0	-3.40594902962032
113.96635575318552	14.05127832119769	5.0	300.32448832507237	19.150899000753785	5.0	451.395028818158	19.252223777653967	14.0	-3.4128873417606123
282.0011985040028	13.203266933430056	5.0	245.50520549464665	22.61967533746284	5.0	406.6239631964815	19.428095350681183	14.0	-2.0968077386009196
91.56293685504727	8.093954030746684	5.0	371.77807648971987	18.545110503771298	5.0	455.56358412309993	19.965826315063417	14.0	-6.367377623255584
80.11942927081427	6.8853830405710745	5.0	336.6433666634142	17.908276529600958	5.0	454.6925655034773	19.64319247494806	14.0	-6.011144477473992
263.65178992563057	14.497406070084486	5.0	263.68257166449314	22.430641662063326	5.0	405.5940535531408	19.293773699748964	14.0	-8.501214170355299
197.78687874963722	9.337990008945125	5.0	450.71368307348627	19.98903246906972	5.0	350.5763258643129	21.115663822009907	14.0	-0.8677223330148939
324.9584532981854	13.068699034829523	5.0	225.9648101601531	20.378975958495356	5.0	409.64566147962375	20.95496677841704	14.0	-1.2106935937783823
346.60794165948863	15.0850878153353	5.0	182.81287979480194	22.326002591326	5.0	428.3165664204023	19.24373192406718	14.0	-2.4167041396979223
387.9003159840238	15.152482135775527	5.0	139.87970395664473	23.494316905718637	5.0	415.87253718100726	19.66183501181787	14.0	-4.492931485632767
436.88437618084305	16.264178110818204	5.0	34.80689109344956	27.59734311816656	5.0	485.83147903720067	18.84664939988556	14.0	-6.345077191185132
506.54011815469596	15.159704001937373	5.0	137.40593196352066	23.92871959716811	5.0	392.129148594878	19.855865451787803	14.0	0.2481759559923451
467.50990910896905	15.549201001658151	5.0	86.94923142462338	25.369089578405642	5.0	437.40630484231053	20.10999762509001	14.0	-4.872518047031937
176.48963805792886	10.958841172937166	5.0	370.0693450082545	18.438376536141384	5.0	454.13783076306214	20.82037910258548	14.0	-5.249146082005733
115.27869628349136	6.034179191058213	5.0	546.868454739086	16.82379541820037	5.0	413.5977312136116	21.146763026336927	14.0	1.412693541074252
383.22295200873737	12.098949455587709	5.0	306.2015280213519	20.446897704518626	5.0	406.580583884872	21.039471714002666	14.0	-1.2170183742666751
469.8516256555982	15.156998383183524	5.0	137.3143161372327	23.665569954172973	5.0	470.98101516437237	20.382126531362367	14.0	-7.079387332149533
224.7043981502928	11.898132410837732	5.0	372.544579898893	19.509421252897234	5.0	437.1862803126077	20.523198132906792	14.0	-0.033076233680575155
66.63924632750225	6.291576006509807	5.0	540.0362053104525	17.325375661598127	5.0	486.90534732678526	21.221986388483568	14.0	-2.2048130262602403
353.538281856837	13.789990972993875	5.0	314.8580618890039	20.20485122498813	5.0	463.5635587931492	21.0350851822552	14.0	-4.311277812312927
504.1927999776681	15.81570916688051	5.0	147.15692568504846	22.75873818231326	5.0	480.89473435004123	19.61073547120681	14.0	-3.6163207869912086
505.3941612840981	15.680098861091995	5.0	167.99880297298785	23.19086079300324	5.0	473.17743626845174	20.921470524100297	14.0	-2.6991675469444503
200.40549784790863	13.983128210230753	5.0	446.29296931104534	19.31477651972556	5.0	519.0602537222471	20.711666900756224	14.0	-1.154643027430485
226.28575611334742	11.968546728426576	5.0	488.65524076687194	19.26176739058361	5.0	539.7771865498588	21.806336611156485	14.0	-3.70447258480898
527.3914131972238	16.40143223941748	5.0	136.26697004029438	23.49685690027428	5.0	574.7378393493354	21.66615954525205	14.0	-6.684380602901845
253.22188340902778	11.899862630441811	5.0	423.89002568252107	20.382307445346562	5.0	591.6418419883479	22.430825473342804	14.0	-6.048842310629937
254.47806843997952	11.454071763713229	5.0	498.62387521257915	20.076487247459855	5.0	610.1796186898008	22.904956913617745	14.0	-4.0544021746037675
199.30634601118766	10.146679705018869	5.0	531.717601919869	19.307558592539188	5.0	604.5011390307777	23.18047817138222	14.0	-1.08346677241338
203.9278556977364	11.463189779425138	5.0	589.8015703374305	20.134607472291343	5.0	577.8115934167506	23.22408041296937	14.0	-3.9697779448251516
175.11099158586794	7.059775562905321	5.0	582.8690256291829	20.002555170940884	5.0	583.4202956112314	23.13132398522222	14.0	-3.064841690855243
165.48241234693802	7.122356542239035	5.0	629.4834911920833	20.150036672051122	5.0	584.6429039636579	23.901806464521023	14.0	-2.1740842400429865
263.22236313366136	12.12993817328613	5.0	496.93752909426144	20.715829839060394	5.0	630.9873534471357	23.432703022579332	14.0	-3.965950314021701
167.8492787098068	10.760092584411018	5.0	637.8909332438097	20.375124154820238	5.0	603.2486017525656	23.423947163293136	14.0	-1.291911570894962
312.32257140511905	11.308901044702095	5.0	555.8831475831851	21.398427104542737	5.0	587.4705668070794	24.53543992180094	14.0	-4.195073795454343
352.5174235609928	16.018215237650065	5.0	272.1457231688343	22.61294964264779	5.0	736.9935318174267	23.35861197487538	14.0	-5.436683064820265
305.092594068611	11.31656269685657	5.0	550.1972625509865	21.22685458064953	5.0	621.4138149627921	24.99735141308868	14.0	-1.2613477010980059
179.30404010160876	10.032384110120857	5.0	612.92639621454	20.218679950392154	5.0	650.5485374933326	23.842397316654832	14.0	-0.6686947519180814
143.53154191505232	10.006689821241569	5.0	506.41887529969387	19.940009765894175	5.0	653.7612232322125	24.1430254314785	14.0	-6.012062257153562
235.8728578710222	8.744668774812304	5.0	604.0630382668448	20.234509039826236	5.0	544.4598791545726	24.686467432038242	14.0	-2.0845820902136882
292.70120111845955	9.118205685485025	5.0	552.2374584814877	20.40064157463209	5.0	518.19480764323	25.174263299001932	14.0	-2.1748551415255233
283.5799967496645	10.108376883750422	5.0	352.93685025123796	20.35139597621793	5.0	579.5417673338404	24.281168003740234	14.0	-4.509618166977108
278.7281495354824	10.303822322363013	5.0	426.7618123627027	21.727073104365196	5.0	556.9448095712028	24.49822759043623	14.0	-1.1864807894335465
285.5794007644642	9.518512461940327	5.0	491.350806285931	20.84827757593886	5.0	556.9282562778246	25.143505658963342	14.0	-3.9816130778757266
242.16801394935524	9.940348736641587	5.0	515.0758937454237	20.485923080643513	5.0	605.1142311195388	24.451955002157806	14.0	-5.921822278490954
326.0002859751991	9.83638615344746	5.0	575.7274129449862	20.73664255447997	5.0	534.7034800504365	24.967135560710716	14.0	0.35210616976215525
282.852390953413	10.41771783134241	5.0	452.0926572727418	20.532037454329547	5.0	608.185728084306	23.808711768996165	14.0	-5.633086567945203
418.13352284024023	11.892331679734385	5.0	455.48555869080246	21.98287894906623	5.0	548.4166474680708	22.277781653513266	14.0	-3.8156398440778103
448.91071756971274	10.738820671051297	5.0	512.9417880289438	20.391119406810308	5.0	474.99062567704516	23.466950903453068	14.0	-0.7658195740248608
533.9752306041456	11.33392621248391	5.0	544.6151266926827	21.48345190327326	5.0	388.40343934895617	23.590578607453967	14.0	2.041047738597411
484.4054375072967	11.304884775532065	5.0	545.0846523405003	21.453630375743018	5.0	409.0586006971318	22.649443725546778	14.0	-0.37619174905812947
459.4244017469702	10.727121942283045	5.0	574.3984226571964	20.792430442084218	5.0	390.2566833757714	22.933867916842242	14.0	1.1795644720441536
607.0595571325573	11.332808949636602	5.0	553.3372370766397	22.408218631992003	5.0	300.64157959159394	23.68854373260536	14.0	3.781396940570844
541.4907602837685	11.866780311126812	5.0	421.8231926027576	21.930403207484314	5.0	417.85483781491314	21.838994795332802	14.0	-1.9898342530555828
601.8916626352976	11.837417033620456	5.0	465.4907378066619	21.96755278035565	5.0	393.1395129403447	23.39849299657527	14.0	-1.5332724728405094
688.8793412073813	12.140734063147193	5.0	497.0420513113537	23.14414295109579	5.0	386.84301013662105	22.230527684887402	14.0	1.2082059336979258
706.620059240512	12.169374435599734	5.0	450.4093306419589	23.49130847903669	5.0	395.93746751174945	23.032587549557277	14.0	-0.8195773448728669
776.3588431760146	12.789548281561874	5.0	396.7129123966023	24.066691371826746	5.0	423.6079729472123	22.51422773149015	14.0	2.6781133893679434
800.2464691038374	13.330065613281363	5.0	465.89851217484573	25.39630079133135	5.0	396.5670618114246	21.66236883648748	14.0	2.499169494428854
752.4527932584339	12.528222632849495	5.0	434.0024839797562	24.781075790500253	5.0	437.65790747450944	22.277447825966966	14.0	-0.632749072225307
756.1286346227256	13.446568460619808	5.0	457.3707500184862	25.260282096763117	5.0	429.8171828584109	22.247067385996537	14.0	-1.6147466652299822
780.9043067504766	12.891892240876711	5.0	482.9459487136527	26.287844561778623	5.0	422.9673007224945	22.52449834267766	14.0	-0.6461615777726755
814.5707297481797	13.146014999752152	5.0	535.9269314722607	26.62172847030149	5.0	382.3715909890393	21.10278453404244	14.0	2.911735561971543
795.8394892685722	13.177486697644467	5.0	500.9432995105563	26.34781095514988	5.0	377.6793747945802	21.947847917168662	14.0	0.061595973531536515
951.8751273935719	13.187540816182064	5.0	588.005567049958	27.21639904619765	5.0	314.68284987747626	22.037919359142762	14.0	3.1700356715401954
831.6997171698905	12.834208271783481	5.0	589.3586120075909	26.804964906517263	5.0	339.76077479201626	22.503401847556656	14.0	6.44025128085807
887.2334924680583	13.023843522293907	5.0	600.8721665754366	26.744878991672607	5.0	318.3652203016454	23.531558794663596	14.0	4.124136683317855
893.2730319745292	12.70417701726332	5.0	694.9595590353633	27.086389368090444	5.0	274.55480312658415	23.106827473067547	14.0	1.943836890188983
883.9046100993387	12.769823936012097	5.0	684.9132705529909	27.407286706945783	5.0	324.8676321966841	22.573332885930157	14.0	3.764510213129546
926.8027196080957	12.586139845128265	5.0	713.9645256138327	27.48830170354301	5.0	263.28852414506434	23.65514570605675	14.0	5.4276943486280835
971.9843921425531	12.076920054749927	5.0	753.8117725407723	27.11647173627121	5.0	233.7577547218714	26.739225586338797	14.0	7.029540732357812
851.1985683151249	12.079278461117854	5.0	652.6124073318234	26.695409979232284	5.0	297.66618623595633	23.678321594692616	14.0	6.173064529758154
764.4866122806023	12.477787239999671	5.0	532.9843220069529	27.057046815617298	5.0	336.85545229648756	23.550079182992476	14.0	2.128405178605474
808.2043161098793	11.824305914613403	5.0	611.8952808803144	26.67132257714291	5.0	259.46532007520904	25.763643103496467	14.0	4.2154619266017574
701.1395101378967	12.107066651697153	5.0	537.8603724320996	26.65397820357945	5.0	288.25160184078635	24.194758257824713	14.0	4.405270683165147
683.6720250713083	12.56719666269215	5.0	526.8540196411864	27.11754266374977	5.0	279.39936238096504	24.13574436814182	14.0	2.5919239330239185
657.1926471457224	12.615481509491824	5.0	467.7674970579848	27.169615176599926	5.0	311.9667231775445	24.024603084043086	14.0	1.8058355773880794
702.366702597295	12.605698906784156	5.0	530.6049489070623	27.599789943013924	5.0	271.82767554571075	24.263724293080053	14.0	-0.13512746465016848
572.4880256095308	12.766175368017942	5.0	464.74337881808594	26.99271180600939	5.0	325.35224621713996	24.24940697537047	14.0	-0.7125705476625819
590.2508300338629	12.592957295228917	5.0	457.3819947957243	27.052270174038696	5.0	311.0036311674067	25.49289168048463	14.0	1.0128697991698248
572.9553794190269	12.685697098655972	5.0	413.28510689792984	26.864276161200614	5.0	398.7014364943555	24.695555789632248	14.0	-2.6997240393540687
637.9559463072885	12.466574684884238	5.0	458.5049192480419	28.017746485999865	5.0	393.84716479168094	25.22810533025924	14.0	-1.1612108106957106
620.9025162408996	13.265446005033219	5.0	473.3533239110218	28.084521106717382	5.0	460.57560838376577	24.06756990684238	14.0	-3.280216061014582
654.5830173389695	12.270062443723067	5.0	579.1288149467673	27.9604338504304	5.0	431.56136653846	25.918416950516452	14.0	-1.5810228323938467
637.8533999269579	12.793034082523105	5.0	543.0586466647178	28.347749442970443	5.0	474.80195110159906	24.721209262796922	14.0	-2.8146030796067647
754.2310265638823	12.829022966824345	5.0	702.1629435552431	27.90189309770454	5.0	412.0804292160446	25.6096194900878	14.0	-1.0218296296659464
715.8475350667402	13.136015812123592	5.0	678.2601698522697	27.8618821723193	5.0	453.5595007553323	24.955835547785856	14.0	-0.0927679734140346
688.3758680522396	13.034771069082643	5.0	677.1133339587533	27.264103607637722	5.0	502.94235517011043	25.71869090804504	14.0	-0.9032130810401301
666.8715485187407	13.093007025189827	5.0	629.7661317879489	27.913936029192154	5.0	525.846668086592	25.235816716298537	14.0	-2.0055372018526967
618.9960541353499	12.821472142854459	5.0	622.6164446634671	27.81443596602953	5.0	574.4289617810684	24.55390851776503	14.0	-5.827278298887454
753.030930255566	12.848361937645977	5.0	614.2177437779342	28.422483166613365	5.0	602.6953799283353	24.80135693551285	14.0	-2.3214816785037384
758.0001262397178	12.94090907024598	5.0	603.1791981644978	28.417663997763963	5.0	707.8922651906386	25.283207263514736	14.0	-7.242703710392089
859.7606934994606	12.611491033609768	5.0	618.2261093859727	29.67852841935921	5.0	765.5347613166706	25.970069871276213	14.0	-11.13290778743838
841.1313453321069	13.088859819720339	5.0	613.5220465346152	30.959157990264714	5.0	884.4137672176822	24.617557953944996	14.0	-12.70705149741862
819.5991835283002	13.376132035155397	5.0	677.4167691449245	31.764939758405735	5.0	927.7897014880258	24.464050217791815	14.0	-13.496577809800499
958.5979222328467	13.920338748476473	5.0	696.8908421830116	33.32981608945565	5.0	948.6043965882683	24.309393734358338	14.0	-13.652280780748722
1092.7696683887116	14.031498238494272	5.0	892.458453248212	33.392342856934405	5.0	887.3968070991615	23.96072558441983	14.0	-7.637959846113514
1077.5667857285832	14.465912534415635	5.0	1058.4190173848688	34.20480305589838	5.0	942.266999839571	23.4256067593345	14.0	-9.777579791410895
1028.1138759973746	14.378618666775019	5.0	1114.5291516687478	34.31818994557275	5.0	988.8586465845295	23.6786467438867	14.0	-10.539844845474367
943.8572324305239	14.543134352748877	5.0	1251.025123610588	34.133624410896715	5.0	979.1405827764844	23.601868061592132	14.0	-11.25407594471535
948.1219420990806	14.593207598981179	5.0	1607.0164380019294	34.09349273898954	5.0	903.9576891962845	22.541430470776003	14.0	-10.178981842255425
813.8400193775846	14.415773365588493	5.0	1542.7216312159155	34.19529825665633	5.0	1033.424387755545	22.832746618104437	14.0	-11.280344511734846
898.4058838601368	15.012169139190439	5.0	1770.1632363244428	34.142131584119774	5.0	973.1158107807694	22.30828440732784	14.0	-12.962755595921175
1013.4254995710352	15.206642521343847	5.0	2046.0724687297804	33.73717986080909	5.0	913.9922186142809	22.283557421619893	14.0	-7.090685887040042
1049.9478857871034	15.426258004059626	5.0	2098.755394904706	33.38520147876212	5.0	964.9884195688765	22.676005934036933	14.0	-8.586518198646575
1096.7060863901972	15.69511582544058	5.0	2456.8238460211883	33.245440721071155	5.0	1034.2342968833855	22.067005924224052	14.0	-9.684559960598758
1013.871390862609	15.421660759446112	5.0	2383.7298164157264	32.840287045310106	5.0	1140.1524629928626	22.142660555543006	14.0	-13.054900633299079
814.4201568594342	16.11985104796105	5.0	2118.322094744401	32.456554791073394	5.0	987.1739970446184	21.905652090164505	14.0	-10.389349389824519
835.5451765521321	15.8371858834923	5.0	2283.8989319216657	31.98255998190656	5.0	936.6863941423716	21.515494280735883	14.0	-6.054419766829833
826.4152818120982	16.27110519607635	5.0	2355.5348690287674	31.803250765469947	5.0	968.595769198857	21.521539779657484	14.0	-6.969520642851917
843.3442957583741	16.10555324224222	5.0	2489.8016018333683	31.45851313210815	5.0	962.4258057432312	21.200533300813394	14.0	-7.088672615437697
715.5826430933513	15.88724622444723	5.0	2393.2090510985918	31.02209148823444	5.0	1083.168417592292	22.068636408730985	14.0	-11.472958127668987
784.0652507758241	16.160466212494743	5.0	2509.325106393457	31.040800276903276	5.0	1268.753792172954	22.275567223225046	14.0	-16.51444424566332
848.9569454658796	16.470910355290172	5.0	2719.224254989081	30.777586899638763	5.0	1353.0821496515264	21.757359361779265	14.0	-14.941914058905716
821.5679164140356	15.609292248590263	5.0	2376.310984615156	30.46957033841194	5.0	1286.504908980055	21.903775356183072	14.0	-13.614167505019175
884.0691917394848	15.77329666632718	5.0	2293.8533689725778	30.140670108092	5.0	1090.6414296673468	21.673030299179153	14.0	-10.77872747644976
1008.3163271088279	17.175691755982108	5.0	2336.41788541255	30.280272377429256	5.0	1093.4441496037816	20.73821440694204	14.0	-10.513065532552465
1149.630594328189	17.507158673036713	5.0	2660.4263625933427	30.12089582462836	5.0	1099.5662915523026	20.107238031695	14.0	-14.08807685710659
1327.997370238902	17.064021303585328	5.0	2933.4569619749004	29.769607019130866	5.0	1109.0444282870683	19.83049946642902	14.0	-12.837991843345876
1281.5515720756798	16.048287018130665	5.0	3392.022652526158	28.75027090969226	5.0	1109.8255541992564	19.858906183748463	14.0	-11.077805194784553
1146.0335648203782	16.04445258235968	5.0	3474.4813752136038	27.87722302714558	5.0	1164.4012930224817	19.744242174443226	14.0	-11.794490762504664
1137.287435816095	14.703103448752673	5.0	3822.1799161694985	26.562217011900568	5.0	1090.2122647384633	20.086650698342286	14.0	-5.736554016737994
1163.592501758224	14.439042596824416	5.0	4123.460612546764	25.677928785763573	5.0	1009.172653511399	19.53844577349299	14.0	-0.5454646356549829
1226.467376660114	13.818313904625297	5.0	4372.377244442719	24.97500813826615	5.0	900.1628674796508	19.920270544943808	14.0	1.7673272880597837
1039.3633657829894	13.969652138706893	5.0	4194.601585481483	24.069189669844015	5.0	933.8041719054368	19.353260561593068	14.0	2.1134289552361425
1003.3969092471206	12.07803894640795	5.0	4803.658241820515	23.407559054185256	5.0	853.0494258873832	19.589441059393554	14.0	3.8390792396155056
798.8661507637696	10.57094177758228	5.0	5607.685293748018	22.267922880819704	5.0	786.2831629624121	20.277540681809427	14.0	6.626478086633718
856.397122281205	8.140396907642685	5.0	6421.735017012122	21.157255698331703	5.0	544.3735772876328	22.4547394587589	14.0	14.095710775034469
873.1687744407601	7.140310067082781	5.0	6565.261707393469	20.241885751592566	5.0	503.4389222287519	24.061071136059088	14.0	10.740187029341419
971.6498019994913	7.22400710267058	5.0	6769.834640023062	19.59713966504365	5.0	474.29424753020453	25.755794629584503	14.0	11.35089248196569
895.2852873835258	6.5183813473726175	5.0	7147.504827554617	19.00153722327997	5.0	371.23470351285374	28.62330616217492	14.0	13.050078225261533
1015.8106737701277	6.12604142197886	5.0	7560.089876436366	18.59133799979883	5.0	307.00294258184664	33.204934462698894	14.0	10.824071994341079
1117.3851736436402	5.928661768496273	5.0	8075.422389898833	18.02838752039385	5.0	318.99116553446754	32.94184922507111	14.0	5.357131309089408
1259.5103417632185	6.008012931105073	5.0	8791.66328930297	17.442202339156175	5.0	320.99391464479	32.90431404984283	14.0	6.851785135507499
1312.0348282761745	5.588500880880391	5.0	9789.52716058057	16.770122424729465	5.0	328.771954102321	33.847464566578616	14.0	5.731724233165797
1227.2950898695665	5.059299130464183	5.0	10665.50911260562	16.480226964855515	5.0	315.2422023691925	34.19832860885549	14.0	3.24637374563528
1314.9619379278563	5.201087890363136	5.0	10848.68641175083	16.436439975757413	5.0	305.627502298683	35.292506612078235	14.0	1.8374833865590534
1610.9325558117682	5.7075023050804665	5.0	10596.639525657369	16.52875001803016	5.0	310.4143480113854	34.818427268558665	14.0	1.7611462047984807
1777.60003739888	5.824968167276682	5.0	10395.295063134183	16.522065936761717	5.0	326.89063627265097	34.51334733780058	14.0	1.3145590421506153
1984.7371887903007	5.986599948674648	5.0	10151.426437197028	16.710717165832264	5.0	322.7979410742658	34.35227892387309	14.0	5.836327565394785
2260.5938142496157	6.241721745768677	5.0	9682.795393900948	17.10467691236411	5.0	322.07236529136225	34.0177161434045	14.0	4.186663882495675
2383.569138125741	6.5813756328180135	5.0	9306.760035684829	17.563730855198052	5.0	341.06827724624833	33.10127918063398	14.0	5.6181516584286255
2669.1829918683297	6.849147848895144	5.0	8820.43163411278	18.046623300304844	5.0	367.8521307263887	31.61851510382856	14.0	6.0373647894374285
2594.3908338047663	6.876195600697338	5.0	8264.731027710886	18.171379430810877	5.0	509.1763305467367	27.007741531476643	14.0	10.165545686737445
2467.4708903247806	7.36460037682487	5.0	7980.778976423536	18.203741731118747	5.0	663.1454178902807	23.5528107020174	14.0	9.766815504233852
2526.306848444142	7.4983650857483335	5.0	7752.300195436639	18.08751813890105	5.0	630.2898058524364	24.38138053517236	14.0	13.324091307941575
2299.5553850639662	7.33769096669821	5.0	7436.52432635748	17.792352086803266	5.0	637.9169774068151	24.0582606412395	14.0	11.327776824209367
2007.0936827071114	7.470147957290873	5.0	6976.041080665936	17.32775713939032	5.0	739.5364570019129	22.759770377851	14.0	10.121718379662532
2336.532454708458	8.202837395719794	5.0	6379.583833296929	17.615733916857874	5.0	726.1269539965699	22.31785544834179	14.0	13.68841499968785
2243.190407877607	8.18592176268873	5.0	6094.347764906014	17.24021103552733	5.0	872.5186962983765	20.946668453167803	14.0	7.5004705744289915
2290.324844306045	7.914894532494431	5.0	6240.277272936976	16.91979433714111	5.0	916.8803953308095	20.57322360139895	14.0	10.216260533339677
2069.744191648384	7.350153240788406	5.0	6650.206684867266	16.09637152468615	5.0	940.3213462411823	20.75888587815163	14.0	5.583701039484758
2050.2237260768857	6.8737522663397375	5.0	6837.85617487456	15.5318721876538	5.0	877.9776074758589	21.334027226915044	14.0	7.096606106429467
2282.91255044602	6.396630083496895	5.0	6675.817545695307	15.204937119661022	5.0	752.3939147788956	22.757996717054073	14.0	7.465590504095481
2345.1995275140684	6.70277799925294	5.0	6171.392849942373	15.0	5.0	832.8977794726675	21.968805438842605	14.0	7.448379184793981
2588.6721465074165	6.983053743202927	5.0	5786.185045600297	15.0	5.0	834.8862864210878	21.198142289459884	14.0	9.875150668922153
3030.3007379446235	8.39194216371675	5.0	4877.307548606759	15.0	5.0	957.8604005661572	18.96612904693691	14.0	14.1046476585776
3711.05256696274	9.23042651793612	5.0	3994.595915215465	15.0	5.0	1075.650628133889	18.483621808431394	14.0	8.089832836907537
4406.3491407173315	9.595252599913138	5.0	2856.4996665569533	15.633634453014606	5.0	1183.1892388762542	17.97846573772643	14.0	6.217330923199577
5679.942709223414	10.42330543328737	5.0	1441.8045699183167	17.981792235914156	5.0	1139.6496413635443	17.636290292684805	14.0	10.632146505011317
6058.418705135463	10.325400229910535	5.0	1276.7619806631928	19.224252692988156	5.0	1062.7836130762162	17.772156377947038	14.0	15.176127392389205
6157.537590319986	10.055088299571887	5.0	1266.3328137203614	19.186936173005098	5.0	968.5425257045869	18.36031129410455	14.0	16.799752300199053
6586.005871243213	9.872644285856877	5.0	1095.5617234993927	18.65918065623196	5.0	986.6341896424943	19.354297098105835	14.0	12.918068547196537
7409.849255639528	9.957136875028976	5.0	968.9028294615845	20.077290526122113	5.0	890.2586022239457	19.916857676467302	14.0	16.0792304932716
7974.116165296572	10.025303632315847	5.0	1075.3157543624316	20.14301973602233	5.0	871.1870899925951	20.272101509778246	14.0	15.670063285459843
7990.857449826025	9.934884115326696	5.0	1342.4139540985595	18.987357089704727	5.0	885.8418310665606	20.378471375547488	14.0	19.811986227538178
8373.119536856377	10.206762309658917	5.0	998.2694911231567	19.780512656594183	5.0	945.5428711701788	19.198869006714794	14.0	22.12107210832013
8495.87829733867	10.133899558524549	5.0	915.1747331449908	19.827730965592675	5.0	907.414371756756	19.004204797428486	14.0	28.15701966800148
8800.106994967884	9.92820791867231	5.0	828.9738026822085	20.72753200369676	5.0	796.4637553782671	18.886989561271072	14.0	33.44529424958611
8800.314783221913	9.795407814238978	5.0	870.6346299925895	18.70986450634856	5.0	759.7504447612135	19.33004148064809	14.0	34.6525811986813
8479.104323259222	9.583354048543352	5.0	1135.7332991028698	17.271578947116634	5.0	660.2554497209159	21.76855162478456	14.0	37.3107264827198
7876.900615155768	9.487066402018566	5.0	1203.109900892943	15.978136681263436	5.0	775.5812666799009	20.857226633941835	14.0	38.023978913260905
7437.898766285395	9.521714860253246	5.0	1187.0879178737143	16.924769760428134	5.0	770.9502891296356	21.60078954164357	14.0	37.695721451104276
7438.329972257213	9.304004690413226	5.0	1299.7427954704146	18.113955860544408	5.0	596.815978395558	26.41073128628068	14.0	36.77485520505364
7094.988429862798	9.43612067253721	5.0	773.0790863771579	19.020625716183787	5.0	774.2483528318288	22.07820761090922	14.0	35.967318368837475
6929.622298185373	9.514883441733993	5.0	698.1916480353218	19.822683796493585	5.0	691.5712825017838	23.474896520247356	14.0	38.36905615328391
6907.574798060063	9.648352261957333	5.0	673.5773091033923	20.697211860574864	5.0	528.194939899572	26.617614721998123	14.0	43.48598033785214
6693.574647538016	9.97118316139189	5.0	440.33474513937824	20.533704332438166	5.0	580.0395776980735	24.80039884665936	14.0	46.23845159713187
6560.957632710556	10.451839100644834	5.0	0.0	26.94629753598738	5.0	681.9912802876034	23.35334283038537	14.0	39.582002519077484
6934.919420501584	10.789741151261346	5.0	450.40967322647407	23.41177544045868	5.0	362.3443021306049	35.553518247365965	14.0	30.674689154696296
6803.322735721895	11.016948452383703	5.0	323.26221443159113	23.053545680978953	5.0	396.4649717110249	34.58994270099468	14.0	37.825487058696005
6672.154070369129	10.898690798953252	5.0	343.43891078613746	20.416661346321117	5.0	419.7198088114407	33.16629260564249	14.0	44.81289600936094
5426.265565525103	10.264387677339814	5.0	1233.050344886223	15.0	5.0	452.5527169232291	29.67648303215605	14.0	58.0951612691428
4688.753572685023	9.937653723771033	5.0	1641.408793351601	15.0	5.0	488.8038059479111	27.975090917960657	14.0	66.44031793596518
4894.373989823907	10.08308060221222	5.0	1443.1943627199246	16.631298846106688	5.0	434.1151432792515	29.308877032439785	14.0	64.28248194156457
5001.7438901656615	10.085894762439855	5.0	1523.176318442333	17.548243624682897	5.0	397.26835232797066	31.559265313469478	14.0	59.23065124818489
5453.458730926706	10.50074551951728	5.0	1298.7976750930966	19.73287550708504	5.0	392.68383192645354	33.95836403531118	14.0	70.91743753178191
5483.776303352459	10.713544405318885	5.0	1336.4735722147984	20.25355465296307	5.0	404.5586532095332	34.47511667173723	14.0	85.98519341751008
5349.023475540209	11.10289671721787	5.0	1364.7992995282455	20.944961099615774	5.0	375.48066723510607	35.53502890457149	14.0	84.96725964075236
4984.623092147802	11.37923741526186	5.0	1449.3614534761	20.544835666552114	5.0	406.15687940731925	35.73636243985352	14.0	66.86406422130106
4628.991297364446	11.60491848671599	5.0	1638.9299321762146	19.7228769443788	5.0	419.68314907373747	34.926564390293365	14.0	49.72760169842043
4991.263726812853	12.546933924213029	5.0	1306.3352276722967	20.126270640322943	5.0	432.4314174095776	34.890362246243576	14.0	40.07422563700133
5570.172180475972	13.080816573211132	5.0	900.205695642613	21.33438821937413	5.0	418.44882784415074	35.3602744371784	14.0	36.08515037257934
5881.183415171284	13.278665633716352	5.0	904.6913894063848	22.363396160453295	5.0	458.25119790287204	35.54683871725865	14.0	35.061911369548916
5661.379746104338	13.27268340595092	5.0	1229.363650619029	22.387846102305442	5.0	462.7916732968364	35.059773890678755	14.0	35.149344301748414
5373.7646482797245	12.915386854180571	5.0	1717.7096600633315	21.48485236446772	5.0	474.9765413582027	34.57447716493509	14.0	33.4467281964822
5125.39219004178	12.1544651872373	5.0	2122.211424469678	20.619735547987936	5.0	452.0838132265931	35.19176898597129	14.0	28.571059124125437
5476.679577329387	11.880187402688861	5.0	1867.7218015619264	20.396140340502974	5.0	426.71663226307396	35.52877907693025	14.0	25.806222840035392
6084.73450535837	11.663430109549227	5.0	1313.0832184320786	21.050475656930306	5.0	415.9363715378652	36.58035163651366	14.0	21.93270368588675
6681.515563420532	11.364460160029944	5.0	847.6105340132273	22.846967196006535	5.0	420.1851327192598	37.10266779425409	14.0	15.02306649632505
6775.875576465344	10.984669093277153	5.0	652.5425284302274	24.15855090888393	5.0	407.7167068508378	38.41467541491051	14.0	9.585094168642415
6673.218838573698	10.670359426159493	5.0	595.4257010566445	23.794366690854	5.0	400.7589623788006	37.83117929404437	14.0	12.86838246178395
6570.5014765502765	10.596094015589047	5.0	706.1212893926244	22.70874567398107	5.0	418.9507507512405	37.33542399861117	14.0	15.209129848053374
6241.482004747734	10.533352848423142	5.0	973.3736406783912	20.780257926509666	5.0	435.9107943401577	35.36011532964702	14.0	20.710700008082302
5645.78378546699	10.270434171339389	5.0	1389.067412147042	19.210646769252097	5.0	468.7237448171608	33.599828648626925	14.0	19.62787644331127
5128.98349427501	10.006889402676508	5.0	1773.4456748142113	18.973163393896513	5.0	461.18320690953993	33.52757882629207	14.0	17.394804851009184
4867.431132195382	9.9170364291057	5.0	1761.5016145362044	18.91102610989609	5.0	484.0794720135967	31.761495070808497	14.0	18.15759065570432
4961.4482550867	9.933967695030612	5.0	1714.7863978545417	19.225098178947846	5.0	454.7252521573893	33.50443293864569	14.0	15.950800135587512
5491.322461932098	10.017236234279254	5.0	1466.3818665505669	19.87017790489941	5.0	448.4994825288504	34.5874591536021	14.0	11.812403745154878
6106.625347493595	10.238953061958096	5.0	1142.4377077906313	20.011156797385265	5.0	464.9811384059394	34.33405602408607	14.0	9.841285605792223
7001.561435130358	10.400901533588417	5.0	898.0415061700602	21.15335734916268	5.0	440.55408401263605	36.61115968508157	14.0	8.731919524145109
7607.709197872491	10.57081016759358	5.0	687.9452318078278	21.493231293432462	5.0	455.89694075035226	35.46377656659609	14.0	10.804521206526003
7862.078778919577	10.681445130459053	5.0	732.182175400692	22.039016479388366	5.0	440.4002067859105	37.21327891124362	14.0	9.046988505509566
7882.663882108261	10.768768388033344	5.0	979.064159525944	21.421941036947192	5.0	473.0476590036291	36.173469307155614	14.0	12.13875003274959
7878.237466027638	10.924491424215022	5.0	1112.3979427388026	21.240407254150306	5.0	522.9711579638558	34.279926340324266	14.0	14.99896287508557
7851.333949038282	11.108002555748701	5.0	1305.643846225332	21.565983110101577	5.0	560.2012168824458	34.6018246339642	14.0	15.403617354065888
7749.6719895688675	11.316979738139667	5.0	1405.5947492461887	22.30874907996465	5.0	555.0150977699101	34.19373392873562	14.0	20.744947743258837
7271.223389011594	11.339805282581843	5.0	1688.5799939569329	21.568611683875268	5.0	585.567812482186	33.08534218101948	14.0	24.760445476125163
6586.580259627689	11.291771721337618	5.0	2378.0195937642825	20.38318270047268	5.0	586.6879435427368	33.72538440453239	14.0	24.110146251638938
5818.28100585916	11.063027621189708	5.0	3519.874494686247	18.660083742077536	5.0	602.7173008541612	33.866630157563776	14.0	24.567597474101685
4745.463805664125	10.706749856398577	5.0	5268.108816545621	17.085001674495494	5.0	606.0455776010892	33.45161777845762	14.0	26.14014509043217
2922.458340671487	9.720177371052001	5.0	7730.705456644954	15.471911905025335	5.0	635.8066037047328	31.57667436849903	14.0	29.74348070073153
2990.6654393451295	10.166872009629516	5.0	8313.199693982997	15.0	5.0	587.148104216411	35.00480902662513	14.0	25.608646435465037
4084.7023971322255	11.10211195710266	5.0	7177.23442507987	15.0	5.0	620.59031137233	35.47480047813973	14.0	27.6138041452695
3751.972329931053	10.720963707893754	5.0	7000.7526090763895	15.023542233173888	5.0	692.9731236267347	34.185993037789714	14.0	27.75600323799791
5638.062637827403	11.63250685502131	5.0	4769.984912318317	16.52318596916299	5.0	704.7257148508775	35.036734811660914	14.0	29.856703582000563
6079.723249529022	11.791167787959212	5.0	4355.770696593791	17.561182346437608	5.0	727.8684449080539	34.642213074465	14.0	29.605121246611336
7120.495570175887	12.069028498223664	5.0	3499.496906181277	18.820859830139767	5.0	704.9169268720973	33.61973770255457	14.0	25.87019502808483
8346.762056875965	12.029303573970966	5.0	2537.876038556078	20.942945225695595	5.0	604.8959707879045	35.59096545289167	14.0	17.722020393294404
8604.285598910395	11.693346030409643	5.0	1799.4101299466197	22.545311636597056	5.0	582.1752486948484	37.739171518068154	14.0	10.389640386478904
8906.0625717535	11.390341358581296	5.0	1195.6774206455839	24.199211934055146	5.0	635.6328150715308	38.60779500428536	14.0	-0.12055115586424317
9581.056593315543	11.263670251589	5.0	734.8113326978349	25.28776203686735	5.0	736.7264751761642	38.9262842016892	14.0	-11.08895236343771
10134.99421341892	11.59655631848305	5.0	418.862702926008	25.4959103426649	5.0	898.9695008629046	37.536237383195854	14.0	-11.844875131168667
10486.462339693226	11.928744962577865	5.0	597.7915913188879	23.698912590733986	5.0	896.805516786775	37.84276082606942	14.0	-7.021439340374597
10546.358787318088	11.930898139535419	5.0	1153.9039615022887	21.767844257241368	5.0	863.9302386068422	38.12951505576899	14.0	-0.317709720799005
10406.052599140607	11.576522133022092	5.0	1986.4157184795356	20.200164085590153	5.0	861.8666550464961	39.00966395788083	14.0	-1.2734915416434955
10473.828395073324	11.233380415524644	5.0	2589.110088727523	19.068623331804076	5.0	831.5354922567385	39.24655631112556	14.0	2.108481279058028
11027.404691273323	11.04237549821458	5.0	2860.380298951598	18.403075665360237	5.0	821.0414004269696	39.3531069764493	14.0	6.5318463998867
10958.85466101123	10.840625508455282	5.0	3696.207628181173	17.70671957669783	5.0	775.1002573637587	38.47395517611245	14.0	11.865566639748447
10054.867956861086	10.575153121913056	5.0	4443.536798843493	18.044233630498447	5.0	747.6442337369194	35.608333334984046	14.0	22.69836783935235
8180.181877012878	10.130350954035052	5.0	4940.221284408242	18.652920892269016	5.0	807.4987149431656	33.95020541383739	14.0	26.20996994809519
6617.471392051627	9.866521266669901	5.0	5300.370578952269	19.2498220943134	5.0	863.436472990919	35.56187854121618	14.0	18.995016439530296
5421.052528369763	9.746839420314323	5.0	6224.850855249606	18.937128295570222	5.0	913.7322162239569	36.18811136281605	14.0	17.218791522763716
5100.277919458212	9.858070350296966	5.0	6891.342940873268	18.175778368335834	5.0	972.9109542169994	35.31338705878495	14.0	21.03730878612265
5853.109156469199	10.229916016975524	5.0	7368.444536770597	17.632680770163354	5.0	995.5030174956585	34.736652830208094	14.0	21.40870996045855
8296.424329607804	11.080633490744447	5.0	6288.525822904648	17.474240972326555	5.0	1033.0351999843242	35.81952128336567	14.0	24.19877173433728
10529.45140453501	11.37441926489068	5.0	4796.9358031623515	17.558386800536653	5.0	1201.734912376704	35.69442221539367	14.0	20.51507625180114
11301.37623613786	11.235215857785315	5.0	3791.8889792153063	18.304160874297907	5.0	1306.9794262441917	35.97258121376184	14.0	15.736804186000235
10681.507079617468	10.966355692138942	5.0	3110.768091978721	19.87978726502011	5.0	1323.6935500641137	35.42928401035875	14.0	17.348439152717155
8606.787476662024	10.225340613126038	5.0	3119.5325994739933	20.360378595486043	5.0	1517.895994770773	33.92736394594735	14.0	11.972594691949604
7001.189933985125	9.921872414952102	5.0	2816.3406398756138	22.31339429557486	5.0	1825.2693580734838	30.674838040123454	14.0	17.846288567487136
5621.761477798481	9.756545843214512	5.0	3040.158303077097	25.013580107185465	5.0	2143.735166421665	26.989647398787803	14.0	26.41286633443197
4771.246889063383	9.405969200239607	5.0	3934.2044711460617	26.656109568796083	5.0	2102.6275426125076	25.700489387978944	14.0	20.903632280506834
4194.199311378703	9.187112499039317	5.0	4390.055618154369	27.298012646359822	5.0	2107.6748870540846	25.103566997970468	14.0	14.917275062756053
4388.719883733891	9.126435890285535	5.0	4900.245363021459	27.032329086200765	5.0	1841.356647495797	27.166464831476212	14.0	18.672651698120497
4800.903751320641	9.299497802305753	5.0	5892.45754110052	26.505520341424656	5.0	1421.5427027696694	31.72911510217776	14.0	22.00007012913825
4989.840992254068	9.653224808154098	5.0	6581.749239800271	26.266070015679013	5.0	1163.1448521990262	34.82115683917832	14.0	21.420076645110086
4891.013725920301	9.869104042136334	5.0	6670.550755978051	26.025145186278028	5.0	969.8530594595343	35.563425904253165	14.0	24.594726421167724
4824.005068154928	10.282326854521367	5.0	6318.078264459357	25.829338456839473	5.0	831.1331745104918	35.83115948316685	14.0	33.599115853362626
4806.059406998546	10.666083716492668	5.0	5906.5107225650245	25.60806238390207	5.0	744.5252799351313	35.59851586284799	14.0	39.16926257962069
4870.2798534239655	10.80894572064108	5.0	5622.035364676254	25.26149526839702	5.0	714.3431871231664	36.31449272067753	14.0	36.560793934083435
5067.46617020035	11.161004973680464	5.0	4927.468745027839	24.9951546307231	5.0	751.7349715648124	34.772472030165005	14.0	38.615650775855315
5140.33824345355	11.330278037252254	5.0	4312.955990572508	24.679807465261728	5.0	820.1463788920996	32.49555770173229	14.0	41.011154493367876
5296.621882772761	11.49391043261132	5.0	3856.5793097533	24.26830194845101	5.0	868.3666186192895	32.16552372234977	14.0	44.85442408127863
5172.205120526561	11.671897479592271	5.0	3848.5416911934467	23.551189014574387	5.0	1030.836381327286	32.39249373232466	14.0	46.10633765755105
5165.615977395641	11.482566491149816	5.0	4508.894213961195	22.417541333429693	5.0	1109.7581353182566	34.02658001843046	14.0	40.11377861476334
4940.173622036935	11.498828109625329	5.0	5295.119231163842	21.26346545535038	5.0	1241.0365989729185	34.344874683063146	14.0	39.578293795868944
5147.526189141981	11.784786141706777	5.0	5870.738830431817	20.410641007613748	5.0	1294.3819060335352	34.64006680257429	14.0	34.72468484731274
5263.187586336322	11.797292244214294	5.0	6526.053647319553	19.716502355067828	5.0	1306.338760966085	34.48491887418812	14.0	37.92191797694079
5620.327886991393	12.015746101255488	5.0	6279.112012541708	19.484030711627508	5.0	1424.8058010478078	33.381025630966256	14.0	36.14843183023269
5586.185013928887	12.046259969533455	5.0	6533.469295704482	19.338248173738307	5.0	1410.1840352362565	33.50662423506138	14.0	38.29601933443171
5450.515953634626	11.7962805272174	5.0	7246.952111748049	19.27831199417056	5.0	1331.3443147990909	34.15170600560533	14.0	32.107105464766285
4875.9112717092885	11.313377369244032	5.0	8848.190739412976	18.69871949930902	5.0	1296.1735992168094	33.94741911515156	14.0	35.83854770237661
4261.365704450275	10.180753722213625	5.0	10571.987578037051	18.391467380996787	5.0	1378.6383274624418	32.46441638628058	14.0	39.77120225440048
5387.115328917042	10.037594302388403	5.0	10649.820405885113	19.0449010124961	5.0	1372.6567536586338	31.85760084397792	14.0	43.17274305391043
5787.625440946678	9.532326418120963	5.0	11072.935790409721	19.27099116714187	5.0	1467.2696225349027	30.471771263474853	14.0	42.6281607264561
6008.24062062261	9.143211694233708	5.0	11561.201819644248	19.346910261097435	5.0	1428.246105775957	31.533816036463506	14.0	29.38361609488854
6232.470568188215	9.361073485540723	5.0	11684.585341552776	19.44880613526389	5.0	1380.2528197464208	31.777370265891633	14.0	23.922793651851176
6208.322376900136	9.501903114652647	5.0	11889.40284859242	19.324752562559468	5.0	1354.3003309515711	31.93784132772577	14.0	24.099216043195458
6287.969560942579	9.636041014495266	5.0	12164.215626909818	19.407281308341993	5.0	1276.8877656566901	32.00550748873366	14.0	25.149709844870777
6731.478784712285	9.88541120769695	5.0	12106.8907779596	19.57403624666017	5.0	1301.1863739125329	31.731288955140656	14.0	28.278362902616976
7024.971697371953	10.406887798192642	5.0	11712.233378649194	19.733977336673625	5.0	1377.6961513260185	30.71344556960457	14.0	34.78318283552782
7302.03065712933	11.022278326676897	5.0	11059.692655747283	19.926766328428155	5.0	1470.8613454051106	29.150471717799114	14.0	39.047779792299
7665.122497925593	11.648058082800858	5.0	10511.761591509861	19.963557634884864	5.0	1581.5397080595815	27.467695492545737	14.0	48.19808438895038
8168.502291530159	12.033604102281796	5.0	10510.575374543787	20.13544079723931	5.0	1476.8249364187309	27.198821986468307	14.0	59.5261198347952
8003.9438459144585	12.306386373990813	5.0	10750.43325781196	20.102878141741154	5.0	1387.5347591272807	26.15780670201003	14.0	66.82685103558973
7406.651181718384	12.393234814460056	5.0	11267.024720526662	19.803009937178743	5.0	1357.3795191944475	24.321261979840468	14.0	69.66994761040486
6628.411788634727	11.97855222127793	5.0	13093.590333898806	19.465497132684657	5.0	955.174461693777	28.974314197815858	14.0	66.1432087003164
6256.723127371293	11.832635825927863	5.0	14361.01167800422	19.651674121897237	5.0	726.2519583089895	35.176996615286384	14.0	48.93826447678673
5957.136126923184	11.778558907565085	5.0	15375.958460528407	19.75117685216293	5.0	629.6545255058921	37.46045395783738	14.0	39.02196530427917
5255.778839639614	11.584573939774783	5.0	16029.774508619406	19.570493176703216	5.0	628.8040086388695	38.001785435435934	14.0	36.159001109930585
4713.088173970119	11.599374067184458	5.0	16340.931028927564	19.269765486029605	5.0	659.5498568843783	37.701009132771425	14.0	46.84275564367446
5446.042732182006	12.649612832067936	5.0	15369.697771498199	19.172602467367795	5.0	696.8225900282347	37.061325672907415	14.0	63.016002294461344
6346.840716911363	13.622820450520472	5.0	14593.521408495284	18.978817816359793	5.0	721.4088587320458	36.9015747629902	14.0	87.26508141533849
9509.099757921496	14.864643549818043	5.0	11894.184026075856	19.13862377971972	5.0	694.6248703211891	35.91355230534834	14.0	113.72029410643495
14278.411269985698	15.693329999164993	5.0	7866.844148368439	19.875711749665577	5.0	605.5778570778799	35.356992808732095	14.0	137.34194217616454
15794.222927560257	15.92454843529401	5.0	7172.9067670065215	20.03231009406284	5.0	593.0721828299285	34.55019356376317	14.0	147.55658006557346
17159.18597814548	16.226336348414115	5.0	6453.817024591666	19.85886341982893	5.0	665.7859693083219	33.557187634555895	14.0	147.04430128267185
22554.616014129824	16.85609299602339	5.0	2009.5751393189196	23.059873953073833	5.0	525.4499619989234	40.0	14.0	144.33423764920568
23610.195535423576	17.088284777701677	5.0	748.8954650257731	26.480578946923565	5.0	505.30689792661514	40.0	14.0	142.5512313962134
0.0	14.65575461935577	5.0	23857.290801756735	17.262869151725667	5.0	646.9121888125785	40.0	14.0	110.4024450959237
0.0	14.65575461935577	5.0	24071.035345108197	17.283400754857983	5.0	621.984175767361	40.0	14.0	67.92623331640019
0.0	20.0	5.0	23931.101038943834	17.288520461797003	5.0	588.1503117500416	40.0	14.0	32.14229568618491
0.0	20.0	5.0	24190.96514678324	17.383281332863643	5.0	612.0263925672044	40.0	14.0	18.930033152150244
0.0	20.0	5.0	25314.589234595955	17.284742015926057	5.0	657.1435527184552	40.0	14.0	19.9984872990817
0.0	20.0	5.0	25269.1857401396	17.172481094298764	5.0	774.0686098513606	36.32370256917292	14.0	40.087213185122486
0.0	20.0	5.0	24346.36931979644	17.172081277562533	5.0	909.4222278980357	31.072758786066007	14.0	56.63937445335422
1466.6780935847084	20.0	5.0	22524.86082553677	17.17806751618717	5.0	851.5511871555902	29.06560350354819	14.0	70.3526026907528
3522.2427953457523	20.0	5.0	21214.50105847597	17.245830902931303	5.0	533.1463430020708	32.522526009051106	14.0	85.61546387993103
0.0	20.0	5.0	25023.174426574464	17.91054613103255	5.0	404.27134006615216	35.50576458511944	14.0	89.91537987980159
227.52889796613982	0.0	5.0	25611.978560369767	18.17838099970732	5.0	337.61174043074203	40.0	14.0	40.51182108550771
175.36523764284618	0.0	5.0	26317.706845382454	18.438696407948736	5.0	271.3757432146939	40.0	14.0	31.747719082432578
0.0	10.016216499313407	5.0	26886.63520610384	18.68296505646345	5.0	254.06951035663178	40.0	14.0	34.59339722755829
0.0	10.016216499313407	5.0	27171.79041870221	18.961872795725426	5.0	242.89051076511004	40.0	14.0	26.36566696979153
0.0	10.016216499313407	5.0	27433.805231170776	19.243313593135397	5.0	201.46695511276107	40.0	14.0	19.437308931348976
0.0	10.016216499313407	5.0	27613.097061162844	19.489917274921588	5.0	150.59622033874652	40.0	14.0	1.8850195248485786
0.0	10.016216499313407	5.0	26899.02409346053	19.727657288582392	5.0	100.68251962876197	40.0	14.0	-5.473064789788276
0.0	10.016216499313407	5.0	25841.38293795604	19.95456520269878	5.0	80.40919107871349	40.0	14.0	-9.778558998736386
0.0	10.016216499313407	5.0	25081.169537891845	20.14143099443583	5.0	76.62123665495461	40.0	14.0	-9.99800481812181
0.0	10.016216499313407	5.0	24288.066156375764	20.25941525743435	5.0	105.9067284772521	40.0	14.0	-9.655356781316451
0.0	10.016216499313407	5.0	23153.584548481827	20.46444859705978	5.0	127.34691644160878	40.0	14.0	-2.713850032002313
0.0	10.016216499313407	5.0	22108.097473963593	20.636627236173506	5.0	186.5089413533094	40.0	14.0	7.004336487051059
0.0	10.016216499313407	5.0	21248.232598750692	20.79324039408496	5.0	278.17180977970395	40.0	14.0	16.962462926838292
0.0	10.016216499313407	5.0	19614.890103096004	20.945831906930508	5.0	384.74663993734794	40.0	14.0	28.839217352416245
0.0	10.016216499313407	5.0	18335.259696484234	21.11875069721235	5.0	451.4656829478021	40.0	14.0	31.460813958738772
0.0	10.016216499313407	5.0	18015.639866381916	21.16613147618091	5.0	467.61906638718034	40.0	14.0	34.13271452988816
191.8398260177222	0.0	5.0	18523.53954132462	21.046792905554824	5.0	513.9727526453638	40.0	14.0	8.2213320465846
200.83594373676445	0.0	5.0	19375.78451306177	20.88835088394716	5.0	574.4977497432044	40.0	14.0	0.8422771244590093
199.57780398588284	0.0	5.0	20299.45231978042	20.864571268106314	5.0	601.3604901482454	40.0	14.0	-7.2718065470545605
209.2430137332982	0.0	5.0	20437.101381160257	20.8877663305012	5.0	621.1383754572443	40.0	14.0	-9.60315197373902
219.88089393409848	0.0	5.0	20004.34456467836	20.998900701739633	5.0	615.5735012744319	40.0	14.0	-1.9649222325954099
281.8279886894736	0.0	5.0	19213.6171455081	21.073741814464295	5.0	652.7222930293701	40.0	14.0	-4.600092444414097
341.75473097853006	0.0	5.0	18290.07916580911	21.124106157927102	5.0	647.5053933303354	40.0	14.0	0.18994441681742077
424.6227886171673	0.7485489174776903	5.0	17781.57890153941	21.20834835739959	5.0	647.8212349648445	40.0	14.0	2.0109259411834195
486.10180826968275	2.285251204191184	5.0	17747.800177279496	21.29023843662531	5.0	642.4442716632299	40.0	14.0	-1.5176190700485077
447.9252345022149	3.0469660074068097	5.0	18338.301429602994	21.36448406866765	5.0	645.961955313804	40.0	14.0	2.769520878095546
425.4679350917587	3.468782054614108	5.0	19183.6085143684	21.415436045081083	5.0	685.7559347247592	40.0	14.0	3.846948783250802
375.13859429543663	3.2945848664148896	5.0	19969.57445497501	21.36822569937201	5.0	782.4927495954803	40.0	14.0	0.27842839978580336
360.41691576065995	6.054517154775279	5.0	20519.10958260485	21.281105360983865	5.0	878.3873577650537	40.0	14.0	5.709154124691259
15688.319686403482	20.0	5.0	5547.67977329925	23.706270642979	5.0	818.2828447354126	40.0	14.0	20.161176994943887
18950.214534189014	20.0	5.0	2778.1139899819527	26.33568936606821	5.0	658.4345363739004	40.0	14.0	18.31017862415139
19808.052307341015	20.0	5.0	1677.303505712535	27.931834459556594	5.0	666.9539478529717	40.0	14.0	19.76802465662536
0.0	10.016216499313407	5.0	19562.452630007327	20.226539834984028	5.0	1326.4079626885737	32.22348012831467	14.0	16.154481863762232
0.0	10.016216499313407	5.0	19464.618425432032	20.03103828676521	5.0	1626.1714059836966	33.17137309671528	14.0	5.890322921948034
0.0	10.016216499313407	5.0	19147.888494592644	19.84983584350495	5.0	1689.9663549711427	33.99296459237852	14.0	10.289230924139904
0.0	10.016216499313407	5.0	18823.71142760229	19.657993857848137	5.0	1540.3693081712217	34.36944448190078	14.0	6.147211228046615
0.0	10.016216499313407	5.0	19051.766686031555	19.54362821325109	5.0	996.4412240559384	40.0	14.0	-3.1422587330510154
0.0	10.016216499313407	5.0	18519.14162858585	19.344040717170934	5.0	712.3764451591039	40.0	14.0	-9.078650339865607
0.0	10.016216499313407	5.0	18267.080086168135	19.173034101871473	5.0	524.1412531298382	40.0	14.0	-18.09052699080501
0.0	10.016216499313407	5.0	18066.370120609878	19.121661359852357	5.0	418.14705249239756	40.0	14.0	-16.30925989268019
0.0	10.016216499313407	5.0	17718.80977851185	19.151525458354936	5.0	397.30247004126227	40.0	14.0	-13.360284439543038
0.0	10.016216499313407	5.0	17898.158619501723	19.212440406712695	5.0	389.9280453737796	40.0	14.0	-10.964340984796847
0.0	10.016216499313407	5.0	17690.18552878749	19.2909079744394	5.0	409.2365548252698	40.0	14.0	-8.974376821143206
0.0	10.016216499313407	5.0	17374.965454037563	19.47071585963716	5.0	436.44865162495745	40.0	14.0	4.351504336750177
0.0	10.016216499313407	5.0	16889.074603565852	19.693242606693218	5.0	553.8024488185414	35.75393622771148	14.0	14.13441971813456
0.0	10.016216499313407	5.0	16227.008499572617	19.888366974302432	5.0	776.1881978844084	31.19860260710923	14.0	16.21131589773514
0.0	10.016216499313407	5.0	15271.979939340048	20.217471465902616	5.0	956.0492604546067	28.94658592489775	14.0	18.883723357116715
0.0	10.016216499313407	5.0	14583.715511574652	20.557112078480767	5.0	944.6166563585112	27.671213466295775	14.0	29.632684014056366
4517.500149358257	20.0	5.0	9696.74506826417	21.250812623413733	5.0	897.730751658853	26.746962059404865	14.0	31.363347067722387
9359.178880193074	20.0	5.0	4994.131309894656	22.760370093798418	5.0	798.6133157528925	26.47529910867073	14.0	33.31601109445868
9301.776635887492	20.0	5.0	4967.001883572829	23.502248476813318	5.0	814.7880605664062	24.08502929854222	14.0	31.11102222018619
8662.814832411359	20.0	5.0	5103.0418611697705	24.49448206554932	5.0	821.1217910992729	21.9101978927997	14.0	23.283062436252592
7079.244245644575	20.0	5.0	5528.65049159634	24.549223205941704	5.0	837.7016663580392	21.0037709288191	14.0	20.01293570496692
6278.559802976528	20.0	5.0	5250.2961312022735	24.51871360560303	5.0	807.9766610520758	20.29529154245345	14.0	14.475015457203797
6552.775493695157	20.0	5.0	4555.8573748308545	24.792866586142242	5.0	821.6002974062424	20.233680767537546	14.0	12.679835418828993
7450.008640352439	20.0	5.0	3589.3475024544077	25.287187905381863	5.0	973.0129373980338	19.93471362249355	14.0	7.885292269319959
8020.090606905355	20.0	5.0	2888.118411698362	25.568220833884503	5.0	1060.346875637779	20.37917955893511	14.0	4.723640668214005
7892.48059248715	20.0	5.0	2576.075063806738	25.886509432679162	5.0	1122.8047411583484	20.46580847149338	14.0	1.7079330197801608
7590.405334260666	20.0	5.0	2384.555669146752	26.051573106849375	5.0	1243.5979708584196	21.05114400143894	14.0	-2.300885165800528
8187.490351737363	20.0	5.0	2344.9505361309775	26.512843948307	5.0	1242.5508867125445	21.496721570347457	14.0	2.548590483059435
9082.906697185988	20.0	5.0	1821.0430421747512	26.874137231738768	5.0	1276.1860874487254	21.738087784576045	14.0	3.049540372361246
10430.680303502206	20.0	5.0	1050.6084622366263	26.613000412494053	5.0	1275.7440199185164	21.97284582738927	14.0	5.5682392113758885
11081.570022176722	20.0	5.0	795.2402561808681	25.134155171827462	5.0	1249.2800455107529	21.714279788729083	14.0	6.713333852483274
11940.073436487985	20.0	5.0	393.06896791700746	25.281273694255713	5.0	1215.9842397033615	21.69436658738929	14.0	10.655010518025732
1934.8721149574042	14.386226626017349	5.0	12150.752361522964	20.39831114917848	5.0	581.6162918092535	30.879258196433092	14.0	26.718546336424847
1239.7876784507089	13.04167483945167	5.0	13130.03232020928	19.919686326311904	5.0	603.1047922258864	30.768978982609454	14.0	25.283892001212287
1157.8529624992348	13.244475488693316	5.0	13073.001765926268	19.799195097998254	5.0	712.4950465035982	28.6048214371464	14.0	26.780077138403236
2150.5535625295247	14.46843553577211	5.0	12367.938514922507	19.976068502419732	5.0	657.5798411098069	28.53100932675927	14.0	29.557409296548627
3387.068727481003	15.191551046333418	5.0	10953.245159633825	20.139201591851915	5.0	721.9555694104039	27.35539083804217	14.0	30.239350539911612
5455.522359003625	15.510143183889145	5.0	9323.86405182384	20.590339204091347	5.0	603.5911898759325	29.93881120791848	14.0	31.228345530747287
6553.1073303771545	15.66692617344604	5.0	8412.029089818976	20.755618825095763	5.0	545.0926832215523	30.773021577147244	14.0	31.217819179439545
6280.765577585841	15.565678021271973	5.0	8393.548693963236	20.366698615335487	5.0	530.7766697051553	30.799271751782673	14.0	29.283534029388992
3313.1374308439526	14.495102909496044	5.0	11110.19581912532	19.07088680760704	5.0	627.889467290838	28.780495811959316	14.0	29.39585321941915
1986.2549325930404	13.132024310976313	5.0	12205.192535381131	18.394797060082414	5.0	549.7384695600526	30.307890691629037	14.0	29.9041072031643
7539.556513675896	16.153143122280973	5.0	6111.04539351435	19.29805017615885	5.0	698.986667670605	27.361010945065797	14.0	29.074730789688605
11798.526016219223	16.842017832210097	5.0	1390.900867284651	22.08387861473568	5.0	780.6789273760289	26.4232006267595	14.0	25.515377861975836
12731.380815936853	16.627325410540013	5.0	1085.4384191345941	23.68316495244256	5.0	708.9133113118814	27.900635325651955	14.0	25.290300589657825
13456.121953385666	16.41882592997222	5.0	1188.5739065880502	25.237931661622554	5.0	500.260192903092	31.963323279021434	14.0	23.77051639242437
13530.150617697922	16.380744981159886	5.0	1514.6777799054798	24.742881447786694	5.0	438.96283654279677	34.43087285477013	14.0	21.4816843926169
12389.723535565083	16.398836710855193	5.0	2224.467943066139	23.015502437059034	5.0	532.6392730213223	30.698796124225066	14.0	27.1197889998095
11210.517646225091	16.132761762131725	5.0	3285.8363046459203	22.63219513535518	5.0	433.57268625991617	31.952806772164625	14.0	23.29148569157853
10578.621891871706	16.08605280877214	5.0	3715.005240364152	22.121900995866614	5.0	454.5637030316635	32.10265350293615	14.0	22.171599919417776
9124.97853872273	15.940937675940434	5.0	5188.900870142127	21.094353904908054	5.0	469.252838697837	30.536978224943457	14.0	25.735421998733887
8005.858986432521	15.705880803925035	5.0	6002.647935674533	20.579021938694503	5.0	507.7188501508805	29.829858393634236	14.0	22.419305125037912
7560.550513558542	15.861651479978953	5.0	6003.745222595726	20.425002173917484	5.0	581.6097000386494	28.55235014337345	14.0	23.332040964187716
7884.598206142421	16.124147630861813	5.0	5276.786183222563	20.839107536920483	5.0	623.1518248296961	27.56312655030594	14.0	19.471390379563683
8102.423906439756	16.32330286298725	5.0	4945.028214044263	21.339412297299095	5.0	588.2248340083381	27.264580995427806	14.0	19.616408264216616
6964.452239002589	16.12266843083333	5.0	6078.240382449179	20.969979676774475	5.0	530.8414010011162	29.340563257395385	14.0	25.064537614417908
7424.632695147161	16.51384093209925	5.0	5094.07912365433	21.604604303846394	5.0	609.1692805029828	27.538394215343377	14.0	24.184524034548225
5748.934360352079	16.28573803853252	5.0	5785.741944380216	21.533511038590436	5.0	779.2264282304151	25.851633353750856	14.0	19.211688200163984
6866.857008132406	16.934508158955676	5.0	3748.190001984563	23.429899217370608	5.0	902.2706033671759	25.37480402363976	14.0	12.555380886485107
7032.2534596621	17.072450015932926	5.0	2858.451738645748	24.981545255025104	5.0	1047.7574981766027	24.724606319586417	14.0	8.662415220002295
6771.793183723384	16.997021074566604	5.0	2730.482381588672	26.00356168883195	5.0	1040.7910451336427	24.237317380210495	14.0	19.721051180972946
6587.01687369838	16.689107001886146	5.0	2898.4469330343554	26.456775760907526	5.0	946.979802407806	24.467305727448434	14.0	14.986220495801083
6114.015092944475	16.21387444958323	5.0	3234.1115129672903	25.311825597824292	5.0	979.8802622321773	24.75529380011052	14.0	15.397282391852245
5787.7621492946755	15.428539783021046	5.0	4410.393599124538	23.72096987143656	5.0	738.9133840795392	26.736120282434175	14.0	21.21611933734322
5648.884999910755	15.03087041707281	5.0	5263.695161396461	22.704151829616507	5.0	498.5648303295325	30.42131857505292	14.0	22.27253862704304
5074.661560592938	14.687554653317008	5.0	6178.536152893139	21.925643530203324	5.0	341.05122730184655	35.296819086114844	14.0	21.810083153550632
4237.89588339288	14.49020114033454	5.0	6838.033465604925	21.177902359291235	5.0	316.7438837412881	35.62962419509726	14.0	23.771266716265504
3499.317413919231	14.07046518864622	5.0	7493.478549182465	20.557000717828537	5.0	303.53724657666896	35.38235047760066	14.0	24.88775088296012
2578.809247566538	13.356504713273582	5.0	7912.959922294744	19.931697224681894	5.0	330.5378839104948	34.141063801098724	14.0	27.802217302077118
1967.3325519296282	12.832588499560972	5.0	7831.823221593869	19.425216101774346	5.0	411.0585277915663	30.3758412841906	14.0	28.953019925577866
2244.818490604804	13.410887820832034	5.0	7012.91886536225	19.3834506891428	5.0	380.49354553326975	30.43935345209755	14.0	28.632090156282015
1395.4646866561875	12.26113846038554	5.0	7331.287506877642	18.880204042216494	5.0	363.10552146310266	30.081668137552608	14.0	28.864610136616893
708.8826736128451	10.167658293983957	5.0	7685.089549209231	18.493963823576276	5.0	394.26764393630486	28.274159880255354	14.0	29.136336672554634
781.5113482753794	10.474795698133565	5.0	7689.12805678883	18.62930301221335	5.0	277.3643594205211	32.92604248237342	14.0	27.508222743778138
946.8074912316283	11.088870363703183	5.0	7283.784965319213	19.14277796049847	5.0	261.1563268020266	33.77263914948315	14.0	29.824724744236253
1301.5711281600736	12.320899489456062	5.0	6700.4337276870065	19.921209178324055	5.0	226.6680422249894	35.523350932321115	14.0	29.38334908252442
1552.3608340044989	12.62429049877621	5.0	6049.482104703671	20.470567689543824	5.0	223.70213950613999	35.81644186159809	14.0	29.942758075156604
1551.2050144133948	12.168443993118427	5.0	5894.991671253028	20.834222288217195	5.0	203.91467773497982	36.510129293641405	14.0	25.8584835399813
1667.59772465704	12.381014073552716	5.0	5584.940794168448	21.173348402627106	5.0	209.24491016029936	37.97198963164254	14.0	21.17713413920592
1809.5126786459252	12.488485100191014	5.0	5157.415885070315	21.589910377290582	5.0	230.64089663078704	36.18470710134102	14.0	23.327926033786348
1680.0935760771586	12.021003809074552	5.0	4986.032330103343	21.480785379751	5.0	256.98372827927494	34.705137948266675	14.0	20.508147456259913
1636.9576199911821	11.967236641674415	5.0	4596.37149067043	21.783879353478945	5.0	270.1902215838971	34.7488252868447	14.0	16.142644559595535
1462.0050417999162	11.841440669940887	5.0	4281.159006460286	21.779605652046335	5.0	348.57299155821147	29.81129448779346	14.0	18.653536636662185
1624.8570052865973	12.121443892645923	5.0	4127.442571519904	22.053263271856885	5.0	335.57475379112464	31.347824270209664	14.0	18.324116373754855
1640.0814953159584	12.167904305209184	5.0	3910.039168450061	22.26763728963614	5.0	324.597721896693	31.08108742245503	14.0	20.434238045704184
1679.3354650679805	12.491187485234931	5.0	3649.7747949254613	22.54406906546379	5.0	311.9522455096119	31.60548554859567	14.0	17.906135620375764
1501.6561365553443	11.785680345300044	5.0	3595.948384980787	22.354686943921987	5.0	310.20030027372127	30.072970911707735	14.0	19.128327372628764
1632.1072294412934	12.049657939360317	5.0	3591.4005848129677	22.509670872610855	5.0	249.9043427402005	31.739684847903018	14.0	19.719079206391932
1499.2176963020102	12.056348806007186	5.0	3425.9083183348434	22.39341003662817	5.0	336.21905663193894	27.449160846697886	14.0	13.661980274632246
1377.1730589656838	12.692149531721018	5.0	3315.625337986893	22.577757583886967	5.0	431.9865043214975	22.95643408726161	14.0	18.81488438342352
1637.3637472275784	12.327176168166988	5.0	3897.754092277182	22.807297256216824	5.0	237.85425910457693	33.08165300967759	14.0	19.296040768966318
1645.6124502090165	12.223966182804293	5.0	4036.532641890113	22.738190361818027	5.0	252.5260178000589	33.03015483795294	14.0	14.046366772479065
1632.5348470051524	12.173127514556747	5.0	4147.514370120686	22.603962336434073	5.0	270.43687977546244	31.360046312097364	14.0	17.28196463590369
1587.7921927016505	11.76136210952983	5.0	4059.2723037140263	22.39348651031077	5.0	333.32395080036014	29.8531874508497	14.0	20.15616109916557
1594.337886937541	11.84164255951557	5.0	4030.62898954383	22.326459020715745	5.0	392.2206247800995	29.165150512842683	14.0	12.69989721404132
1457.871129621807	11.51532714157025	5.0	3931.243809333513	22.06853646170646	5.0	460.85360318922176	28.15428000325745	14.0	15.069081541126211
1487.4899275169987	11.727999587117653	5.0	3862.141420173952	21.956943763883654	5.0	468.2847848787587	28.075512780161766	14.0	16.08331259389276
1434.030650815954	11.393872847259459	5.0	3678.6309827964737	21.85940412563829	5.0	557.9947650204929	26.933880899144825	14.0	12.678620009588593
1486.623306296609	11.522478731331603	5.0	3588.7870963797	22.046520641267794	5.0	516.1056335483945	28.170289778959745	14.0	14.165846532774816
1481.0966837990516	11.685641070611176	5.0	3431.189908324047	22.27973663609093	5.0	458.7592114476355	28.318820318039645	14.0	18.146920398444973
1560.9748279212963	12.011101895249622	5.0	3234.550192249524	22.921426179980354	5.0	428.26117562678877	27.139866218538952	14.0	17.68133970274734
1498.6483211138157	12.328294211756244	5.0	2992.860008757985	22.909694669205717	5.0	461.8969691551496	25.61814723303684	14.0	17.40821126277158
1465.6906841126101	12.369976870827744	5.0	2916.4910544094523	23.179379243967396	5.0	417.11514285841434	27.40897660979457	14.0	18.93894805411115
1320.0231725677327	12.484686501217213	5.0	2881.299000282889	23.10256167078773	5.0	484.26457609963904	26.702981491215777	14.0	20.662758471526587
1276.451743147464	11.40310956517119	5.0	3262.2278207027034	22.80357455515449	5.0	414.3021000958782	31.01029373917816	14.0	21.74404295682414
1224.255882640552	11.556841185468711	5.0	3288.5020060535235	22.946364457474118	5.0	408.58413398712446	29.715843709722847	14.0	22.769049718328716
1317.1450436777545	12.211947880686147	5.0	3212.4235597857646	22.8409612335277	5.0	445.4107244754643	29.631659629605387	14.0	17.29334534658956
1299.294346038873	12.516876994760452	5.0	3146.215532145112	22.7885110652762	5.0	480.72005312371164	27.908420480977775	14.0	20.004750150583888
1258.5433883508965	11.910724494259112	5.0	3503.7924657255408	22.409436713421087	5.0	375.5634900305521	31.46240728968555	14.0	23.653719060913346
1179.8116515517736	11.499681011878192	5.0	3464.7585048391975	22.029811901658853	5.0	463.6125446265502	27.47221477701292	14.0	22.467948144472782
1192.852955480082	11.159773447146732	5.0	3546.587206328333	21.732603881598845	5.0	378.0540221678483	28.28462861423244	14.0	25.10701762081253
1156.467148250195	10.894798549821614	5.0	3556.988622830078	21.436099331550714	5.0	397.01879082432924	26.33374456057579	14.0	17.6501676374921
1074.8097837544162	10.62971432616313	5.0	3424.522471786884	20.932419752692635	5.0	413.03671806050147	27.432002027519175	14.0	18.20240823471537
1007.0970224118811	11.446214831169469	5.0	3299.172267800555	20.971368629668977	5.0	472.1941425317691	22.020470356403138	14.0	16.959144985742796
1118.7406475718142	11.107357761255823	5.0	3474.9569115536465	20.975535647033347	5.0	370.1243852529408	24.757557449790415	14.0	22.92765390348188
928.1561787481146	11.605770287218514	5.0	3289.5263811884515	20.791965531289218	5.0	480.7577841588966	21.301346815531808	14.0	20.45101691076272
959.8140984168723	11.775857768340812	5.0	3219.1762617091354	20.48459561643877	5.0	500.9064543031682	22.035091931624105	14.0	16.655032397228336
964.5669064854654	12.413429619407296	5.0	3008.342434867718	20.45849182221872	5.0	529.8423471691214	20.739635288693684	14.0	17.251918612668394
1192.1345928341907	12.82300467516463	5.0	2976.9908030267266	20.412885241383762	5.0	475.1072208129138	21.987624085422706	14.0	19.96944604824237
1444.5373772281669	13.248715776375839	5.0	2664.3770218114983	21.43687344850218	5.0	502.27312259041065	21.29804892504939	14.0	14.676412186297101
1470.876045850846	12.949212643237487	5.0	2592.005850604445	21.450148744031363	5.0	568.102350225193	21.660734585342016	14.0	7.305628152095484
1829.9335618349858	14.012682593117665	5.0	2099.1507498793035	22.406688890191326	5.0	609.2726925121387	21.89470503145775	14.0	13.164197901499193
1413.3537924255854	13.525619622426111	5.0	2293.9915554735744	21.685151017669785	5.0	692.2874101841173	22.14759362420162	14.0	11.5772209142653
1232.5842143647583	13.160078968236677	5.0	2265.2998140729437	21.663057639686595	5.0	737.3853297323102	22.00086249300261	14.0	10.509563579200499
1331.1037117210085	13.59155525042009	5.0	2240.7001801407564	22.137887203153294	5.0	757.7479929336478	21.612807061677717	14.0	7.850428393425591
1278.7449747957132	13.881147205559305	5.0	2132.179527625982	22.045253436921133	5.0	840.8020381041698	21.65298342464907	14.0	6.171056142309975
850.6624945159214	12.631596494403558	5.0	2385.945419795103	20.67747776368952	5.0	911.8986238009134	22.35445340660479	14.0	3.5719633736220002
1559.7224873204118	15.760653543777131	5.0	1547.5431303760188	22.817483129521573	5.0	981.3746225403238	21.885070424892746	14.0	5.864281471340843
1545.5631600456832	15.490040554141334	5.0	1681.8361180881834	22.97845558207137	5.0	905.9352109085557	23.033270772222515	14.0	10.564267399576725
1316.516483647275	15.191154694105013	5.0	1995.1491739821158	22.43563037463157	5.0	935.3850673938476	23.28472940940631	14.0	10.886049246313615
1346.0349753302803	14.693059224015236	5.0	2162.961926464935	22.925162654409956	5.0	878.4968385863765	24.190740661424993	14.0	10.958660805805732
1149.5573194121891	15.120794435032517	5.0	2248.4504712174416	22.328308960100756	5.0	1047.7749210454756	23.220430864223793	14.0	4.3186661320777775
1029.7765807485878	14.559407399455283	5.0	2700.402291015716	22.05548557963341	5.0	1011.7091606756287	23.375937936645983	14.0	4.358490357460743
1412.462447531422	16.016849180074377	5.0	2163.467711678574	23.420204186392304	5.0	1084.348695957523	22.35641104968735	14.0	3.2997259470791396
1345.7554339868805	16.395291672537557	5.0	1996.9957065766998	22.831929568269523	5.0	1181.01999856962	22.67394123424525	14.0	6.863764665412425
1277.2601641169513	15.743440668585155	5.0	2297.8537976333932	22.91798433043595	5.0	1088.9320749811893	23.02184285522525	14.0	10.859693108469722
1066.3352532278416	14.944767406624223	5.0	2202.031004669847	22.836030123279244	5.0	1167.5615491025032	22.65507935559389	14.0	7.697999287252895
897.7560573323232	15.229366892299792	5.0	2119.079891322152	22.574341637445414	5.0	1204.9413399546165	22.918916356890676	14.0	-0.3369383838033124
817.7284140382149	13.075232938713246	5.0	2225.2652638420964	22.64668798503587	5.0	1177.5395957874155	23.08232100951946	14.0	-1.761723227922888
1556.9398303263413	18.55658944246272	5.0	1005.6279264949562	25.773737859971032	5.0	1231.0708798559594	21.663163296639805	14.0	3.6489563825641067
711.0997370166	14.357414178399381	5.0	1813.870421906456	22.43825363305046	5.0	1203.5248998292388	22.91201954899842	14.0	1.8060378319877162
675.0131585736336	12.50155128710752	5.0	2133.557038325371	22.327418186854487	5.0	1062.7182920933683	23.39717184928597	14.0	5.051559117325749
572.4524990339644	11.843499823713676	5.0	2103.1869249665565	22.174986583922678	5.0	1077.129776934115	22.983807234179704	14.0	3.0838992268974903
639.8840726636162	12.33470575999175	5.0	2269.89318432072	22.160393791001454	5.0	972.9579415555415	23.78240827770699	14.0	5.913365668266383
484.55276919567405	9.727266349994593	5.0	2255.0178213184954	21.349105162771288	5.0	1046.9281819197558	24.448976533066773	14.0	3.700832423110297
660.6051216002006	14.48725396790008	5.0	2045.3928410613476	22.609460146351967	5.0	1029.242329950486	22.900227987128893	14.0	5.131052290910538
672.8148851999879	11.059043559312942	5.0	2373.9459069149584	22.272051454512546	5.0	856.884354045914	25.2415988103448	14.0	8.851428272692207
650.4314794969943	11.365252994329929	5.0	2081.2935340981503	22.093800347563825	5.0	951.5228155989868	25.203408773271157	14.0	-0.6036566707441843
627.2914243172019	12.204831395566679	5.0	1828.419139363622	22.210596067433183	5.0	980.8538981736098	24.290114168501805	14.0	4.34525597358485
941.9906701120107	14.247754641312932	5.0	1424.2403163223821	23.391021382000474	5.0	961.9978047563484	24.47807694138673	14.0	5.574980665677476
959.1875861252315	11.861223402016387	5.0	1797.1772839631344	22.92241695495135	5.0	729.6387703073281	26.431721258954287	14.0	6.031187976616017
848.4870802456411	12.587160222573713	5.0	1710.018366181152	22.685653275687816	5.0	832.8230117039237	25.263473599079596	14.0	9.996092683337675
810.7821217036044	13.454068974641897	5.0	1463.7114947564319	22.866012350540213	5.0	924.8541247145042	24.48544779239259	14.0	5.6035613098452846
769.1749254847305	12.672648443342576	5.0	1509.0051198924225	22.717086976999404	5.0	882.15665572209	24.90199946624795	14.0	5.159975402442396
962.6700281168468	13.306666815185062	5.0	1684.5452420705897	23.10838612955609	5.0	854.4208719869929	24.731276681329643	14.0	4.899764368756151
971.1599854774885	12.484010508087675	5.0	1723.9857489928331	22.91904171722565	5.0	838.0511069054551	25.80259679639295	14.0	7.434721461636803
1107.7904288960453	12.730462423444049	5.0	1820.582597447102	23.63092206728352	5.0	677.1786615162841	27.13275246202237	14.0	17.53319241198775
897.125238786419	12.189365822085811	5.0	2036.3870839159154	23.160044172102143	5.0	778.6335343609783	26.067517718941897	14.0	8.630871182332688
912.7260392485606	12.734609687266191	5.0	1715.035341919393	23.340785730502883	5.0	856.8116944784393	25.47824580028905	14.0	4.173083913287568
993.536674332183	13.233422161764423	5.0	1851.3091895581495	23.613165052834802	5.0	753.5872802711845	27.008304655416467	14.0	10.562456876562615
1063.6315836851159	13.533333075510107	5.0	1980.563528587523	24.10415723394706	5.0	752.6535059152305	26.603852404475177	14.0	11.19303657501946
1000.0505560427486	13.249063312757045	5.0	1970.694104277872	23.55818262468496	5.0	729.9672426797035	26.642109399103546	14.0	12.902542320520471
