amplitude_0	mean_0	stddev_0	amplitude_1	mean_1	stddev_1	amplitude_2	mean_2	stddev_2	amplitude_3
286.09993375431975	10.77190672917481	5.0	1060.8703026766063	20.285425868712657	5.0	273.54118066832586	23.1372602476632	14.0	1.1243341539567901
370.38779143440365	10.14941773490105	5.0	1159.912246870176	20.711176496400178	5.0	205.01857154284514	25.599757137229403	14.0	1.769022873580716
359.9037606378126	10.588770394648087	5.0	1082.34748505527	20.705096113247173	5.0	254.45675527341734	24.64810781983359	14.0	0.7238379588780366
308.5065388284733	10.509299898348154	5.0	1106.519695097271	20.49043544851628	5.0	266.7353475650687	24.46314811050904	14.0	-0.438734295301592
307.58132419386413	10.616313024785388	5.0	1124.8819472130451	20.545582988009336	5.0	274.5446596997862	23.818188715956932	14.0	-0.04326555559222895
251.83897992526335	10.003233795334252	5.0	1126.2818349626725	20.209031519991836	5.0	287.8425691171671	23.503564657777954	14.0	-1.3011534959544853
270.4017997360563	10.22928908949415	5.0	1152.0417863729485	20.399695167646268	5.0	267.15050635504787	23.457451935784736	14.0	0.13956652521693588
348.14989053121496	13.114280012291875	5.0	1000.4608520357577	21.36893510697672	5.0	292.25051910592725	22.6862827177149	14.0	-0.5986941051340038
244.15737807381691	10.599508664619421	5.0	1120.86432874228	20.387355487267044	5.0	292.26946424465257	23.185099249488207	14.0	-1.0182382629716957
213.12076199327402	10.117275295136448	5.0	1113.1106616297695	20.27266202110166	5.0	288.8395194341669	22.809385695861888	14.0	-2.814954264373833
246.8377339188252	12.041272208999665	5.0	1055.663191748801	20.32523867521441	5.0	286.9787463330825	22.219032492144784	14.0	0.6899383742567322
208.1890207874129	10.472467293522156	5.0	1133.6535171852706	20.20747029773537	5.0	269.9866633496347	22.615070133388073	14.0	-0.6585421975754229
188.72143990639938	9.21106804077218	5.0	1173.6756736981947	20.193616945305223	5.0	260.5604859818776	23.21163803492204	14.0	-2.16636280561318
148.36526963632292	9.29039578353748	5.0	1164.2063394018144	20.04636290338503	5.0	264.03984732557024	23.480305136637366	14.0	-1.0537404934813863
207.17324515391633	10.727463724277072	5.0	1100.547920275832	20.153648607626543	5.0	274.9002805680732	23.423965492696055	14.0	-0.05786878063778386
222.9500925749482	10.303848408117167	5.0	1168.4213424946536	20.21216019926204	5.0	244.39585037525484	23.538912955532087	14.0	-1.081917626447749
226.77745395349424	11.076302013571295	5.0	1123.7549891696647	20.369234803562758	5.0	255.8867674637719	22.907016244768297	14.0	-0.5803520412417374
185.3273214581616	9.23649779365934	5.0	1258.4480309722162	20.06782543722622	5.0	251.9861630830487	23.52517515812359	14.0	-1.81247744041794
164.5267972049626	8.867053299152621	5.0	1286.1010897341403	20.1272768268876	5.0	243.84452126647315	23.767343052261428	14.0	-2.0376016947062654
227.65712544408484	10.555739611416925	5.0	1212.0367183601745	20.452471744164008	5.0	227.8908501609798	23.321334743157074	14.0	-0.03106884606706561
241.4988122520911	11.29423876853383	5.0	1307.3142750848817	20.349400057597677	5.0	229.07104345118307	23.452019793969704	14.0	1.6347749286711666
178.82510952514	9.00758516935159	5.0	1344.5260098908436	19.907442050281084	5.0	227.00218170833995	24.069486924707558	14.0	0.21393955526352554
233.83793217087594	10.801822764631156	5.0	1248.5517823093644	20.13841924343221	5.0	248.6357549195572	23.474930495317086	14.0	-0.7810377515944589
195.22783700030985	9.57552433888609	5.0	1321.2866911225863	19.944771854586584	5.0	235.04433790359272	23.63677053031331	14.0	0.27287295295881875
164.3122648531833	8.27150054285	5.0	1422.4518622833882	19.467177705450222	5.0	236.15440959960188	23.964117237535415	14.0	0.7011157117720292
207.44424124944055	8.217133610602904	5.0	1488.8646709724314	19.617856860274294	5.0	206.56519814269538	25.405066040317543	14.0	0.3738793221496431
185.7700787726511	7.839882397420883	5.0	1503.8624122008102	19.53584894871711	5.0	215.2172490199699	25.73544966662058	14.0	-0.22147704275053162
200.95934264853085	7.638294418729714	5.0	1594.6879904908333	19.65764647117142	5.0	208.77771485893675	25.72519810818593	14.0	-0.5540226576986476
245.79510000719873	7.302231484931342	5.0	1602.8602189751975	19.995485596260014	5.0	192.280546780387	27.581652966143093	14.0	-0.5784316839241831
254.58363112356025	7.060617296529134	5.0	1696.634046062776	19.870480223006215	5.0	181.7931689899352	28.62647233844747	14.0	-1.7880517600570243
256.006873203183	7.00601069983122	5.0	1802.4764116047504	19.729662219581094	5.0	174.31080375311004	29.747541559335684	14.0	1.1410398153851016
262.0879374838071	7.641456198257454	5.0	1735.8265661104506	19.852693389125836	5.0	174.32637438238692	28.32410630859644	14.0	-0.4329123625936087
246.03754613860457	7.112254766422741	5.0	1867.8890347502195	19.79487129210014	5.0	146.29413230112587	30.607112609793944	14.0	-0.7882995394028396
254.7770750714725	7.040985085147848	5.0	1919.9632138364207	19.76413368933512	5.0	143.44580811817707	31.119986732479227	14.0	-0.9402973306525193
233.79908319483172	6.76111344108226	5.0	1905.4309891805271	19.72201551303713	5.0	143.94437240954952	30.85687919377488	14.0	0.0637975417564735
249.76110417686732	7.614359380375524	5.0	1804.7668328480809	20.01731477148443	5.0	160.76869295618965	28.402660611306953	14.0	0.20250069651360697
231.82349379160124	6.837257473412783	5.0	1852.7795184173945	19.88371361469522	5.0	170.80069951120774	29.069526956097484	14.0	-0.9127903633622385
232.52495159085794	6.998079122166463	5.0	1973.6041519239632	19.59471120877191	5.0	153.89984421372074	30.047411359598108	14.0	0.4035210892766144
244.5069472619427	7.4741587139909935	5.0	1989.1939631374544	19.86113944498362	5.0	154.6450984318064	30.58031377998198	14.0	0.9653625968657796
242.49419286762364	7.711821985338982	5.0	1936.1525279219331	20.011122940853525	5.0	156.97566910965733	29.707780364414628	14.0	1.0065723634338581
237.21343337477387	8.00800945546889	5.0	1910.7228466249735	20.104458514254286	5.0	152.92946725131426	28.846738872315704	14.0	2.21453269446701
228.50633189110542	8.215889724399235	5.0	1868.103434469224	20.251784116133017	5.0	147.83298636551396	29.121634811650264	14.0	1.583538308446184
271.35128345139253	8.763981090267185	5.0	1911.8236147145938	20.379385345120465	5.0	152.8576631365155	29.142229742951088	14.0	1.4014667867084498
242.608373624723	7.7491398697983485	5.0	2016.5472644172019	20.324279683740187	5.0	138.3837062764062	31.185478603072514	14.0	1.5199093634962035
273.41494735356486	8.174066844450888	5.0	2043.1167684274787	20.603239915696733	5.0	132.62470981116567	31.23480756254695	14.0	1.040872170612157
269.1729233816199	8.637209639296143	5.0	2023.1679006499996	20.59729574491536	5.0	132.94278448420079	30.683547082650744	14.0	1.9472444042669501
271.89068287621444	8.08713085216142	5.0	2040.6870420926266	20.791026442916095	5.0	106.88433527455292	34.578941289541106	14.0	0.9092161734797369
280.34340109887523	8.372833538319487	5.0	1991.4713833893602	20.70819441359789	5.0	111.87612070081177	33.82659246538462	14.0	1.008544516471994
273.31607765503605	8.46648239164307	5.0	2083.941139361677	20.680584396860205	5.0	104.4037454754713	33.916978709173456	14.0	0.7322466371646011
300.39760782914936	8.93160934250091	5.0	2079.3283984775107	20.910405218180276	5.0	98.28275855563751	34.761469640989006	14.0	1.5046705036780998
290.7879405325627	8.68653838033664	5.0	2124.8652493348814	20.951429800178097	5.0	88.2797310092873	35.76189846349851	14.0	1.9033890969445062
324.6213206903225	9.066568020795131	5.0	2115.084486529437	21.008069964348003	5.0	82.9357287273561	35.46130902511738	14.0	1.8926386100187913
375.767028176355	9.725865299815588	5.0	2087.7697456716114	21.27203077232397	5.0	79.34770985998915	36.7220021413067	14.0	2.321422756011497
310.55684743046817	9.337526142352077	5.0	2009.1591955493732	20.717135580029854	5.0	143.42385694597272	28.17229694382496	14.0	1.9826225165211262
365.4787718552907	9.655114031764004	5.0	2027.0508734869304	20.83174201082163	5.0	123.30993250058914	29.565723184693617	14.0	2.694853992761093
446.02994822951797	10.195162720335997	5.0	1957.664850500857	20.828264625744644	5.0	120.39530598470236	31.125263552913484	14.0	1.5992359270150924
461.52799981124684	10.706834270731514	5.0	1826.9394336403645	20.62911996515378	5.0	165.35146020677868	27.105950744279017	14.0	1.6966291266198559
470.40017389596727	11.087434308613053	5.0	1682.0828486454016	20.652987303725535	5.0	179.17802093512017	25.78963892900374	14.0	3.096769718980184
511.594476116481	11.954226857163931	5.0	1603.5341264377191	20.574889284865215	5.0	216.12617126436112	23.973608752361802	14.0	1.5650891726304015
484.9470126877074	11.725633052395409	5.0	1617.3501609487464	20.26391456056814	5.0	211.21657891026894	24.20881850360906	14.0	1.4487478508425198
451.37830983498816	11.333193699500592	5.0	1685.991434963058	20.16000625733569	5.0	184.24646439895315	24.65118378688705	14.0	2.254030693452407
460.07892024401474	11.774665153360395	5.0	1617.0427596083566	20.191580610769137	5.0	201.4368670112468	23.58629630825893	14.0	1.8835504759992077
410.0990492142348	11.700932223648485	5.0	1597.638250690295	20.07485320676648	5.0	224.2708907947579	23.078906167316187	14.0	2.223850287023107
475.46585479865996	12.471450584227739	5.0	1499.7518141020798	20.318916767861474	5.0	237.95526691284073	22.615815614823006	14.0	1.6830066435360014
461.1717126087115	11.882454024627743	5.0	1551.857080386849	20.41731364378868	5.0	227.8758824772615	23.49687320356977	14.0	1.4048914330289648
551.2343284993965	12.315399890982258	5.0	1513.73742928571	20.620271475044586	5.0	207.97595520142184	23.443537130037733	14.0	3.337771713202381
541.0590621839495	12.288565189112376	5.0	1509.745390190403	20.68095910276337	5.0	234.0365201281071	22.897685035044432	14.0	2.279071839372302
543.5089251497263	12.3722079474929	5.0	1504.7215868500798	20.577520846433593	5.0	244.24447920259988	23.114393136406424	14.0	0.735878985166178
465.55355393912066	12.20369712316625	5.0	1567.305255071807	20.09794971806715	5.0	267.28187673174193	23.182450034435167	14.0	0.6458928579943085
515.2103931509218	12.325297437721035	5.0	1539.8582816959274	20.19678381700514	5.0	249.82896328722583	23.04330319912118	14.0	1.096123422651591
581.8227747064474	12.929890587963538	5.0	1492.4376599023587	20.34339500714711	5.0	248.90173429078592	22.721612003994593	14.0	1.7879716366522016
711.7937613394682	14.02045959644812	5.0	1308.83192997504	20.745178554302576	5.0	263.1888845379178	22.067630713545324	14.0	1.442310629059789
614.9312019570164	13.372096954637124	5.0	1396.2698507623347	20.250244421164997	5.0	267.3309834972954	22.551932384834945	14.0	-0.17308165319009758
679.7385277379226	13.597687794404179	5.0	1395.53167845243	20.525203685251384	5.0	258.74403401392755	22.403266739691684	14.0	1.2660287516847215
703.5043613646707	13.910942566623964	5.0	1324.7195464288584	20.588740999823756	5.0	272.89108281745786	21.682235564715924	14.0	2.4105712946475593
603.9047356388959	13.4573022282615	5.0	1426.956659660787	20.097899450573728	5.0	289.06515229187164	21.895508240280954	14.0	0.28167593929329976
632.801497279845	14.03321118051493	5.0	1359.8709141644215	19.9752447599348	5.0	308.96735191581985	21.684532980120064	14.0	-0.010907184205723005
539.6789581202968	12.561555672905989	5.0	1438.3523458188013	19.86837802680501	5.0	287.81518683522467	22.012108252673777	14.0	-0.3060892028042088
554.4112419986083	12.764566039055161	5.0	1427.6189569581275	19.872080835763946	5.0	280.1115347607736	21.78875762623597	14.0	0.5530916571593997
369.0466497521213	10.028800528451308	5.0	1712.4700630307066	19.340386702165482	5.0	274.82187337505667	23.241665868060696	14.0	0.3542998746637063
455.9361628323496	10.733283559838373	5.0	1633.7347307561347	19.40141581798847	5.0	270.50355649065176	23.027614069613065	14.0	0.4066592582959569
551.3983448205583	11.863035060090821	5.0	1510.0009380479512	19.589242124838655	5.0	288.8813808492882	22.08623909611584	14.0	0.5112779725686627
595.6223363231129	11.412926112166733	5.0	1600.4175501019583	19.74068541259669	5.0	262.8379647708847	23.02064309166866	14.0	0.5955230185959411
675.7262110482443	12.173765123734816	5.0	1445.3623692291376	19.845607026635307	5.0	300.9899158109151	22.11163009613092	14.0	0.9178906046386096
646.9246401421285	11.534642307526306	5.0	1461.0918946289228	19.771126868498015	5.0	297.32430857455665	22.748583431059174	14.0	1.2714860987088001
714.8489060809502	12.105066719749017	5.0	1378.9639470284537	20.088309770195764	5.0	312.3394322549206	22.58491439900135	14.0	0.15455225184146307
706.7325066749902	12.535914009173446	5.0	1314.4008277724256	19.901751122109076	5.0	340.81255963290397	21.8704105772703	14.0	-0.14638007533339345
773.1375035721923	13.019557465069905	5.0	1224.388524816333	20.176377852791326	5.0	345.551276498625	21.848347691678562	14.0	0.10132540729642926
739.7381049756355	12.290310575408537	5.0	1285.2057727758415	20.008056996260702	5.0	336.6753182472444	22.015710080578295	14.0	-0.30862190255952276
812.9936487256108	13.06731303714773	5.0	1131.4754208025374	20.448769194175966	5.0	348.27653636198573	21.471421499984288	14.0	0.21769504888479532
752.8142501979413	12.479482984720649	5.0	1214.416506031392	20.230456959701705	5.0	338.5965286609522	21.894420825356153	14.0	1.226442622016611
688.6328988257061	11.586946454907572	5.0	1355.7156044724293	19.891368605628653	5.0	337.46941914438685	22.58890458460938	14.0	0.20186424962389632
835.8235848814259	12.645347663461436	5.0	1234.0981255535867	20.88216872562716	5.0	363.1145364887538	21.554536856079352	14.0	1.0792521019928112
843.2114204562974	12.862871294655685	5.0	1265.3259101623119	21.17338202781659	5.0	386.5891540635406	21.503282647744243	14.0	1.8494466258486448
850.3763140690706	12.688469246098817	5.0	1360.6493010263678	21.18098510040277	5.0	414.6251052136176	22.205857609604955	14.0	1.6540459274769002
1008.6637174401146	12.964798899612086	5.0	1441.4935498942384	21.85142476299386	5.0	414.8135344541717	22.64146331973162	14.0	1.6606580833769418
1070.3526111494555	13.177062047001701	5.0	1402.9922495150352	21.63545875273242	5.0	460.50306060571353	22.933047601752268	14.0	0.4430393397817399
1076.537050951437	12.683816629880733	5.0	1523.0218890947162	21.284948491298014	5.0	446.9330595900123	23.51497252517789	14.0	0.9378644362169711
1050.998129179851	11.444583771998944	5.0	1664.85278823941	21.0614080983769	5.0	384.59997632444043	25.25069103221375	14.0	1.7386447436687553
1120.6682189378002	11.775595308775612	5.0	1582.9641306117617	20.80334027011979	5.0	418.1250147674668	24.188252887026767	14.0	0.12664033822163068
1216.5860675096746	11.96085311420571	5.0	1490.5177962362109	20.6140624896474	5.0	406.93803582252116	23.61051630914741	14.0	1.160130033169864
1413.8611271686227	12.124557650863306	5.0	1343.7482514151468	21.269893841316254	5.0	359.35540569166767	24.15838898781096	14.0	2.601220190035572
1392.654806343878	12.123713960395733	5.0	1308.7586322623654	20.83630355784643	5.0	397.60761839285476	22.845078558326836	14.0	2.1146887811775583
1323.5892757735128	11.607291187184195	5.0	1440.542267746608	20.149790850446056	5.0	377.1651299212898	23.4006790546176	14.0	3.24329261085365
1292.0750871494577	11.478388258760797	5.0	1402.0343343630575	20.24176673425224	5.0	384.35854173921126	22.859269232278557	14.0	3.695120910161641
1144.843701998599	10.974855424027359	5.0	1467.9641100869792	19.730875336535895	5.0	434.3970768511938	22.80475899077047	14.0	3.5905165496676896
1114.699957533951	10.338386082704769	5.0	1590.3216308646759	19.873922006384063	5.0	420.14614866646605	23.270036674136836	14.0	4.575930384126213
1116.731662607176	10.34818865474881	5.0	1451.2946475068097	19.678173930025277	5.0	479.1898591767156	22.27361289142285	14.0	6.043187553303919
972.2024211227765	10.664672473875145	5.0	1313.4556995666226	19.256107918507535	5.0	581.2290298994526	20.629980639426392	14.0	6.8511460593864255
775.0612174222481	9.615831809536902	5.0	1338.9653123834798	18.372648051793732	5.0	599.2661734430945	21.10736141659101	14.0	8.027239549445879
798.8197281670905	10.014695466126623	5.0	1233.439252706372	18.118958589855815	5.0	597.512389753289	20.59892622341737	14.0	9.99722775283645
910.0610578546193	10.883958550376299	5.0	1104.0122945123996	18.88223169644877	5.0	580.3958816225779	20.18842228118021	14.0	11.738049590297253
833.1625674155023	10.986757701380228	5.0	1094.5677158107592	18.729147802358526	5.0	577.1163276199538	19.81669845693501	14.0	11.077981694459055
578.7937217821523	9.00297168190344	5.0	1378.7158915719779	17.56928601582572	5.0	544.8056412244543	20.757254912481393	14.0	7.730491011308953
639.075206029116	9.941626649240668	5.0	1338.4279078922862	17.849385441848373	5.0	570.8651418450116	20.64452106328936	14.0	7.338198515055044
703.6314082726416	10.793173375308912	5.0	1286.8813298181142	18.21684873986214	5.0	603.7896181525342	20.50970983699317	14.0	6.123224374229041
528.8531796187075	9.236781245058626	5.0	1337.2760410838837	17.81716950171121	5.0	543.4015744823906	21.182935446653158	14.0	5.499004293532095
496.1404805407022	8.79458109620343	5.0	1340.9945692474691	17.76903278225838	5.0	487.4436124770482	21.652470071521627	14.0	4.8803873632920896
446.67572092955845	9.257025829914332	5.0	1390.6587825602628	17.902846162642405	5.0	556.3693147683506	21.39468385603208	14.0	3.515939363659439
593.308494095624	10.139208001927111	5.0	1332.86356862897	18.43906363467867	5.0	559.1217025682694	21.5288996712865	14.0	5.170397388730608
520.5029145535166	10.66342601908679	5.0	1335.2232219126363	17.969201284564093	5.0	652.0113431261689	20.827460763192903	14.0	5.02847328595685
637.3273636742108	12.187837109484757	5.0	1200.7456755108688	18.858017403521902	5.0	689.0791526989412	20.07309138320432	14.0	5.551757472170607
613.1842709859112	12.348770601539195	5.0	1127.8978078168582	19.178592914437473	5.0	695.9621490858711	20.020900776338745	14.0	5.157912371149064
356.1357120762064	10.333051060624115	5.0	1232.5189820110222	18.417720292794332	5.0	705.3474920782843	20.4294157676149	14.0	5.503298257927946
306.18613672863574	10.311106169325305	5.0	1203.340769735284	18.77048095740519	5.0	699.6839574763561	20.30982385731401	14.0	6.811000913843208
261.2747701542754	9.243453696702689	5.0	1255.5519501120784	18.7827402428194	5.0	729.5160998738522	20.74048210757407	14.0	8.0503665004072
282.52050575011407	9.652633505425051	5.0	1258.6322054593008	18.998353493750596	5.0	770.7073304387873	20.906044823877778	14.0	9.60412884583644
292.0861392853108	8.687332175289765	5.0	1232.6678460778292	19.193829613594584	5.0	692.9869613795587	21.189335654791716	14.0	11.880621564543931
333.98430046359164	8.39321322820823	5.0	1223.5028058438393	19.326643183716744	5.0	681.9026238461277	21.53462258278857	14.0	14.105220589683771
273.4045647420856	8.673893695416055	5.0	1239.2519692713283	19.10528731134895	5.0	771.5002509854214	21.024046029091938	14.0	12.65597282098457
234.7330655611136	8.689128582159123	5.0	1274.6621182511242	19.139821027418463	5.0	799.6224256237325	20.706319561369057	14.0	13.52040765680763
308.12190830563054	9.750166917083996	5.0	1251.6726130003344	19.214205342502872	5.0	837.6402777329637	21.02754702825265	14.0	11.300113517801254
350.77012485661436	8.616894172711326	5.0	1319.7127787808379	19.06136828490781	5.0	779.0136307561875	21.533843884615532	14.0	10.798301796630945
385.24355550253426	9.101277349028381	5.0	1284.3056135959255	19.215980037514118	5.0	765.036287679076	21.411450347983685	14.0	9.527853887311139
426.9060705844058	10.701350890490808	5.0	1235.9813134939327	19.57231758038691	5.0	816.2463667327382	21.39624285302202	14.0	8.99299758364252
410.095492903777	10.077435717951357	5.0	1354.7896162778127	19.41243837475946	5.0	813.9403725965326	21.628655785215724	14.0	7.9708183933027215
420.8457468205527	10.494536469419696	5.0	1296.9637161422315	19.66707120551633	5.0	861.3104658157647	21.579089041160866	14.0	7.742361846071504
429.63064353834505	11.658352814545285	5.0	1230.8836693836301	20.127865597957182	5.0	959.6378082563311	21.422254712079663	14.0	6.914662470434467
486.1054306533895	12.474359137656975	5.0	1120.3666095006313	20.768711570313926	5.0	979.5560909973374	21.665074505694097	14.0	7.053391607348703
552.6266077932625	12.966308593667573	5.0	1164.4763135147118	20.87622123272452	5.0	952.6339338767062	22.090083400872082	14.0	9.649581118978892
536.2274255060396	12.621335223272022	5.0	1266.3411647498526	20.822382806888175	5.0	925.3540199649475	22.85193328225552	14.0	11.089865854680006
793.9564433426527	14.308005226732659	5.0	963.0648457714387	22.027619802644683	5.0	893.246439725692	23.133497750175867	14.0	14.636351665737822
837.2791609492542	13.73039012294136	5.0	1199.1823346707774	21.94897163600035	5.0	795.5662502944663	24.596065672432946	14.0	18.77413258999889
891.729942019117	13.397778104175812	5.0	1279.9830806509935	22.294171880503367	5.0	709.0569335630279	25.420144234771765	14.0	24.198287587978744
950.5260429598682	14.181600763272598	5.0	1145.6840813282008	22.59951682031235	5.0	739.2858132648876	24.70562594666125	14.0	22.54904522738863
812.6263109441987	13.809200087076558	5.0	1220.5729887644509	21.848359549305027	5.0	748.5923621560067	24.822596828808503	14.0	18.28828069453608
819.5524325733172	14.036039576906683	5.0	1214.928700867736	22.09787409429742	5.0	715.0089937134445	24.807746219968713	14.0	17.402366693815168
1074.0522698668597	15.13605720745132	5.0	878.8489332869125	23.89828132595983	5.0	695.1796997122201	24.30979374629692	14.0	14.604880124600548
1057.9223506950316	14.9084513468695	5.0	908.9170032767912	23.969257697459398	5.0	686.1907401735834	24.266131023473385	14.0	11.462454061123946
1066.7668215906424	14.95969073348112	5.0	912.8546419992326	23.6972649756841	5.0	715.537031849348	24.388380884308976	14.0	7.556268257436359
1160.613280004602	15.190604817752645	5.0	796.513360307441	24.525595184282768	5.0	707.5002292652067	24.14264585178058	14.0	4.901550515318559
1242.1582585369927	15.596155560803389	5.0	668.148731175056	25.12083365192616	5.0	726.1817868586279	24.203957627989002	14.0	3.8360185088935377
1206.9473964676604	15.462408981108235	5.0	701.7335485373573	24.572012387932332	5.0	714.6549860582868	24.17701641750844	14.0	1.1113698507193879
1251.6397213918956	15.93506169651104	5.0	630.5732261219667	24.292721916061577	5.0	689.6225436450309	23.62399584857823	14.0	0.18619958075560253
1372.509535706203	16.429878970865634	5.0	552.8018930810463	25.140356857102415	5.0	656.6611259472464	23.255836033199895	14.0	0.39968226222230996
1464.3639020332685	17.023312363114822	5.0	527.9253951613462	26.437109384454438	5.0	636.2637748633081	22.977022750318998	14.0	-0.2599888218234224
1537.569623065844	17.47845824581427	5.0	487.0002078227378	28.152146499110295	5.0	596.5597636117132	22.57128940845692	14.0	-0.42845999662532447
1511.7871920277494	17.56396238445791	5.0	568.2344243729834	28.357070667470975	5.0	577.1624964726531	22.522048793890942	14.0	-0.980645617523405
1481.6159826507414	17.444746300058814	5.0	735.6837199831617	28.317959708614456	5.0	539.5942887558257	22.6065506607273	14.0	-0.635922068168798
1439.8804539773867	17.269081045564473	5.0	912.4214806189718	28.342149274454005	5.0	492.22447595834007	22.611744686873134	14.0	0.4154895814776579
1438.0686862274886	17.439309994119796	5.0	1109.3315063981186	28.63920461483742	5.0	425.4485233825626	22.206638484005722	14.0	1.4973543154554412
1424.7623837984477	17.329263890778453	5.0	1262.0472567632605	28.513530611868976	5.0	384.5498482918336	21.79691009319196	14.0	2.229919658898882
1373.6153169139218	16.90407245070204	5.0	1488.8556224224558	28.03395900449054	5.0	347.84583619048755	22.286543254547137	14.0	2.768744733054313
1375.4874979853987	17.151754210064873	5.0	1442.0693219368866	27.882011633604534	5.0	350.3555698675161	22.3327890371365	14.0	2.3183316625955066
1373.753281262865	17.091625680780766	5.0	1515.0375368048728	27.513068886865423	5.0	314.5561594624756	22.579944380330257	14.0	3.789910084690886
1306.4841217862433	17.074912539639268	5.0	1576.7365943257612	27.482360784826465	5.0	280.894496269147	21.561714825729574	14.0	3.7608902567402502
1323.773034488432	17.14716563978204	5.0	1521.9394147398216	27.193817877010726	5.0	298.51705213398776	21.72276401922502	14.0	3.4999378762875195
1411.8749608183434	17.332902269964556	5.0	1552.8668683684477	26.827023673013308	5.0	313.19673114547203	22.047406737282785	14.0	2.9504524478034173
1500.5866714086155	17.277618535969406	5.0	1707.008678876618	26.704360504014872	5.0	314.6480765526279	22.24529394583192	14.0	3.5292182889123405
1465.1092918322283	17.33357302230464	5.0	1885.3142970457898	26.51842301658823	5.0	329.36371980821565	21.83504406689504	14.0	3.6278275655998105
1633.5469348199567	17.77756930399484	5.0	2134.7439545540647	26.45357016352508	5.0	332.09833324655204	21.430586477324006	14.0	4.522328159172464
1474.0999343779692	17.20999870356229	5.0	2765.3570736791885	25.80157426842346	5.0	347.5471794832166	22.125081145588833	14.0	4.902744946651994
1267.4893057198597	16.870522523810433	5.0	3143.9131259916185	25.29097900390724	5.0	389.9980269733799	22.880190494601162	14.0	4.662290472082913
1507.5726427477525	17.70750375491559	5.0	3168.2691733552924	25.439960588254827	5.0	399.9138703722524	22.242049496677865	14.0	4.924789760944493
1429.7392460804679	16.829676870082682	5.0	3630.345369119273	25.038145691011394	5.0	375.7307638965825	23.221993885006146	14.0	6.396164647731806
1376.7575674723917	16.915404360016606	5.0	3774.003218334813	24.663486403332687	5.0	397.58209060070817	22.73332896888739	14.0	6.842055567752557
1536.7700481887848	17.169288587495828	5.0	3912.757381997345	24.566659091658423	5.0	398.3200564020477	22.317330571423362	14.0	6.850826385553964
1248.51369972149	15.958339866448297	5.0	4819.9154819635805	23.963173089940867	5.0	344.2781125882877	23.39421781483155	14.0	10.20929451599892
1161.4217104699662	15.246688283360697	5.0	5623.772596326131	23.723798028471073	5.0	310.9294297684888	24.22487903142108	14.0	12.017527784394762
1325.0717378800414	15.831103783053964	5.0	6140.580853244416	23.754093116052413	5.0	309.4253612302772	22.94332277512278	14.0	14.446767058954329
1371.410140847535	14.464180724090362	5.0	7498.78851378132	23.705224034490833	5.0	119.6928051371025	40.0	14.0	15.68437710474211
1519.4203447700593	14.275598041797956	5.0	8014.641402634711	23.684530627269474	5.0	121.4743318094733	40.0	14.0	16.476764387277132
1594.0650370752662	15.096870578973114	5.0	7898.628638134281	23.592395187871897	5.0	252.12047147659158	24.231907144273077	14.0	21.009068663321322
1734.2602472876254	15.345211326401218	5.0	7819.515961633585	23.560111552177702	5.0	317.41995783247654	23.976075400554727	14.0	19.20281142123592
1879.541926328929	15.374591051261591	5.0	7625.928650069909	23.45212709198614	5.0	359.5916348977695	23.24658680616326	14.0	18.300001962678095
2021.441092673497	15.870590132936012	5.0	7359.291497767926	23.471978404823428	5.0	403.8011237536467	22.493899720928606	14.0	17.563364132210815
2090.203950126552	16.272333378836876	5.0	7087.348014828225	23.448050436665742	5.0	468.1162605920649	22.15147196520415	14.0	15.311179515432194
2499.803149209511	17.11415339329741	5.0	6592.320819050354	23.507875674020138	5.0	519.2449372402215	21.94174417707238	14.0	12.296275687745043
3091.8973272062162	17.90225566052362	5.0	5960.293501025799	23.70422798346977	5.0	514.6896321942544	22.237401575469683	14.0	12.438317131898392
3180.879404405379	18.219186125190703	5.0	5776.207284160499	23.482078011869486	5.0	580.5880050987238	21.856808872302345	14.0	10.92143400715056
2232.520624388483	17.39660859235177	5.0	6604.518606570988	22.82285258669103	5.0	661.8476216637758	21.940292341901053	14.0	7.010417161615278
2124.262549028686	17.04553288907249	5.0	6919.461756155864	22.749678077311543	5.0	604.9639599415756	22.043670068954462	14.0	9.168343541523157
2354.8984816964366	17.293205400231543	5.0	6605.572364611661	22.859314103821507	5.0	604.3218428752283	21.745370053674154	14.0	9.40004161249689
1487.4491129518153	16.253118968737603	5.0	7073.498526034237	22.314597749261047	5.0	681.9808876879142	22.295238112935966	14.0	5.355646692116518
1798.9980161937951	16.595015600225405	5.0	6684.4364270912165	22.543032027021887	5.0	681.2152213414871	22.07037922520974	14.0	5.02081419639574
2542.740907127056	17.205670416418243	5.0	5960.0661339270455	23.038517340133932	5.0	639.0166733610971	21.796454498490547	14.0	7.397683411499081
2104.1414524367224	16.49689231633712	5.0	6376.50796964098	22.666749641540026	5.0	647.6568393530189	22.444247966558116	14.0	6.7946605734130125
2299.4248294169747	16.63699633243325	5.0	6260.325107136471	22.705688140255827	5.0	651.3798465852726	22.482669290386525	14.0	6.631767532447968
1983.4840687515036	16.31434052336364	5.0	6686.958312847877	22.506225606536415	5.0	673.2196272689549	22.520866626050832	14.0	6.80882485670598
1601.0494282630682	15.711583256052375	5.0	7093.383652205784	22.255810776650957	5.0	681.1193507459703	22.79099046130894	14.0	6.451691397361265
1393.1856533383914	14.955672250507396	5.0	7407.394382137994	22.250319495855134	5.0	656.9502829178288	23.259998347876653	14.0	6.379058329456311
1579.051871500512	15.260621504962305	5.0	7304.364730921676	22.609219620249412	5.0	658.1287292673977	23.033478828118582	14.0	6.843146976337311
1546.9259053685478	15.126382564805635	5.0	7294.666133446424	22.68946071710279	5.0	680.9461668250342	23.20074458482566	14.0	6.2137826214764456
1508.2351245702105	14.820133527216313	5.0	7418.5878393827015	22.877516914349087	5.0	655.7864365500351	23.565519879710624	14.0	6.329081053726841
1688.4689423810619	15.42992071268319	5.0	7153.807143980083	23.14908657345055	5.0	658.563912873374	23.342760263771588	14.0	6.443284257556994
1717.468405536723	15.429890459843044	5.0	7157.0590445825965	23.155978394529352	5.0	712.0715554329593	23.049822239939616	14.0	4.005380033528218
1918.778584425605	15.63329074783452	5.0	7023.801858467882	23.320693306146442	5.0	737.2903971280143	22.9372924240552	14.0	3.26582966162184
2008.3431406800717	15.368191816123366	5.0	7058.516397751915	23.388896641636357	5.0	689.0298014575106	23.478080924130236	14.0	4.155786985485089
2002.0092665971363	15.281017629451808	5.0	6925.75685162865	23.396803984092305	5.0	741.0651157873488	23.45208141366105	14.0	1.5951731102088305
1868.994395684225	14.694588315710954	5.0	6830.197869239005	23.12942626739905	5.0	787.1659973698828	23.973813630135798	14.0	-1.0617704319712364
2305.6654754502197	15.531468538993373	5.0	6253.159009777379	23.412419684854914	5.0	804.1688415979387	23.46105197214246	14.0	-1.059524848842329
2645.582254393513	16.0773756281533	5.0	5633.976619319453	23.724645072499516	5.0	849.3057604538358	22.99742207599814	14.0	-2.4367096111137534
2685.235525506722	15.775843777829595	5.0	5398.499805048907	23.609143017908842	5.0	836.990588682014	23.616960521521158	14.0	-2.2188624929562755
3425.442378398215	16.614737410741537	5.0	4653.022937444231	24.27946563626723	5.0	825.1606909653735	23.12906022531297	14.0	0.14027168931383985
3849.2540825873625	16.60374697094243	5.0	4522.584436284146	24.82346491511515	5.0	741.4651119323748	23.045712342750196	14.0	3.8287959242525758
4029.314668231969	16.760522945301698	5.0	4211.271598262924	24.843724746199236	5.0	785.4604348837595	22.98552193375064	14.0	1.6484516504279343
4360.700991478986	17.022163515010625	5.0	3699.061198019032	25.406324468258816	5.0	781.2128419847273	22.84562264386612	14.0	3.6455607900184375
4654.406726950281	16.850382644603044	5.0	3637.722049224003	26.13993160935839	5.0	650.9149288472072	23.329297987705832	14.0	9.122743959615233
4992.466899858545	17.079025176691054	5.0	3273.7784691406187	26.841663420920202	5.0	635.4274296341853	22.775862116758617	14.0	9.305932087143717
5025.015360154082	16.97291181203799	5.0	3057.4338693067953	26.973546379449164	5.0	598.6905715590894	23.518662534413448	14.0	9.037360930298123
5096.663192876991	16.841831817618434	5.0	3001.6015798247863	27.269645497191394	5.0	533.8778705117244	23.793488192294298	14.0	11.506482953154707
5082.619307059607	16.86451698037423	5.0	2902.2263771855846	27.658298520874226	5.0	518.8272921236745	23.43632058384914	14.0	11.300703782901866
4959.826653287332	16.813093365887845	5.0	2880.316626532952	27.87699473965297	5.0	484.1206238185335	23.371775286359927	14.0	13.001030398852828
4935.365363165097	16.77766282647156	5.0	2794.5222732983752	28.232873977559684	5.0	467.025511006599	23.080166926091234	14.0	14.024173626452102
4758.592691755509	16.692176681922863	5.0	2787.862480362093	28.264305421679843	5.0	511.4062887031155	23.520693035578564	14.0	11.933817273381623
4277.277514348584	16.431492673762452	5.0	2827.1864435849784	27.923000502171536	5.0	568.0700309475511	24.201561375215764	14.0	10.939468376520582
3862.926732863696	16.146248514429782	5.0	2863.098887600265	27.830118476964014	5.0	618.4312117397124	23.892130472908327	14.0	9.137720028462999
3663.1378844469646	16.04378289268639	5.0	2813.3482190777117	27.857848564547993	5.0	663.3110290046579	23.17375502125433	14.0	8.082512843563409
3412.814817110958	15.897409497846448	5.0	2753.5888082610013	27.596756769902935	5.0	697.5207845980431	22.875645738856388	14.0	7.089900706778129
3187.375658622672	15.815685613873539	5.0	2894.146915077302	27.687086025664	5.0	719.7599096742664	22.130098680732242	14.0	5.591940852307568
3119.1870428372836	15.597221529979599	5.0	3032.737173162168	27.751436307791796	5.0	669.6047747795243	22.05619654659337	14.0	8.581138192036914
3086.1627478818655	15.354775268985717	5.0	3085.0024651551776	27.87700601103546	5.0	651.3197479193208	21.963356358015293	14.0	9.757484231499644
3025.6008571390703	15.202316248741738	5.0	3161.862216553473	27.959282244711073	5.0	659.0327905288827	21.878415901376634	14.0	8.95801717254419
2930.3548279503766	15.292065608558413	5.0	3136.1984709862986	28.069337294263015	5.0	608.8646759655836	21.509392559102185	14.0	11.325903768362483
2720.573669626736	15.297376636558326	5.0	3072.2587594442343	28.067077039152597	5.0	599.7184853272739	21.097274686577414	14.0	10.996309053049519
2523.887176827339	15.012805448121854	5.0	2905.558429709961	27.99423546708451	5.0	635.7171787618215	21.370933056225255	14.0	7.671105986080204
2358.6637102897776	15.213844454934913	5.0	2723.933454982258	28.07213997142374	5.0	588.3970867077088	21.537349012763382	14.0	8.172717072174668
2131.6445135167273	15.270738193407675	5.0	2612.3020542038284	27.982190128985614	5.0	570.1101466594087	21.796949846313495	14.0	7.834535202831751
1985.849435947802	15.131230680093847	5.0	2415.7109887605893	27.983694127530477	5.0	559.4989109385103	21.96708585173087	14.0	7.866544932911439
1968.779875140626	15.341297597774254	5.0	2274.0156414100916	28.179176341320737	5.0	521.0569456958929	21.787530177016585	14.0	9.062769340939145
1836.7510450493785	15.841027139640016	5.0	2230.7065409305237	28.384860873695892	5.0	579.2844253007293	21.099090016854095	14.0	6.282697050030965
1620.1164761508385	16.04268727619625	5.0	2026.4142480204998	28.53456068260072	5.0	667.2798108431593	21.19559054267326	14.0	2.700114710989358
1590.340370441205	15.665836589019875	5.0	1935.9880142692964	28.48930282707004	5.0	678.5070108179883	21.846014171941224	14.0	1.5274019686032434
1643.0933013775946	15.66725923988616	5.0	2000.801693472927	28.62219659356271	5.0	657.2067163988996	21.681657785545887	14.0	0.6277660012506754
1575.5844743051762	15.596470645026763	5.0	2016.1868924063847	28.778571282097435	5.0	631.2291991549862	21.541633119193904	14.0	0.4767246772920564
1489.841037881756	15.545005030918572	5.0	2087.4471517459533	28.737371760015183	5.0	603.3967471057803	21.468057377612013	14.0	-0.028954360658913766
1384.2766648554532	15.684098978260657	5.0	1908.3368874455655	28.81599911330015	5.0	624.5172169735816	21.329049082985787	14.0	-2.805318935414703
1224.8212265681254	15.478108942841521	5.0	1773.653558097516	28.819692178606374	5.0	633.6220636036272	21.881247202870412	14.0	-3.5568787629076284
1070.0602957485773	15.593007654976393	5.0	1632.4015846888808	28.5182857356794	5.0	653.7449922286291	22.151154439251343	14.0	-5.100212736125354
1103.3829135070016	15.640643130799335	5.0	1599.124030748583	28.223452752429495	5.0	581.6366145656281	22.376319347250984	14.0	-3.1379475486357435
1161.6401701290663	15.535282406766083	5.0	1650.0163939585434	28.01425777894579	5.0	501.58320284095527	22.629448475814126	14.0	-0.6504926674566323
1053.8872652903563	15.442668792502818	5.0	1715.2179835400075	27.236699002542935	5.0	527.5549035662833	22.680417879539423	14.0	-2.425925071504044
1101.0958544419143	16.03238305643594	5.0	1737.2508546322185	26.956079871231736	5.0	534.7970761950262	22.552875288310947	14.0	-2.9649217949424034
1261.9800716303	16.145964079432076	5.0	1842.8188518453776	27.228982080275784	5.0	504.3118767260105	22.04692415062644	14.0	-1.5638916614014526
1210.8855587628175	15.48376725235101	5.0	2025.5040687001108	26.59343175787368	5.0	576.8565911933715	22.70850882718154	14.0	-3.627247616400803
1181.7393727888511	15.412618398371709	5.0	2045.440416141124	26.52199784765908	5.0	663.5224837510516	22.713292131299422	14.0	-5.769291347774554
1220.5424184302233	20.0	5.0	1421.8995966878429	28.296933854080056	5.0	1059.7633895938413	19.540982147170983	14.0	-25.8581508526312
1250.1995177792396	20.0	5.0	1411.5246897739946	28.185793084363947	5.0	1199.347461644196	19.559080454502208	14.0	-29.932948953477702
1291.239601285928	20.0	5.0	1441.8923257813829	27.893376135625083	5.0	1348.5373406990107	19.568140297494004	14.0	-33.26861188021566
1289.4947990112178	20.0	5.0	1622.214785552338	27.353573518582607	5.0	1474.5260650586615	19.615386727126083	14.0	-35.30442146553741
1205.734857676821	20.0	5.0	1633.2345217595262	27.240820462980118	5.0	1662.1932743774812	19.514860577009	14.0	-40.682684557329445
1040.371091514331	20.0	5.0	1522.8722226557336	26.95789507932025	5.0	1869.8000817429931	19.466626652259727	14.0	-46.63080483635201
970.0480302923625	20.0	5.0	1651.1675994013167	26.645631379569238	5.0	1950.908761032014	19.44036761069355	14.0	-46.12378820618551
776.0090197561473	20.0	5.0	1852.4590512441546	25.976925449173994	5.0	2046.150026679596	19.28703116196487	14.0	-48.35254329596462
604.5886272659355	20.0	5.0	1900.6393996413642	25.65485273500875	5.0	2065.7534495559016	19.49247981798937	14.0	-47.37153557765186
623.0680373119168	20.0	5.0	1985.907918964739	25.86549643145613	5.0	1953.175753484874	19.654633671141923	14.0	-41.547893764903414
636.1137645851202	20.0	5.0	2073.839463392694	26.119017759063777	5.0	1877.5884522487147	19.34449192268334	14.0	-39.09435365004247
460.18707336365793	20.0	5.0	2196.2004491502835	26.08559198379276	5.0	1839.3078979099528	19.270995646882966	14.0	-36.95298576580061
379.7096981405061	20.0	5.0	2401.7209723491205	26.07575861614686	5.0	1688.9045173643995	19.381786077077894	14.0	-28.921274196187916
440.19175317627673	20.0	5.0	2507.089652445991	26.38563012828872	5.0	1568.3264791134804	19.318171244547173	14.0	-23.239326847441905
535.4694487636227	20.0	5.0	2531.1065268247767	26.84987179700492	5.0	1453.4639007644782	19.287601239225104	14.0	-16.88207781985349
492.8830154252988	20.0	5.0	2752.8263296829437	27.184684974880035	5.0	1283.4987891203657	19.017507327759052	14.0	-8.842944878529757
277.8246917487077	20.0	5.0	2874.068623144566	26.75591138757199	5.0	1266.601417608473	19.296605474663725	14.0	-7.415454067279439
317.1722286298843	20.0	5.0	2877.3812472668765	26.47098354310071	5.0	1200.9925861618792	19.98891812671539	14.0	-2.812912161690558
374.72137980117566	20.0	5.0	2909.600051427234	26.508521069143928	5.0	1113.703716396322	20.064068717840613	14.0	2.378730709495989
400.1138015703785	20.0	5.0	2816.3498277965646	25.988368851773053	5.0	1137.747666853258	20.935539793077176	14.0	3.225432987514336
422.53589840003053	20.0	5.0	2755.375755224898	25.599666338316705	5.0	1123.2476492447863	21.593298206479684	14.0	4.639808638075328
391.2127402699247	20.0	5.0	2723.562853520017	25.536461344342207	5.0	1086.2403475821122	22.078319716391228	14.0	5.508015893083393
371.98545849011094	20.0	5.0	2689.0871943760726	25.42438505850882	5.0	1094.1508402819038	22.624204203687356	14.0	3.8984334714789832
598.5858783341947	20.0	5.0	2440.1589723775564	25.555722621629737	5.0	1082.0274479169364	23.349600877557606	14.0	4.735346022917253
627.4492801580482	20.0	5.0	2416.712400838065	25.50697705751639	5.0	1074.4118373368492	23.714026526510228	14.0	4.560004635580963
733.5264550851941	20.0	5.0	2323.5273106542704	25.50489379338811	5.0	1089.072114505723	24.686113874621103	14.0	3.6640947715991232
0.0	20.0	5.0	2651.0070943116243	23.97621476190705	5.0	1291.7586765381966	25.187451490570176	14.0	-8.700336816123107
0.0	20.0	5.0	2601.692443031308	23.941381699786742	5.0	1333.2013725919933	25.51795243766425	14.0	-12.314610340343402
1931.2873691133784	20.0	5.0	1952.0494652136529	28.429223442383933	5.0	749.8475566022674	27.029669392356787	14.0	13.203250832616506
2113.9894860979643	20.0	5.0	1868.646743696024	29.22136923535331	5.0	669.3255233870951	27.434979776421805	14.0	13.990803561231202
2154.1512664787097	20.0	5.0	1704.0710520054458	29.516856608903687	5.0	639.646372014303	27.934891190419066	14.0	11.813830551919304
2070.7374462874623	20.0	5.0	1623.9427736703897	29.56412582471506	5.0	646.8534468752034	28.316113157805837	14.0	8.126104245027408
2169.0471242879007	20.0	5.0	1543.1307386256003	30.182741859114632	5.0	583.0416852127705	29.14443158065105	14.0	7.044612198162409
2251.0268039246666	20.0	5.0	1484.540312049081	30.534186077396743	5.0	533.8571470040953	30.66600566121631	14.0	5.44443762606664
2293.4033447099905	20.0	5.0	1448.8920146785235	31.207972040241124	5.0	545.229113327992	30.790627497345074	14.0	4.32769184002567
2252.206995349296	20.0	5.0	1470.086163923957	31.225693611963834	5.0	599.7595923489115	31.346358921371138	14.0	1.301829892364827
2327.4105300627957	20.0	5.0	1466.993632916951	31.230893322730406	5.0	618.4205082245458	32.236554098289005	14.0	-1.867518710178291
2558.1778574484338	20.0	5.0	1589.2762909343814	31.399228574876993	5.0	615.1045531664018	32.523895120467714	14.0	-3.6431164307052244
2699.6779277539085	20.0	5.0	1873.9390488467445	31.407312063123758	5.0	539.4616160705173	33.15370613944677	14.0	-3.1367158809468223
2790.574081146706	20.0	5.0	1989.063779636593	31.494991669507222	5.0	454.61437332864796	33.710354736948645	14.0	-2.8983969577389237
2772.0297517126937	20.0	5.0	2058.8435820364693	30.962924529973698	5.0	432.3701346627573	33.458881737692785	14.0	-2.292468900263867
2734.5805555360994	20.0	5.0	2134.895773511222	30.719986907251	5.0	378.97516420475887	33.69444559778587	14.0	-0.513519959596544
2794.0642445262674	20.0	5.0	1938.7094946122102	30.739953859198902	5.0	359.6601823438086	33.93933411719625	14.0	-1.2990984655513982
2717.8896717858283	20.0	5.0	1930.9298979877913	30.115473948721053	5.0	417.27657804369863	32.75716218816133	14.0	-0.9491192774151258
2755.113257739871	20.0	5.0	1991.5499581406505	29.946931119948722	5.0	420.48611172628296	32.1035772286646	14.0	1.1561364058608985
2729.8021810430328	20.0	5.0	1994.7809085249567	29.150179549807422	5.0	497.44722366686585	31.89645469705049	14.0	-2.6051130907184814
2648.1923511215637	20.0	5.0	2118.927179458687	28.48382706945084	5.0	553.8394262690625	31.606654668155674	14.0	-4.042632439711432
2848.3751071531824	20.0	5.0	2261.3185257560967	29.014953937108274	5.0	473.40474328832397	31.66725533084867	14.0	1.0337161132617554
2749.019499648614	20.0	5.0	2357.0653301480424	28.667419835510053	5.0	466.0094415484092	30.89963613756413	14.0	3.6389995828626756
2552.8872812345994	20.0	5.0	2390.836697163666	28.32871227075367	5.0	472.9221823346318	30.026276502590186	14.0	4.920562501731017
2336.4609822869006	20.0	5.0	2513.793621679411	28.124801986654106	5.0	438.8073902540363	29.748857936224496	14.0	5.876116640730413
2055.659658046735	20.0	5.0	2489.035627669093	27.803799982065172	5.0	446.3356600725791	29.123516567601847	14.0	4.974567241407244
1869.4804511096174	20.0	5.0	2363.1502150852757	27.691937794588938	5.0	473.0232580106637	28.28366151521392	14.0	4.232155600749433
1807.6949972365333	20.0	5.0	2157.43161972041	27.91551260453503	5.0	438.60907074773127	28.247880621433417	14.0	4.496081355752974
1783.4956140964143	20.0	5.0	1927.8826974793337	28.238847589509984	5.0	403.0994410821144	28.93990938661376	14.0	4.6347813040425665
1797.8957193558413	20.0	5.0	1771.2980397652434	28.551090564687037	5.0	374.2098034383914	30.392917328432485	14.0	4.4198303295890335
1655.6837997406142	20.0	5.0	1617.2952901392177	28.760431798296825	5.0	375.5089852926002	29.939515246676837	14.0	4.241249546799185
1468.976954186827	20.0	5.0	1483.5204145300538	28.73145699086094	5.0	387.9660100372663	29.46238379641344	14.0	2.17533546497125
1415.2439632307387	20.0	5.0	1304.5113274510456	28.895674579605377	5.0	351.082383499228	29.6608806871787	14.0	3.1897750927586976
1346.38263248147	20.0	5.0	1131.0407551497851	29.19182797498882	5.0	295.72341226965625	29.898980469315468	14.0	4.4942535434174715
1156.605323966936	20.0	5.0	1110.3291690746898	28.295795414334023	5.0	295.55684058870855	29.22023216555151	14.0	5.361984598477319
1134.6727046794254	20.0	5.0	1008.5140678621706	28.274550152288146	5.0	244.7745877503921	28.748809773820426	14.0	8.195709890466409
1015.3028580336048	20.0	5.0	964.5338909920907	27.72506428513145	5.0	246.51818751918245	27.92776807573903	14.0	9.025399767103814
815.8196447787645	20.0	5.0	1110.2611530264994	26.62973863788341	5.0	275.8766918141707	25.90349299912406	14.0	7.917406172366053
785.8437700777474	20.0	5.0	1164.7085741748958	26.324144058845786	5.0	259.57222830512325	24.65472651526961	14.0	6.274476016546151
770.9267641647319	20.0	5.0	1147.31492466633	26.49649544283795	5.0	236.52141255320728	23.90401562373414	14.0	5.970203047301086
701.2622007841323	20.0	5.0	1124.9896370513586	26.362941048461025	5.0	234.57598846021568	23.63176863052184	14.0	4.476894602633572
637.5359635156972	20.0	5.0	1126.089865365737	25.915250283669074	5.0	216.91882988612994	23.159554971967523	14.0	3.5515405081322613
613.8772480679457	20.0	5.0	1041.0770090880321	25.763970203063526	5.0	198.0132303028153	22.89180217377361	14.0	2.4632042987934395
610.8888486321958	20.0	5.0	918.2441123105052	25.860852010471383	5.0	189.5656012979354	22.86955357248561	14.0	1.9155096604017567
617.8961421377311	20.0	5.0	860.403319808768	25.988291237996144	5.0	165.72801469596124	22.31990446118854	14.0	1.7531641421511204
548.4403500260142	20.0	5.0	862.5666578146686	25.62548009724335	5.0	159.47705983132354	21.95949471450001	14.0	2.153177553197747
446.4806836508776	20.0	5.0	913.3170659804879	25.167813973559852	5.0	165.2569492467459	21.82211933980425	14.0	1.617356697434767
368.9786953216205	20.0	5.0	953.6835820139102	24.800301173867798	5.0	166.40439018337628	22.151199823503042	14.0	1.1033680106871115
402.4830584786069	20.0	5.0	851.9989693042733	25.05400264403209	5.0	167.43007553513215	22.32722164126726	14.0	1.443169122462854
407.5503684823619	20.0	5.0	774.3766565003249	25.094984152878162	5.0	166.60114804862175	22.741166324692703	14.0	1.2159164603706951
413.09338591561766	20.0	5.0	719.4248506471633	25.10137296532657	5.0	165.09306835124616	23.130128064698308	14.0	1.2241135568500987
428.53124344497655	20.0	5.0	691.3408191139658	25.144498315552333	5.0	155.29820580755919	23.324488661726036	14.0	1.490536921098277
438.99536468992426	20.0	5.0	682.4737898864831	25.328934534634673	5.0	144.71922241584085	22.815928637469682	14.0	1.4519030703296145
427.8190760246455	20.0	5.0	709.1742215647862	25.274801086596916	5.0	144.31099293506625	22.3942412264662	14.0	1.53015804925989
324.14690650309865	20.0	5.0	761.1931764370137	24.868877718336197	5.0	157.3416885952873	22.445424256256572	14.0	0.09097620336807183
342.97710119517063	20.0	5.0	732.3975303845054	25.022744430290924	5.0	157.5440259240574	22.32730335171267	14.0	0.5758300089971509
408.78078157503194	20.0	5.0	736.374843565147	25.104094655746753	5.0	148.09846452065545	22.86244708261482	14.0	1.2305492854355227
336.9318448970786	20.0	5.0	841.5505666873856	24.874550115338867	5.0	155.4226931842831	22.986997175416228	14.0	0.28881310668118176
286.8458369087999	20.0	5.0	943.9086693508004	24.727783331676516	5.0	164.73178767947758	22.736696778119864	14.0	-0.08539313416068073
341.86947782990666	20.0	5.0	915.1978399423504	24.874786563544248	5.0	157.8177035323822	22.96975458764936	14.0	0.8027484011153067
315.08168126925995	20.0	5.0	929.449061439919	25.05299005984638	5.0	158.8118481871588	22.235854244960063	14.0	1.0551637382410723
201.66418416808668	20.0	5.0	1082.979537271915	24.559978238023746	5.0	169.36252422427143	22.139016264986726	14.0	0.10821313158659317
198.15204931430932	20.0	5.0	1105.8656694980211	24.424560608734414	5.0	161.57019245160248	22.204441394890416	14.0	0.6612896874261455
82.58048805677119	20.0	5.0	1195.3650338575999	24.07573424802504	5.0	167.62556647407473	22.28855038331981	14.0	-0.1759743494091497
49.81325366010208	20.0	5.0	1214.7111065911884	24.04272141984818	5.0	160.62859999708814	21.690608628826798	14.0	-0.10010038399085608
111.58420797417548	20.0	5.0	1170.0045234565464	24.29108753352052	5.0	150.17037855117795	20.908250096192102	14.0	0.5602822084200536
156.7648733286026	20.0	5.0	1139.2677913359835	24.40440773980179	5.0	147.7974626755567	21.212976658953842	14.0	0.9729366323709693
112.10875524241195	20.0	5.0	1179.1146066556314	24.2272995226405	5.0	146.36064780925525	21.09569551645019	14.0	0.9050477461706515
0.0	20.0	5.0	1260.699603806272	23.846643291394713	5.0	150.33232569701883	20.980267351178796	14.0	1.0033817970516337
0.0	20.0	5.0	1227.3384866322122	23.74106462108693	5.0	152.1603062411877	20.927382880369496	14.0	0.9800270371469584
115.56637210743718	20.0	5.0	1119.1986468358302	24.107092442126035	5.0	142.33093386557672	20.767403846910288	14.0	1.4208896298458513
89.51384973448684	20.0	5.0	1145.8954729784	24.113618621691057	5.0	143.1605971315731	20.875555558107816	14.0	0.6173623898433894
71.34479503702457	20.0	5.0	1177.5818019415449	24.036841020546337	5.0	143.83030561125284	21.179006657669895	14.0	0.7310122004190697
107.77862165737658	20.0	5.0	1133.169343513824	24.14267780495031	5.0	148.301689458314	21.523494836330194	14.0	0.29474979603708557
141.1280510363469	20.0	5.0	1104.0880881585329	24.242253560443974	5.0	141.27555934069326	21.195605012308267	14.0	0.5932723433793504
133.79201016855367	20.0	5.0	1085.6142143533816	24.075628700483367	5.0	149.9544804180376	21.933638893927505	14.0	0.6390303506339762
92.29233108681672	20.0	5.0	1113.46719777859	23.81650746913538	5.0	148.7009329424472	21.787619504090447	14.0	0.48494777253916677
101.6906358381887	20.0	5.0	1098.1358485537403	23.89359937794026	5.0	146.74711254787235	21.600517151802276	14.0	0.5069562592802868
143.48793709323556	20.0	5.0	1022.6934691355135	24.057385013755518	5.0	145.2958370654564	21.59763537057894	14.0	1.4120955298407245
105.45672040908912	20.0	5.0	1092.3062472946872	23.997131540474317	5.0	142.14238761424656	21.100912461928946	14.0	0.8061105381117893
0.0	20.0	5.0	1203.1982873372096	23.82156305653731	5.0	147.48406361755232	20.904407124365708	14.0	0.5450679078593245
159.8945881958791	20.0	5.0	1004.7510985529524	24.219342812475027	5.0	142.20194160415133	21.96638142116753	14.0	1.0155208708739478
195.924876908985	20.0	5.0	988.3333430122682	24.228760762531795	5.0	137.3445277942252	21.8035478530251	14.0	0.6155688640322532
125.60821299129927	20.0	5.0	1021.400552822676	23.887486348527343	5.0	136.13970555606218	21.37504753583869	14.0	0.6235883491118245
0.0	20.0	5.0	1100.9018290615895	23.46930227642092	5.0	141.36297213615828	21.779451943279643	14.0	0.47725938821944863
0.0	20.0	5.0	1099.157444734757	23.479946176059112	5.0	133.3634987050043	21.610005791620587	14.0	1.1448531681775815
96.70857555497085	20.0	5.0	965.976207098705	23.73118565213708	5.0	122.71036690144783	21.394850535391573	14.0	1.5895477254585184
0.0	20.0	5.0	1046.4639876886943	23.282171236435357	5.0	139.74425970932376	22.103292062255484	14.0	1.2609596242422343
8.212759368665859	20.0	5.0	1080.6507851489666	23.276283672324478	5.0	151.4729432666743	22.126616890996402	14.0	1.0303572456906778
65.19556347281912	20.0	5.0	1163.8154964524388	23.39653023867082	5.0	139.44978735222355	21.590448845941566	14.0	0.8010411734857141
0.0	20.0	5.0	1357.1015966543773	23.171607938195958	5.0	149.36619413733456	21.835433233670795	14.0	0.17263358489307717
0.0	20.0	5.0	1490.0840088907212	23.05100932229094	5.0	156.8913444088448	22.238838868744487	14.0	0.9036613569177591
31.20574216482951	20.0	5.0	1632.6671006755375	23.02533544653827	5.0	155.59294886679626	22.68123832455924	14.0	2.276657610748733
41.36503686613481	20.0	5.0	1667.6788544661522	23.036680532850863	5.0	157.74649467495456	22.866158487451635	14.0	1.9351360934692057
215.7725987457895	20.0	5.0	1559.4610859949505	23.279686105697717	5.0	157.6692210264705	23.622351953216295	14.0	2.579650919373167
173.10962165808616	20.0	5.0	1534.4839488492414	23.398992724527858	5.0	163.77729409747087	22.721804323823616	14.0	2.0513925135888784
204.1474397030695	20.0	5.0	1540.5460666750416	23.577396334088238	5.0	160.78786269143552	21.96108705713676	14.0	1.642208529497252
297.60648962266475	20.0	5.0	1433.9464155465973	23.6101979491614	5.0	160.70759755271976	22.573375257452525	14.0	2.399435671999492
392.05542896138735	20.0	5.0	1312.952032584351	24.02063005908316	5.0	147.21069353694816	22.454353635741292	14.0	2.938033908492181
311.90295756622004	20.0	5.0	1398.3578889595133	23.775836768989926	5.0	153.38363630021203	22.26686427211211	14.0	2.258750627276486
534.1843044115301	20.0	5.0	1155.0693844195318	24.21095267631055	5.0	149.50706462388908	23.59073209446962	14.0	1.8346975778071242
508.0524378937889	20.0	5.0	1187.5644089044592	24.172365388332803	5.0	149.56425047135912	22.847866111631195	14.0	1.606352489961758
288.83226658358916	20.0	5.0	1385.7203736053332	23.64521275494538	5.0	172.5009936626277	22.209567494640762	14.0	0.16413215549601767
560.3214774004961	20.0	5.0	1151.9786004247771	24.362913512828676	5.0	162.15926921998368	22.974458401597396	14.0	1.2711537614322919
560.811108819919	20.0	5.0	1236.8112025657645	24.337686985763426	5.0	168.64013210270485	22.760845925758247	14.0	1.555041094791267
728.4829782872597	20.0	5.0	1107.6407103241809	24.841643171348657	5.0	154.1401431210909	22.848900616458096	14.0	2.2061098653368165
569.0857175248793	20.0	5.0	1179.8496917791886	24.53870721386731	5.0	173.3756636043448	22.337077395029116	14.0	1.2714417926181718
403.953704801652	20.0	5.0	1364.4260350988986	24.128547764360714	5.0	194.75442193063267	22.53583222581269	14.0	0.3661431590856245
617.6855503124494	20.0	5.0	1151.2960206764988	24.69088326911484	5.0	179.60666821570913	23.053459026618533	14.0	1.4294161462774704
634.1746616196723	20.0	5.0	1085.5447819358133	24.874292838064818	5.0	183.87293701748519	22.711990246676045	14.0	0.9922734185946891
614.767700527216	20.0	5.0	1069.4085438500113	24.880378364181205	5.0	189.47383969830523	23.136115952951243	14.0	1.9586324862700915
623.8578398183435	20.0	5.0	1037.3740654738724	24.92106706398427	5.0	185.95098198254607	23.173269322914518	14.0	1.6590456019531126
644.3574189252006	20.0	5.0	1008.7762164496735	25.056697284106836	5.0	187.72264629141287	23.43094821786264	14.0	1.5380038582391755
711.074743566772	20.0	5.0	965.2173806232955	25.288172260536697	5.0	182.45761564766133	23.851670767590115	14.0	2.6244375240312827
762.4554452925909	20.0	5.0	934.7779261664748	25.7144566743218	5.0	181.2991624588055	23.186610463745815	14.0	1.8616665272127373
766.2544117448322	20.0	5.0	953.8003258110191	25.803442932982286	5.0	187.6932957429034	23.544906836258807	14.0	1.839810473495705
628.7094524051099	20.0	5.0	1095.037520239862	25.35977494976302	5.0	201.5859528163898	23.453682701542913	14.0	1.4344623492770867
593.1926640691656	20.0	5.0	1141.8145211910567	25.309397256157695	5.0	220.9028011241076	24.119403461053423	14.0	0.2995205326353207
634.3480085468537	20.0	5.0	1040.4537735420893	26.088894146305776	5.0	214.1055489207369	23.66745081805654	14.0	0.48723423152677997
604.6108223005614	20.0	5.0	1091.0218522812293	26.206486299684542	5.0	209.3860565202551	23.82981432172178	14.0	1.642725560102845
581.5654493761604	20.0	5.0	1117.5786828403297	26.10047229673205	5.0	223.69206991071403	24.68548985419506	14.0	0.4392703420254204
477.04771846702283	20.0	5.0	1071.7267259653086	26.083810439032305	5.0	241.60245691240308	24.630441550123866	14.0	-1.0679055372635753
485.12079295120435	20.0	5.0	985.131937975956	26.868473875289283	5.0	217.32871164357863	24.35674660663582	14.0	0.31768454596683127
446.81057864812584	20.0	5.0	991.5108733701767	27.212386074438836	5.0	219.71359835025007	24.22770588639262	14.0	0.6399076314434154
437.4701491206279	20.0	5.0	973.166685961404	27.43665920018198	5.0	216.14923616987116	24.0947464992311	14.0	0.6313927862045619
434.8601405306677	20.0	5.0	993.9568702482981	27.853559696611764	5.0	214.19801770942752	23.785082207360983	14.0	0.9655903396394013
411.27108935551666	20.0	5.0	997.0534754829051	27.937871705693414	5.0	240.95642881939713	24.476015162332736	14.0	-0.382795015595673
432.5616896114522	20.0	5.0	998.4072549937587	28.414848758270242	5.0	236.06858590927442	24.040852875474748	14.0	-0.4849304828770742
460.87594121433	20.0	5.0	976.0220535564174	28.72697346757905	5.0	246.04361470101995	24.610346097907993	14.0	-1.3624808593547222
427.86514278927444	20.0	5.0	954.4684203412717	28.62784587476643	5.0	263.6434580770479	25.251057093026997	14.0	-1.3875102957381373
375.00577875608815	20.0	5.0	890.3574228022528	28.852886218909518	5.0	280.42822251974707	25.48088603117084	14.0	-2.293890377656396
376.94477206030587	20.0	5.0	833.6505058308829	28.758017150705157	5.0	286.53744465652426	25.843016180357846	14.0	-2.3955619814781173
414.43042421366476	20.0	5.0	762.1365194750285	29.023502322765243	5.0	278.78360081227584	26.251379477887717	14.0	-2.9154376573746164
428.5326511745891	20.0	5.0	693.5227414168395	29.5041189052751	5.0	263.1764365653827	26.1598878021535	14.0	-2.509666708647115
410.1232638397298	20.0	5.0	629.6077696853256	29.331486999828144	5.0	275.96762244387685	26.510209920374944	14.0	-2.8608493665802355
439.72479339569975	20.0	5.0	602.3294957577848	29.563254225976365	5.0	267.6125732884467	27.00446023771219	14.0	-2.5730658918822256
448.42206910340616	20.0	5.0	590.9242213454614	29.659272918502793	5.0	277.74211767288233	26.213600295441495	14.0	-2.987963461298957
455.873757518294	20.0	5.0	587.4629825638899	29.819253579604176	5.0	278.39630447706395	26.540763326521724	14.0	-2.7479862588890605
450.9428875477672	20.0	5.0	566.6395895904702	29.627072909666797	5.0	283.2184328060699	27.35382329039508	14.0	-2.870932858140104
450.5688497818443	20.0	5.0	540.2542973604176	29.585196767808288	5.0	293.2123978955669	27.01392888555174	14.0	-3.1748722254783366
427.89360617365827	20.0	5.0	553.0358022552482	29.68218018445263	5.0	289.27039313782524	26.505960793726494	14.0	-3.415630406155757
359.7965428009648	20.0	5.0	535.6020070942731	29.125492078434544	5.0	311.8538522738422	26.1734758246923	14.0	-4.105192496333454
421.8479502148687	20.0	5.0	523.7661844993883	29.240936257708714	5.0	288.05399343688316	26.391467645606667	14.0	-2.9681337901367773
401.83635847011726	20.0	5.0	542.7587309712851	28.920398543659893	5.0	286.38850676076237	26.238257387365437	14.0	-3.18819894229056
348.98947355304574	20.0	5.0	567.1861084869784	28.444941923871276	5.0	304.2662875949641	25.596189984598244	14.0	-3.3051587726647997
379.450199022177	20.0	5.0	580.9320782306854	28.667294078036143	5.0	298.53437220180746	25.190397712669974	14.0	-2.820242094640671
428.6906467260872	20.0	5.0	597.131185205221	28.77185081624549	5.0	299.6184258790618	25.182654686139134	14.0	-2.9793114390078412
418.91593920222493	20.0	5.0	604.284995719322	28.773729248496377	5.0	306.7329197951825	25.096864985259373	14.0	-3.504386010981615
407.3142893162891	20.0	5.0	660.4286228711503	28.356249361848807	5.0	320.05790111509026	24.85206546290715	14.0	-3.7177998291423053
432.24939713353524	20.0	5.0	694.4305798259409	28.104962785038303	5.0	307.6331313684349	25.01699485569481	14.0	-1.861388899053892
462.20956833851915	20.0	5.0	708.7381073465865	28.385518394645313	5.0	305.44814226871586	24.99379126736937	14.0	-1.5956536395178593
471.02599572384133	20.0	5.0	721.3446360402347	28.32028233298921	5.0	318.58378429798614	24.709635943831355	14.0	-2.501015432645581
455.7246853582493	20.0	5.0	731.9275547263737	28.256839709281586	5.0	325.58015889625955	24.450617648649455	14.0	-2.7232109651798444
479.1730378230749	20.0	5.0	743.1110478996098	28.58982138297258	5.0	310.05094824167406	24.523101850807716	14.0	-1.9179265419777307
466.2984322111095	20.0	5.0	815.1027880249029	28.34860455588559	5.0	291.32688556096116	24.269103239824894	14.0	-1.7669037020823706
454.9847724009368	20.0	5.0	743.7809136679032	27.790060148672666	5.0	311.38089835425114	24.71554609035053	14.0	-1.3647342787056504
429.6999242075356	20.0	5.0	798.2571707905917	27.504342928904023	5.0	307.11476990665506	24.132014037797955	14.0	-1.9362233297277027
397.5672497799345	20.0	5.0	871.5182470148073	27.320473463812228	5.0	292.40837401851456	23.582655324027726	14.0	-0.22670897031007442
373.85975199293017	20.0	5.0	863.4597047457966	27.19009462738332	5.0	291.90694650201414	23.432595425028772	14.0	-1.38107422378368
418.0656817852421	20.0	5.0	799.6832897129547	27.33959843096608	5.0	267.8825125945843	22.910528058725692	14.0	-1.0106447405623755
419.34273359465453	20.0	5.0	802.2043760676929	27.130046947606836	5.0	263.0367927105747	22.864340840544937	14.0	-1.0376733525976274
354.945371990832	20.0	5.0	785.9127350920098	26.65519592523482	5.0	267.87108142974154	22.362344233211644	14.0	-0.8963816180965968
395.33121460801596	20.0	5.0	719.4678094670572	26.925917990974316	5.0	243.9475617813455	22.126383806677097	14.0	-1.0613006252600734
377.499542133921	20.0	5.0	698.8755573400017	26.53199491630426	5.0	241.67978356079323	21.88495150592507	14.0	-0.3770582494923232
360.05178357413575	20.0	5.0	721.1504844967263	26.269750931590032	5.0	245.51344020235092	21.37709978344797	14.0	0.5844133172005923
405.53168553548613	20.0	5.0	700.1362741654752	26.21749458234728	5.0	246.78490614160512	21.65801009069773	14.0	-0.005551486570988138
432.72549558529806	20.0	5.0	686.787439909803	26.04407074616939	5.0	252.7229626345873	21.272605451209795	14.0	-0.38323721865384136
516.7869825034044	20.0	5.0	674.92503187055	26.10559816984364	5.0	256.57537793280636	21.075975716481018	14.0	1.0042223644143382
524.8383116695097	20.0	5.0	646.2735161643947	25.539953711471274	5.0	257.4006756792814	21.366624440533254	14.0	0.3863230771549113
458.03460912188814	20.0	5.0	713.5041257044999	25.075275785152957	5.0	284.1491940060972	21.549439504048372	14.0	0.5422609641925251
498.7707458417052	20.0	5.0	672.7566944577674	24.96238652016999	5.0	310.47349288270294	21.773649193725074	14.0	-1.8362986050487005
654.1732009360034	20.0	5.0	546.4396324553618	26.093478807309047	5.0	293.2381507002428	21.410381643751258	14.0	-1.735608475115579
634.3428633320108	20.0	5.0	563.7365202679937	25.84138653514378	5.0	307.732117848451	21.32318252364691	14.0	-1.2815917261374021
597.2977200454953	20.0	5.0	580.1886508002618	25.413914377853107	5.0	319.8671693703927	21.327981239684306	14.0	-1.8790435057236357
722.4757495642041	20.0	5.0	426.5761054020279	26.478120743744935	5.0	313.4452425874375	21.35113530493822	14.0	-1.983320155446876
717.4179704911451	20.0	5.0	451.17644673026933	26.309218012136284	5.0	314.9417362919216	21.247627481070655	14.0	-2.5492211584436646
659.634016421605	20.0	5.0	440.9753078983086	26.110656864573798	5.0	327.2882587956219	21.047922330502235	14.0	-3.9665050550550647
720.0374386759621	20.0	5.0	428.08818340342077	26.727714546318143	5.0	297.82541206252483	20.57406213316247	14.0	-3.466645368609154
811.3469945216763	20.0	5.0	386.7741993919543	26.881798650974893	5.0	292.9040733483008	21.178288075628966	14.0	-3.117682165091468
839.730651540625	20.0	5.0	376.05208432780876	26.69109301417945	5.0	303.23345079220127	21.059949220184645	14.0	-3.6403107324037243
870.2504536160078	20.0	5.0	365.38092785735824	26.918098595200092	5.0	294.6230872852054	20.74318418189804	14.0	-3.837384230783741
899.1642605432769	20.0	5.0	337.2065145684832	27.058174405126096	5.0	289.8154106558411	20.794526327431573	14.0	-3.6308273139366416
870.6833812356224	20.0	5.0	323.5752977026546	26.5242619660237	5.0	303.2993470274451	20.476359622740482	14.0	-4.2694716421811
885.0375889382125	20.0	5.0	241.21445719294346	26.782930731161557	5.0	334.84028378408976	20.237042889673926	14.0	-5.5974170801465
924.7596928797994	20.0	5.0	209.53062597971916	27.214193691107877	5.0	345.7761864884698	20.111996233751366	14.0	-5.433088308467132
913.9485091491471	20.0	5.0	123.5928480026338	27.5042314662774	5.0	379.9230054650256	20.139142072642667	14.0	-7.710816605748167
855.7098116039529	20.0	5.0	223.11394953403246	15.0	5.0	392.6403786574638	22.88101946365491	14.0	-9.751848357844995
917.622225691789	20.0	5.0	0.0	31.385312096051322	5.0	455.1252415396083	20.120882210992434	14.0	-9.921349476050114
932.9913682337873	20.0	5.0	0.0	31.385312096051322	5.0	451.44268442717123	19.596926265879436	14.0	-9.32230811198276
982.519963227461	20.0	5.0	0.0	31.385312096051322	5.0	445.1945985179024	19.60313192553177	14.0	-9.10342643854947
1005.6999155648195	20.0	5.0	0.0	31.385312096051322	5.0	446.3350413322051	19.03773604780317	14.0	-9.252854364724525
995.3931329769257	20.0	5.0	0.0	31.385312096051322	5.0	459.388062337184	19.71084729044714	14.0	-9.041262187357013
944.9212517615706	20.0	5.0	0.0	31.385312096051322	5.0	457.00350738113633	19.874852374178765	14.0	-8.868590354694168
916.31536066781	20.0	5.0	0.0	31.385312096051322	5.0	480.5663114985133	19.632471342270446	14.0	-9.9448071000475
940.3004605172858	20.0	5.0	0.0	31.385312096051322	5.0	486.6604724671814	19.454821148906895	14.0	-10.175922777872639
943.283169043854	20.0	5.0	0.0	31.385312096051322	5.0	510.7335747164657	18.930301042552827	14.0	-10.328792229343932
928.8209434658161	20.0	5.0	0.0	31.385312096051322	5.0	538.0926995727663	18.637792764374026	14.0	-12.29873173424546
982.5459962832209	20.0	5.0	0.0	31.385312096051322	5.0	534.5280237096082	18.58481513459718	14.0	-12.99755394198486
1049.197520266662	20.0	5.0	0.0	29.714032963673656	5.0	543.692275772648	18.448815082291134	14.0	-12.673237073284792
1000.0230549241002	20.0	5.0	0.0	29.714032963673656	5.0	592.0037466103009	17.918849599252592	14.0	-15.220870167249524
982.4238607927804	20.0	5.0	0.0	29.714032963673656	5.0	624.0390749307463	17.800971812120387	14.0	-17.85424640176631
992.5242056684613	20.0	5.0	0.0	29.714032963673656	5.0	638.0948077382003	17.495462584056366	14.0	-18.482744648163266
1008.14586311862	20.0	5.0	0.0	29.714032963673656	5.0	669.7101700464409	16.957905655910256	14.0	-21.629043522015234
1020.367129947719	20.0	5.0	0.0	29.714032963673656	5.0	686.5530717246206	16.848994209907772	14.0	-21.33042469770263
986.992997957171	20.0	5.0	0.0	29.714032963673656	5.0	716.4657185573204	16.856422114201447	14.0	-23.20900072059233
1005.0826383883657	20.0	5.0	0.0	29.714032963673656	5.0	713.4649235763492	16.848970074770982	14.0	-25.060743438346915
993.8758587741164	20.0	5.0	0.0	29.714032963673656	5.0	692.8921119808631	16.815868801825378	14.0	-22.560362500970857
984.4673215113847	20.0	5.0	0.0	29.714032963673656	5.0	659.0385053300696	16.76127953463769	14.0	-20.64836025563097
878.022590813592	20.0	5.0	0.0	29.714032963673656	5.0	666.0767139483144	17.113895481068848	14.0	-20.066679290074354
890.9320608527044	20.0	5.0	0.0	29.714032963673656	5.0	654.491413603831	17.065204994551273	14.0	-20.178298291143907
843.6557355862763	20.0	5.0	0.0	29.714032963673656	5.0	660.8594232786052	16.732507672632554	14.0	-20.034879667641952
771.2439600479835	20.0	5.0	0.0	29.714032963673656	5.0	650.5532592405559	17.127359760049202	14.0	-18.41304582304895
827.3676768053822	20.0	5.0	0.0	29.714032963673656	5.0	618.0143518737744	17.14002072674433	14.0	-17.53180262726006
811.1657143028323	20.0	5.0	0.0	29.714032963673656	5.0	597.0267996196053	17.207903758734197	14.0	-15.9244057252189
802.7863222403279	20.0	5.0	0.0	29.714032963673656	5.0	585.9929853893588	17.152015593021737	14.0	-14.985021343843218
734.5011223985	20.0	5.0	0.0	29.714032963673656	5.0	618.4753243383944	17.680737477517916	14.0	-16.385475147782067
785.0468245786234	20.0	5.0	0.0	29.714032963673656	5.0	612.3525195224014	17.504317476808758	14.0	-15.638017078814277
807.3168657939224	20.0	5.0	0.0	29.714032963673656	5.0	628.9141439906143	17.691004327971925	14.0	-15.810619220512223
775.5715234599921	20.0	5.0	0.0	29.714032963673656	5.0	649.9861190259588	17.59933636562586	14.0	-17.852385350094384
734.433053734494	20.0	5.0	0.0	29.714032963673656	5.0	663.7687988947407	17.844800722477345	14.0	-17.015052467066084
766.8099830782362	20.0	5.0	0.0	29.714032963673656	5.0	636.3040579573167	17.44454154469884	14.0	-16.613838579205037
723.0273116420005	20.0	5.0	0.0	29.714032963673656	5.0	669.05880599328	17.716149372286	14.0	-17.464518537182137
711.5463446551157	20.0	5.0	0.0	29.714032963673656	5.0	688.6693700432834	17.67067982736768	14.0	-17.64718961196252
733.8742980632272	20.0	5.0	0.0	29.714032963673656	5.0	694.0201538642826	17.51937994218217	14.0	-18.613662975984866
717.0372894193533	20.0	5.0	0.0	29.714032963673656	5.0	686.3611202683327	17.692589145016104	14.0	-17.926726507510036
698.7805357342177	20.0	5.0	0.0	29.714032963673656	5.0	651.5069083561787	17.491017037096608	14.0	-16.49997824042482
686.5818855026926	20.0	5.0	0.0	29.714032963673656	5.0	622.7372659397082	17.736408933904613	14.0	-15.260351813692466
665.5811485509817	20.0	5.0	0.0	29.714032963673656	5.0	576.9237536582182	18.192838604267404	14.0	-10.060034213466711
611.5150343257242	20.0	5.0	0.0	29.714032963673656	5.0	568.2072723236099	18.64164006477186	14.0	-11.404676609100616
594.9373145244499	20.0	5.0	0.0	29.714032963673656	5.0	566.3033838280871	18.032509185749326	14.0	-11.87937406845681
636.5514453504308	20.0	5.0	0.0	29.714032963673656	5.0	569.9842859228992	18.01574767993544	14.0	-14.774176620490428
675.9299211832391	20.0	5.0	0.0	29.714032963673656	5.0	561.4525910765625	18.119575339239844	14.0	-11.91789161023047
