amplitude_0	mean_0	stddev_0	amplitude_1	mean_1	stddev_1	amplitude_2	mean_2	stddev_2	amplitude_3
272.3136535331055	9.6600555584441	5.0	1130.6057971015982	19.65924568974587	5.0	278.46772224971755	22.938792387713427	14.0	-0.5472134957805583
305.85597806893526	9.507989618889104	5.0	1169.4337100841763	20.221309530800905	5.0	240.89296946959328	23.671948574848646	14.0	-1.1227503495811582
310.1913567335457	9.30079687419689	5.0	1212.908136601865	20.21856955502326	5.0	210.74184095991305	25.54102950169366	14.0	-0.7373598522062752
252.17528896790992	8.948295556864393	5.0	1193.0497553370174	19.95208146367653	5.0	239.92224907049848	23.891790818846026	14.0	-0.5403644212507032
270.04830752298017	8.736089248999079	5.0	1213.5562299392484	20.14760563452323	5.0	237.510628622758	24.091864665263376	14.0	0.07501982917334822
220.09178919735976	8.484187696449736	5.0	1192.382226215142	19.759178039859137	5.0	286.9964260135933	23.449506203179347	14.0	-1.5359074863718984
205.03495899972458	7.670204506982804	5.0	1278.1955856885486	19.79207195789793	5.0	269.9321008207164	23.54275106250444	14.0	-2.3215252754833515
214.98432742973992	9.049364651858506	5.0	1229.62553834264	20.022034591064816	5.0	274.080078367158	23.837401052132275	14.0	-0.259163828797753
195.0633976924978	8.430084859434269	5.0	1280.6791249084215	19.89981683978391	5.0	273.04165263596536	23.588416486585054	14.0	-1.0733635085437596
195.88025760275417	7.9211986356296	5.0	1383.1816972184893	19.69534728361586	5.0	235.55420097181525	23.960678350013353	14.0	0.2513322186816537
188.2915277662986	7.620823369505223	5.0	1355.300785783594	19.531854169824218	5.0	253.9120070287204	24.041609363640557	14.0	-0.8656845284707358
206.566799027081	7.681573212550948	5.0	1433.6378707690576	19.846970894346185	5.0	217.657892514885	24.853410368245974	14.0	0.008152506630215165
209.43557195709445	7.625016149408063	5.0	1512.4746039875847	19.690746868673255	5.0	178.62863454398013	25.74112641493429	14.0	0.5360478561471214
206.5721535741432	8.025170157836833	5.0	1451.4892520921164	19.824940630934353	5.0	182.72983950803732	25.541914651265532	14.0	0.1456105470601694
249.5433883016048	8.589502137841043	5.0	1397.7267419221284	20.072688088486302	5.0	177.29659393891046	25.235294712685747	14.0	0.5128951304392271
206.57386711332404	8.305918154108069	5.0	1408.6744777499453	20.07417875598236	5.0	194.6833007015645	25.251178997686843	14.0	-0.553956166671663
206.32895672985995	8.351787078334826	5.0	1396.0768233221079	20.028306923365705	5.0	205.56387448555338	24.938906207548488	14.0	-0.9048023541762794
197.7417198927585	7.753983503285913	5.0	1435.9331737904351	19.914254697793588	5.0	206.66490417733255	25.444329670158684	14.0	-0.3645124325912817
173.66140757624763	7.119839271041314	5.0	1453.9705079670114	19.818402716000083	5.0	208.16210391179717	25.90120893327161	14.0	-1.3142142750906363
185.71826984594784	7.39307287736703	5.0	1408.6018592887722	19.898322598638682	5.0	208.43339459632625	25.797764784779133	14.0	0.6238431841472388
205.73752745149167	7.5234254368786315	5.0	1505.177191996835	20.04230890246665	5.0	194.54488844018206	26.362726323019817	14.0	-2.091768869238851
231.5728873752676	7.602081120741592	5.0	1528.4040908156326	19.983497742138038	5.0	162.21474418423801	28.756169557971766	14.0	-1.581681692461735
224.10483706553518	7.453308781949991	5.0	1474.1114591325231	20.16665173879697	5.0	192.66875024544606	27.18516058194141	14.0	-1.844008920498214
217.47571833985694	6.512882064249121	5.0	1503.5226576259336	20.14735800432276	5.0	185.68487478714954	27.07420627765311	14.0	-1.114555483526124
256.94258731211875	7.073961807657731	5.0	1521.940494817103	20.13085403850957	5.0	176.45841322550902	28.7508623857122	14.0	-1.6197179272625315
270.8113369063762	7.3341807510872465	5.0	1621.1659042212352	20.200797782342622	5.0	157.36476084438405	29.434212365836487	14.0	0.019190688101208057
272.5052496468082	7.401846240596227	5.0	1594.3018396996029	20.306867299487223	5.0	168.93951100687494	28.608046378709776	14.0	-0.40564164131115665
226.5701198208457	7.3343841405688455	5.0	1617.1387933268936	20.028063842160257	5.0	188.114437971147	27.624124018078554	14.0	-1.8586785269547337
265.03962540168726	7.396561613997641	5.0	1690.6730698329964	20.18837189307394	5.0	164.2256607944147	29.125523822219726	14.0	-1.8250863928173542
254.84631924177182	6.921808076923042	5.0	1778.5893267356842	20.11169208866018	5.0	154.75738740084537	30.177288863152395	14.0	0.2993014399792573
284.86469867428065	7.115559800866315	5.0	1892.0247246181527	19.907069433593524	5.0	135.91346822214985	31.5660926837811	14.0	0.4212008291221737
299.11902792007527	7.340941390856694	5.0	1852.1592822217299	19.927896342258165	5.0	124.98508836890056	31.14318024257899	14.0	0.226780418850156
286.3086766184331	7.141114467479608	5.0	1946.9890913725515	19.817149516237162	5.0	117.60084944039114	32.180543382543966	14.0	-0.7518909443795903
288.5199995991275	6.79268345499049	5.0	2026.6495700656665	19.82391883448797	5.0	113.44254817977342	33.296245134349235	14.0	-2.2821737110075135
282.1174459299067	6.847691918653996	5.0	1970.972219728252	19.965343720538986	5.0	107.69471041729122	33.65280890146202	14.0	-1.0387345383021245
277.0515466424447	7.138460300358408	5.0	1969.5943260401107	20.06105157809382	5.0	112.60045788244415	32.738788485307644	14.0	-0.8280071628731485
278.7300360531247	6.971646500288303	5.0	1951.0446209173742	20.2780582180023	5.0	112.30766737751557	33.03967135171635	14.0	-2.694006789354718
276.7347163356488	7.3370173863060995	5.0	1968.423566024941	20.116432776390276	5.0	125.96568465108545	31.844659217438664	14.0	-1.636354066203061
272.48079267370457	7.601672907162726	5.0	2004.5325919470479	20.219796036442883	5.0	124.64620615855651	31.456897198609127	14.0	-0.5714961366019096
269.25824805634034	7.649648522395627	5.0	1937.7784928386109	20.443405245846865	5.0	130.02518480006486	29.85147849842894	14.0	0.11219455673753637
296.560527116466	7.647808561337929	5.0	2122.4628760989644	20.65844025221433	5.0	97.91918922025795	35.85165028800023	14.0	-1.1699105831353425
294.62312205911195	8.344428202351605	5.0	2017.1102639406129	20.83877934864614	5.0	95.51295732329332	34.107124417643895	14.0	0.37223079838927975
311.93613327459724	8.566643244946473	5.0	2064.9433200701733	20.85959328202272	5.0	93.41358495131232	35.67119850274261	14.0	-1.1640271526960426
310.78780376958184	8.760614102397062	5.0	2006.7005158432933	20.94796395328686	5.0	107.7838699827847	34.015194408843705	14.0	-0.6726679538603203
352.05980105082875	8.654331329679488	5.0	2042.6761314292469	21.02498789353989	5.0	88.59391975248563	37.137592334620564	14.0	-0.44296446299053915
363.8211499928282	9.032923009164664	5.0	1946.408815609632	21.029800277799648	5.0	90.52168661904221	36.20596710835088	14.0	0.6885647985004815
325.96768570394545	8.739460158562391	5.0	1992.065691494125	20.77013995357956	5.0	107.97702071072064	33.4772329987773	14.0	-0.5980461778998638
386.0887744365837	9.78056310054407	5.0	1821.8284285157577	20.849015988397163	5.0	127.35702697421513	31.655846088885404	14.0	0.7597432269511257
437.61603047016865	10.59052514190888	5.0	1786.28530759354	20.99760824072807	5.0	122.67323203787794	30.261032433708873	14.0	3.0603455805112567
491.89174885295955	10.891974383457935	5.0	1687.7101074481259	21.02485888365934	5.0	144.00106878132917	28.40810955396941	14.0	2.4643326395178566
518.0512416366349	11.277192801212582	5.0	1633.0449586735103	20.982259609926203	5.0	167.10423444595074	26.548983862363148	14.0	2.9881081005161767
564.2672101742871	11.31803963902808	5.0	1627.8071762793595	20.908829606179737	5.0	153.59752874063096	27.917512953108563	14.0	1.7775105493739185
528.3328932829736	10.930881300980397	5.0	1649.7139957940924	20.740058248310667	5.0	169.8008687195253	27.809388060313054	14.0	1.0736289477139005
549.5945517720679	11.062469264159107	5.0	1613.3651843065334	20.572998505645106	5.0	166.1010708261496	27.746716850600542	14.0	0.9201300014484246
576.8471722752889	10.682481130993546	5.0	1626.8372298436968	20.55409044208949	5.0	158.81476320205456	27.612936341712178	14.0	1.597137363774156
629.4648375135528	11.002024976426222	5.0	1588.1270660371617	20.5908058593012	5.0	165.12256686156223	27.133876371689944	14.0	1.8039550466170517
595.5484699187509	11.717108425526328	5.0	1504.686308215306	20.269556898914598	5.0	226.55919328509356	24.049772750402866	14.0	0.5037733934133335
589.9565276810177	11.499364267839512	5.0	1523.229512737287	20.199707983437108	5.0	221.50527582551683	24.64985188494167	14.0	1.5802604035957724
629.322146498524	11.828678112901999	5.0	1531.1739058822966	20.342454628689907	5.0	223.69417714789503	24.47335403726988	14.0	0.7909607848412646
589.0637760258544	11.778149900181136	5.0	1525.416707335222	20.07526936872889	5.0	231.72192364960188	24.20704097907318	14.0	0.2581277103897834
553.8477085983017	11.471222910473418	5.0	1627.9829004306669	20.124497791923837	5.0	201.94360393809183	24.98971541937188	14.0	2.682975975365474
530.5026581501941	12.06488024187327	5.0	1562.2534396325966	20.149483827035237	5.0	229.72470382790266	23.418208565739864	14.0	1.417734214509512
470.5208741479061	12.098885175721861	5.0	1548.187624873088	20.05937668390626	5.0	252.74430845994533	22.95475220974861	14.0	0.8866823369478335
603.156928600333	13.046921149265122	5.0	1453.3651382225014	20.400074680393402	5.0	260.14852696479005	23.026534173839003	14.0	0.5949271546114105
495.33370591127346	12.387576386444525	5.0	1553.522371420297	19.986081058578293	5.0	264.7279526535843	23.30722055638636	14.0	0.08868833617666935
467.59697266786554	12.598771101224777	5.0	1554.0480033413921	19.72848931521698	5.0	274.17369125421294	22.983571839710745	14.0	-0.0061216065963704954
520.9152801705741	12.402495236393262	5.0	1580.0554505644275	19.99177435512074	5.0	262.6832843600821	23.408282650055575	14.0	0.7542246835915376
591.5372347950788	13.500070239431787	5.0	1462.399116446939	20.069534280445318	5.0	297.38230760154323	22.445307535768848	14.0	-0.07888609628535913
554.2186798958352	13.739282418128498	5.0	1489.466928856695	19.797824901499627	5.0	310.33055191116813	22.416346618136476	14.0	-0.8930533403787448
725.2037200876678	14.51347907588024	5.0	1311.0758894780756	20.097096929195565	5.0	309.88689698546074	22.137485448694456	14.0	-0.43817119495208057
735.4202373270464	14.349508529142394	5.0	1336.384432586773	19.97791216084897	5.0	299.48578303999835	22.29284982134148	14.0	0.44656470598523895
937.528007241278	14.792444987119593	5.0	1188.1893055237485	20.57095012155704	5.0	273.25403864790144	22.29417520007504	14.0	0.3854942126218852
1126.2013102980636	15.86763358904211	5.0	826.6741766541227	20.777134652226454	5.0	323.0754027077673	21.284642679769533	14.0	-0.8040286862727374
1201.317899140883	16.124942888133745	5.0	744.9364514959473	21.075439649835424	5.0	328.64342668080195	20.972510050565816	14.0	1.2208589229502196
939.8167407217128	15.542095080763154	5.0	973.9345247256531	20.2248015673181	5.0	349.9602994866496	21.218910040932712	14.0	-1.151576895423624
1323.1649715145213	16.213740596737125	5.0	602.1159045896769	21.479583693699304	5.0	349.8227373352768	21.146285956696378	14.0	-1.1849048227008778
637.5271051084735	13.630960537626374	5.0	1292.629175269283	19.345861676216362	5.0	327.76559496917037	22.203298342045425	14.0	-0.08208968714383535
529.6367549496733	12.846783017462746	5.0	1358.2229606191502	19.075744891267053	5.0	335.2870079921501	21.888281604019745	14.0	-1.6577875334960621
888.4846823510463	14.40325753668585	5.0	987.2518924244296	20.383148431684305	5.0	324.38671004176933	21.453166118231966	14.0	-1.9270997958370957
1211.5374020834918	15.66857062774245	5.0	675.4538214025927	21.894225831687738	5.0	347.1538804562898	20.185312916570954	14.0	-1.921796312852643
945.1210680122153	14.163511183530987	5.0	918.1665253738606	20.450542686623336	5.0	350.5204905390314	21.09756489410119	14.0	-2.1731346165727663
947.4978176737314	13.9227899828032	5.0	976.8984669107981	20.58654093016698	5.0	340.36242816002925	21.380946009846667	14.0	-0.7555077631667481
997.0890205551015	13.851970758866022	5.0	1035.9565473471957	20.89996956297915	5.0	326.48598737943024	21.25929531825303	14.0	-0.04171651209672758
1038.319212128123	14.271582616847866	5.0	943.9159375212529	20.927033443931194	5.0	359.452453781274	20.734727839723412	14.0	-0.764049997480268
959.6199193245797	13.797758541171516	5.0	1029.639878848302	20.64278623769807	5.0	368.5182868524113	21.01805139160244	14.0	-0.7321440867261638
1077.7257991116032	14.04836583870393	5.0	939.2941364352488	21.40084111941809	5.0	351.79664299842426	20.9013002467278	14.0	-0.7269574882187269
1088.6566523751749	14.349147005302592	5.0	857.3106200528615	21.203326643761546	5.0	368.8408832163462	20.95797183542233	14.0	-0.5941244256102968
984.2546850641754	13.695793632662706	5.0	941.4829720550745	20.93748820153433	5.0	373.76970630322506	21.132868599188146	14.0	-0.09820562308050643
870.3030476523148	12.781860177672616	5.0	1051.3753937343279	20.57602090136943	5.0	362.7154112050779	21.563763380311915	14.0	-1.458311442903998
849.6546293160303	12.9072334575505	5.0	1020.4608686380899	20.683867188154267	5.0	361.47630554796825	21.596817814969853	14.0	0.5410417574946251
907.3620096802362	13.268542738179931	5.0	957.8331450561985	21.175241637533105	5.0	366.95515697773743	21.264750935596087	14.0	0.9263407073541619
856.6247154576939	13.36225735462974	5.0	956.3231946658226	20.987583185184135	5.0	404.4683654195504	21.297896407037296	14.0	-1.401641497925221
944.104695601277	13.302429156247745	5.0	985.9957650328624	21.633300985717547	5.0	381.5468867727536	21.32007925919042	14.0	0.2224491413469051
891.1603630522948	13.01111990846498	5.0	1064.9529065766078	21.264135741349076	5.0	414.2272322211546	21.825314156026888	14.0	-0.1243536889434828
931.667927658398	12.849929494535267	5.0	1193.2717807345005	21.213777402669514	5.0	420.2382096096905	22.04240933256317	14.0	2.1065703809460343
1215.9302663305305	12.91692022754992	5.0	1243.2908006274265	21.97355983568719	5.0	394.7732420071481	23.169405021170707	14.0	2.3873073926902437
1337.5026651313858	12.970389041191757	5.0	1208.3747616508908	21.842805937320335	5.0	434.51404583940456	23.17354438799416	14.0	0.2284994666583305
1503.9001254767754	12.563262606666848	5.0	1221.900271763811	21.74959524185117	5.0	390.8420620600316	24.304662437220387	14.0	2.258872060484592
1648.4825441929465	12.21061264927539	5.0	1204.9743625106	21.80731517258412	5.0	385.6649312917938	24.554873544417244	14.0	1.65314101613636
1690.6793758503336	12.281080965877651	5.0	1155.35498911388	21.577098566006146	5.0	408.58225396739357	23.568751522898026	14.0	3.2991284787250796
1632.0369774853443	12.019905831859948	5.0	1174.1002468069833	21.085262866650424	5.0	416.7005104735574	23.08978076532421	14.0	3.8972802883560638
1596.2510044504647	11.791210357163546	5.0	1156.5672714926432	21.20384205945584	5.0	442.58588587490834	22.075026653092625	14.0	3.11249673168183
1498.6027460923422	11.602377790509994	5.0	1137.0585700571617	21.02484751608045	5.0	489.166321405621	20.352624880352028	14.0	5.000499712111236
1336.76339483394	10.794209574518087	5.0	1190.3754345814414	20.341747175132287	5.0	513.120048133584	20.1161285621951	14.0	3.32733511431655
1357.1226568746122	10.679333628954547	5.0	1154.9232183178585	20.512796145200408	5.0	514.5533495661327	19.399542534928496	14.0	4.110670284498749
1231.984981793382	10.547433146466203	5.0	1118.6141796139468	20.037035897335702	5.0	614.1879329696206	18.372992939905625	14.0	2.854266260358739
1051.3671218242046	10.273872711649682	5.0	1177.8112507930448	19.131055144667467	5.0	681.578392660423	17.377363243568123	14.0	1.7256500530069514
1028.168203949081	11.237815717072074	5.0	972.5743170487442	18.966840015955306	5.0	746.2798917107981	16.63849793820535	14.0	2.3127765732877363
1186.3229693470225	12.822532562105305	5.0	683.2766993662706	20.462253618806546	5.0	813.5747913299485	15.657514700135216	14.0	0.8001916431906487
929.4436866924797	12.446479906893336	5.0	843.3504090495252	18.95844994276007	5.0	820.6126207475966	15.657005548697429	14.0	2.880451330173637
1030.9169905195072	12.951605030057884	5.0	753.805286445312	19.548901222446766	5.0	779.4385888355328	15.64887688712597	14.0	4.204672336685309
1042.1801347744358	13.388707860258869	5.0	720.683370020289	19.77450853567943	5.0	757.463261147943	15.672619183523798	14.0	5.389544347328108
949.7646824911892	14.282746233118203	5.0	691.9146015734431	18.95594545286139	5.0	788.7247419564287	16.037906129232198	14.0	3.772601704120993
452.6140230478633	11.971701830707357	5.0	1258.1214683988972	17.79209729268856	5.0	736.9008640731015	16.560339096886757	14.0	4.395296428028745
416.82014793876283	9.523304419462452	5.0	1552.2561371303361	17.779867368529754	5.0	669.5146450050149	17.5283687143719	14.0	8.405947647781536
424.0003713638436	9.106605043496808	5.0	1646.1975536076811	17.702635294150664	5.0	662.3198987580072	17.986694422584133	14.0	7.8080292705586505
363.90495284554476	9.102220347315935	5.0	1492.33491258637	17.707118427925867	5.0	617.6814454032423	18.411886776980005	14.0	7.394611365130842
333.2393629029974	6.599080615739234	5.0	1630.251481430857	17.49555055088192	5.0	508.6298044952932	20.09886403408788	14.0	7.1489288312180115
367.9003578063958	6.59166449802344	5.0	1749.8536701762275	17.88967763785414	5.0	499.86196396174006	20.357532767486365	14.0	7.44620311593212
365.31210054149426	6.238810366162779	5.0	1826.7599899721477	17.709743195985748	5.0	508.244566389796	20.862362008160268	14.0	8.440321419289743
288.876317546799	5.805879374501485	5.0	1864.4561546746252	17.279225024319373	5.0	575.8145347774472	20.689881685009954	14.0	7.169985175306149
318.1059238449392	7.198491307020969	5.0	1828.8843883998113	17.51464697489241	5.0	615.7235045916717	19.976633666194875	14.0	8.421431601952197
281.80902029015664	6.846685024036331	5.0	1770.9127209508385	17.46066979363382	5.0	629.3009432753696	19.81655923875691	14.0	10.63636013513115
269.87434095039777	5.813492144226418	5.0	1777.7211251640488	17.364152271825294	5.0	589.4792533551471	20.222073338765817	14.0	11.868927086751413
286.2597614814898	6.425448175895265	5.0	1733.8715341774825	17.633868577330652	5.0	620.3723524167381	19.942305291232778	14.0	10.861585040157927
320.3908994496611	6.2170814311334635	5.0	1767.661496613346	17.811449225268984	5.0	621.6131668066698	20.961469641051888	14.0	11.504994697211993
297.1306540127419	6.254282091026218	5.0	1720.197906840292	17.982276940106217	5.0	669.0533824272228	20.810023447472037	14.0	12.961358596294128
312.751654453103	6.573039695401454	5.0	1593.8854673702624	18.01696510170443	5.0	628.5218190124716	21.05178634408305	14.0	13.792954242432977
383.40376089826714	6.703764571276617	5.0	1557.1299175346364	18.134751760333536	5.0	578.2876122042637	22.324087650723083	14.0	14.411306739828943
355.1385683168587	7.009964292058452	5.0	1507.4884258706034	17.962103417778405	5.0	650.89088071334	22.1152496222659	14.0	12.651067499276632
338.8791299521088	6.9063739901359815	5.0	1526.7193554510595	17.808227990781926	5.0	663.0771139173626	22.273646651806402	14.0	11.42988696732341
363.8308172567833	7.054534847348547	5.0	1559.6069155145265	17.829038338030088	5.0	674.6530151104774	22.48998894892995	14.0	10.942394287102488
358.60603290664096	7.579279487742468	5.0	1478.7186876800115	17.96048094262695	5.0	682.831546055508	21.884569444048417	14.0	10.715691933892137
350.2609850763536	7.207408087693755	5.0	1517.3685262663646	18.06784134491203	5.0	657.0700929849376	22.224026654797875	14.0	9.23602380994846
349.91891484490964	8.42456606419833	5.0	1508.1520626005715	18.28338210907778	5.0	698.1700143742553	22.03563157506833	14.0	8.443809352954888
381.8825482861384	8.817179216683266	5.0	1551.296936650518	18.420443779114926	5.0	679.8808516756653	22.338574052180704	14.0	7.6606695789205075
382.59573335907163	9.1921525675209	5.0	1507.2459928150429	18.428510067817133	5.0	687.3470376186208	22.310797443665447	14.0	7.0771821097414005
460.71360341143946	10.411580703180826	5.0	1411.3411421027274	19.038554344053473	5.0	704.6899420306164	22.404346101611008	14.0	7.8219087499852185
486.64636624743696	9.673132857968838	5.0	1521.775147355302	19.24619108862562	5.0	657.0726784291932	23.39489254346443	14.0	9.804442641756458
470.28488238142364	9.906604186096132	5.0	1516.2925455930583	19.089853668975582	5.0	666.9669117532902	23.67497852024636	14.0	11.711521710934608
532.3624907028226	11.29753933040723	5.0	1398.391377184715	19.412777024752593	5.0	685.3829230816292	23.645825036849853	14.0	14.711031641552411
622.4005990683181	11.74210059393351	5.0	1344.321453162817	20.020370207968018	5.0	663.318756527293	24.36449917765356	14.0	18.871431371689514
771.1026069542531	12.476939655574292	5.0	1250.6366879135226	20.833643663415817	5.0	643.4839138243766	24.94352383270903	14.0	21.512623712274102
790.2848932603242	12.686350314041182	5.0	1245.64413491592	21.188843179658924	5.0	647.4567682733907	25.032953433603105	14.0	18.826463919028985
789.8790007194889	13.689844937115641	5.0	1103.0115656170888	21.474820241778556	5.0	692.9974708071423	24.32590463182035	14.0	17.29755926397734
770.5207709084616	14.032459038924845	5.0	1052.9484628908929	21.51991742917768	5.0	717.015835532342	24.230256850762338	14.0	12.017077475073904
751.0748481011693	14.252517163949333	5.0	1050.944858885384	21.50248815446545	5.0	703.8810204953083	24.487563235871065	14.0	9.399270343401657
846.8207328276148	14.609045861074394	5.0	865.6284929953756	22.45354358906873	5.0	695.5904050824535	24.032792609596854	14.0	7.4148353651587495
873.684869685498	14.768255325143338	5.0	840.0534411345268	22.927276639903248	5.0	696.1508647226582	23.622240074502727	14.0	3.5697580480576234
928.9861083831968	15.724313768525018	5.0	688.3623285403975	23.485239632001495	5.0	719.4024094928463	23.34052862234415	14.0	0.5438031077308857
946.4469964840723	15.84889937439271	5.0	609.7948040140466	24.01167880383017	5.0	727.2517700561593	23.326103766556564	14.0	-1.1157916343744665
1028.2002973175545	15.815219695093527	5.0	627.1525435204675	24.218912963546938	5.0	698.3670015894337	23.609174866817725	14.0	-1.6207012561545853
1007.7829161382319	16.164098164410746	5.0	586.8218451361442	24.45431885587629	5.0	704.6015684397889	23.438819104833396	14.0	-3.191132264447523
1037.7254557185806	16.4190360060588	5.0	526.5895626294316	24.86722902449448	5.0	661.0730130910828	23.41221857609075	14.0	-1.7909325390479762
950.6782681388677	15.942105828123937	5.0	576.4019162574557	24.368226750533964	5.0	615.6529604233929	23.85619265265676	14.0	-1.0781951054973264
984.0962195292769	16.31187280778209	5.0	450.57166128041337	25.741571573143137	5.0	585.2755621132337	23.452299842826545	14.0	-2.120467720609156
991.4211148892923	16.671319837049612	5.0	371.3685834270226	27.055638453504063	5.0	556.0247903193513	23.129532721691845	14.0	-0.7859770091067841
945.9914452739938	16.86576576195276	5.0	387.87136803105284	27.563651534490283	5.0	527.0041454282238	22.985009896801426	14.0	-1.0982965687484982
972.1939819327681	16.979802710987244	5.0	482.70422319592865	28.34309459538248	5.0	460.2368677109338	22.631550160335895	14.0	0.3275241625962193
928.1042794468191	16.68842369790674	5.0	574.883837389449	28.35318342367446	5.0	442.58866435864644	22.4457607954418	14.0	0.5824180314016925
961.2163832938922	16.74955474351203	5.0	683.0316125845626	28.74346086602148	5.0	416.2549939637631	22.25711598700758	14.0	0.4697395007962441
986.660661887123	16.59701022362085	5.0	838.4880458656172	28.582941830500566	5.0	390.72313647559287	22.28143295977345	14.0	1.8180940105625696
989.5790393220507	16.31922133718668	5.0	1069.2950086024073	28.265706116304884	5.0	362.3557080011274	22.18725050830458	14.0	2.5277807418142038
1089.503339327698	16.524816936092282	5.0	1300.6171478735653	28.152810821428993	5.0	333.23895674781176	21.41550196719543	14.0	3.660655229542168
1077.8618570234084	16.349405373181018	5.0	1485.3704586881481	27.53089923455569	5.0	361.40605844630875	22.47318287780521	14.0	3.98904121131235
1029.8649980195732	16.164013783445593	5.0	1657.4740958869081	27.124705093016008	5.0	374.15907422582814	22.17349256642485	14.0	3.3636880901380977
1026.5777055063993	15.849052919142567	5.0	1806.8810157712016	26.76800531640751	5.0	365.314096530159	21.430748734638865	14.0	2.649728775964003
1018.4551341547086	15.816012973427119	5.0	1830.6228612227658	26.477304866324815	5.0	383.7155638423703	21.156988495800398	14.0	2.471554610606719
1070.608639507984	15.646554338071532	5.0	1917.047430436282	26.390041597546666	5.0	379.1115126159462	21.347072028308187	14.0	1.854093770219099
1120.3931364089174	16.043471385917822	5.0	1971.0046868052934	26.53305758716815	5.0	380.75471765841127	20.88648102813015	14.0	2.517500491061846
1244.202672168876	16.26183206978861	5.0	2090.1890365805466	26.6561325263935	5.0	363.51082927883806	20.670922085540237	14.0	3.0362595042795593
1409.7210420733072	16.368407415963038	5.0	2393.153106650953	26.650154863761095	5.0	329.3881356250378	21.077802951192833	14.0	4.871918186557238
1454.4995774894205	16.497861116998504	5.0	2715.7244048846105	26.376521981965723	5.0	345.08590233115956	21.677680088338796	14.0	6.025571272692982
1581.0603812185889	16.83416672834694	5.0	2918.5707388906912	26.229157708160006	5.0	375.46408303931327	21.551250165096707	14.0	5.362506859843774
1685.1218192806436	17.074555682847766	5.0	3155.744323093286	25.98408692400472	5.0	409.01971653318424	22.047685643573264	14.0	5.189959184805401
1729.773013973844	17.01952197182304	5.0	3516.2193463136296	25.468037173926508	5.0	451.76620109537316	22.523014407832598	14.0	6.090903280038324
1877.555865322026	16.78540641212946	5.0	4014.025752392776	25.096939006479943	5.0	455.74719205627025	22.883796647174503	14.0	7.150170834392088
1851.4605993997575	16.273984343094774	5.0	4921.881301092849	24.519070989602152	5.0	429.6980866742552	23.710272308752185	14.0	10.06709769933121
2007.8443535828844	16.443225953728398	5.0	5687.425767207718	24.44557281263593	5.0	412.9944874849669	23.08446342429443	14.0	12.322059488777526
2136.462610903068	16.221660239796744	5.0	6648.824169307882	24.398328476308514	5.0	346.1216111941268	23.485341359740865	14.0	16.927599261238274
2171.9073280367343	15.23412843443863	5.0	8059.207000261552	24.29649674020171	5.0	143.7050046886707	40.0	14.0	18.68798748230062
2367.241235041668	15.164904067098474	5.0	8534.486227211048	24.43328387774869	5.0	121.62412977553846	40.0	14.0	18.89254295663237
2630.601353589268	15.451314303835085	5.0	8833.964953665502	24.482903607818397	5.0	122.23437346274144	40.0	14.0	20.99249706220162
2900.015992940043	15.698256792697862	5.0	8812.224389193263	24.58102746372124	5.0	137.14718665603726	40.0	14.0	21.682333178535405
3073.924635891824	16.1539697957087	5.0	8156.92164009153	24.552833954645635	5.0	290.52251812158806	24.16313910663031	14.0	24.80324581742089
3185.175055362163	16.482865973662	5.0	7924.005189358684	24.539633452745846	5.0	357.23545989579117	22.45375577446425	14.0	22.56289301149996
3278.9085115367925	16.613420554787485	5.0	7640.662323822572	24.466634217375603	5.0	386.63896857028965	22.237574167354314	14.0	21.604559195416968
3342.079098252962	16.889924641569763	5.0	7262.10888963783	24.267625049645783	5.0	479.13145947006427	22.15182138122299	14.0	17.241440865593873
3235.1585311602717	16.897251555255142	5.0	7259.85883505005	24.153143760744047	5.0	494.07978083902015	22.115887933599314	14.0	15.762379385380672
2915.474086431137	16.73503375448359	5.0	7349.0145787015435	23.779208531301798	5.0	548.978616870542	21.914517936863344	14.0	14.311557255155373
2557.7936206286295	16.421574346324345	5.0	7482.636974042829	23.396078782476913	5.0	588.9434041219164	22.251758991481466	14.0	11.628200335603664
2369.217761939896	16.076728008930175	5.0	7601.49499770747	23.202023547628432	5.0	553.9455621888028	22.305418377261223	14.0	12.544232063628346
2087.5514723135334	15.48632209960268	5.0	7848.75536498054	23.02698625663599	5.0	536.4860237235897	22.772689143892226	14.0	12.783378702530756
1921.8236507963782	15.745001234819647	5.0	7649.3286683939905	22.880580813923203	5.0	607.612248359921	22.89421069461825	14.0	8.5901935561362
2036.1057683985027	15.986059325784836	5.0	7401.867191579684	23.023618922367092	5.0	602.2874315478564	22.48196560000612	14.0	9.129987448219456
2075.9869549670825	15.782714428792204	5.0	7415.110772436488	23.09979910817449	5.0	569.2883700195481	22.337875975010547	14.0	10.995369762913866
1735.4524326126675	15.188672916175422	5.0	7580.405168985962	22.85356323297827	5.0	602.5220808554299	23.051819650177812	14.0	8.846311304484866
1858.3366591930671	15.571742954654573	5.0	7222.910279125341	22.98624306076551	5.0	591.8804753483703	22.732796120431722	14.0	9.32666213060535
1642.514015233552	14.951361848863266	5.0	7478.9362832187835	22.985315518634085	5.0	568.1009171408456	23.41034293136578	14.0	9.422193615851773
1476.5159237648234	14.510785694997507	5.0	7488.114297930085	22.926732269775894	5.0	590.342777355378	23.733268332632885	14.0	8.547931883238652
1369.3393354142333	13.862449114365349	5.0	7747.251069382246	22.915375134740714	5.0	566.5040353342755	24.242283092928254	14.0	8.7898981955189
1420.0894717728956	13.54007631165725	5.0	7971.230802815356	23.04560461248691	5.0	553.2068976704647	25.02927374572411	14.0	8.990512822568991
1405.4838841648054	13.273723769173948	5.0	8310.75955483963	23.01450795894215	5.0	561.3875908960918	25.102566524252676	14.0	8.440889101995444
1498.8539604719988	12.665701000470436	5.0	9018.4389504556	23.18606376245555	5.0	413.6695211782815	27.48525190621911	14.0	12.928719110145606
1522.6451272780291	13.065774319020031	5.0	9162.621987507413	23.36895219179365	5.0	482.8332225704729	25.641322961884605	14.0	11.977537202891643
1530.695055571605	13.319006178373819	5.0	9295.3565178322	23.355813980421143	5.0	573.1850051296294	24.86930825412866	14.0	8.991610452034164
1570.3404590585126	13.311093352218396	5.0	9503.38024707347	23.398452681100146	5.0	560.4148622526058	25.00325462905261	14.0	9.801874991174063
1542.2354927135732	13.214405396399265	5.0	9640.85747541753	23.374923300349362	5.0	552.4482493384886	25.347579267167802	14.0	10.94757005896526
1429.3847006412484	13.182562107202696	5.0	9476.91012337241	23.292491643921952	5.0	646.1592119991524	25.026336641629587	14.0	6.042481399799795
1332.579492433449	13.199988642657019	5.0	9204.863188752055	23.15033870027947	5.0	696.8784147102334	24.689427759012812	14.0	4.954492306547329
1379.1567013347494	13.801929245122091	5.0	8692.429170753601	23.135501953554563	5.0	711.0467305724341	23.980342185739847	14.0	4.235148925260756
1343.3649212372895	14.42301720980494	5.0	7951.168052500264	23.113168800043542	5.0	782.9924605246562	23.4556004062059	14.0	1.4379580443754774
1323.2604814840179	14.489180753820994	5.0	7301.298029398605	23.023579957983213	5.0	814.0371278685798	23.220465241535685	14.0	-0.5425278456847263
1870.4753181204221	15.951647367506355	5.0	6456.1465003959065	23.395308508295216	5.0	810.1859205502981	22.445356678663444	14.0	0.2710455152823607
2319.3307460864594	16.528955586376114	5.0	5832.514410124975	23.719608764937732	5.0	798.4074260709648	22.057776490192516	14.0	2.5204135119207596
2771.5514439984645	17.352033694241165	5.0	5124.705550205665	23.971045290395434	5.0	879.8279723516561	21.50513067254258	14.0	0.38444426598926773
3569.318213549154	18.102111312259833	5.0	4341.305958951028	24.9053107409845	5.0	874.1323147836396	20.814221822119872	14.0	1.440199714869117
3716.7459693498718	17.493711376566516	5.0	4524.756007688885	25.292627321566712	5.0	793.695953176193	21.056523376104916	14.0	5.67530591812157
4415.917734831962	17.99405339549502	5.0	3889.264215567162	26.142721669014126	5.0	783.3905681788173	20.554416716461226	14.0	5.669414084564914
4644.757105911205	17.97632010605343	5.0	3657.099562576188	26.580000856561245	5.0	723.2854028711776	20.702298104285635	14.0	6.065343119969408
4559.803315567591	17.475042653517534	5.0	3799.5973928859003	26.596372630296205	5.0	634.4428384180501	21.408435083387943	14.0	9.453173756506551
4454.201714638879	17.31320096933042	5.0	3653.5290925341083	26.93822873160167	5.0	603.0123457034073	21.314043863382153	14.0	9.277111917030343
4303.143842551822	17.195760945351694	5.0	3641.26585659098	27.224549063182995	5.0	545.4460647273534	20.844529390633756	14.0	11.220683157645578
4221.975125337725	16.978631276082034	5.0	3534.307749265785	27.48360812769873	5.0	501.27669100545313	20.67182838344802	14.0	12.507003557253748
4110.06658267998	16.76199127316322	5.0	3381.509397402465	27.691130037191748	5.0	505.2369933868162	20.774520622082044	14.0	13.343125504370926
3768.753022777417	16.433839138661288	5.0	3361.585501936555	27.652677848105736	5.0	536.5017572659655	20.98542440742023	14.0	12.082066084992338
3546.663339594613	16.04770179334406	5.0	3273.881200295243	27.660304571709514	5.0	559.9506300016553	21.41707209900122	14.0	11.50165387333606
3533.2511343004016	16.01147550712595	5.0	3158.761298628734	27.823649695801958	5.0	575.9466771015959	21.226743320835634	14.0	10.464455995410264
3364.7691432980178	15.912228527299893	5.0	3081.264944793484	27.626401465320384	5.0	661.8120098142334	21.660858742718258	14.0	9.670134942637237
3176.384761835512	15.675324530262815	5.0	3135.0872431962	27.499041891274388	5.0	715.4601537230468	21.82887899495716	14.0	8.06215946175098
3178.3591487903404	15.52431615690997	5.0	3237.6014515172824	27.541500616422315	5.0	685.3455880856022	21.897357576582856	14.0	9.29764923921194
3148.402564230695	15.350200661220684	5.0	3261.2036531152517	27.52217454857451	5.0	697.4637965141418	22.18756675884183	14.0	8.881768681369397
3056.6083738016573	15.209151018275174	5.0	3252.790832420673	27.390079280880162	5.0	720.7728191681399	22.76408094576392	14.0	7.272668380975312
3022.056941821439	15.251009011041438	5.0	3174.7171783688505	27.344880321798307	5.0	686.4167903486012	22.653323084803507	14.0	7.465557172166564
2889.5331240370574	15.276088930322269	5.0	3048.3169930019353	27.309412959166995	5.0	685.9645139631457	22.288113331820746	14.0	5.8174906860028255
2774.782002496429	15.200003475605138	5.0	2897.3190949162845	27.1122367298205	5.0	687.6085117584887	22.628833667809868	14.0	4.188578505584163
2595.9408660896624	15.148267349721309	5.0	2741.4851266541004	26.926982996918284	5.0	687.2510992384075	22.63366328796373	14.0	3.844902523892572
2408.1696931788215	15.258488984513797	5.0	2701.256211425377	26.884802387746692	5.0	685.6395113763929	22.384326705988446	14.0	3.046351376517761
2377.003315853537	15.431847105596487	5.0	2595.0193599987424	26.983258302675072	5.0	676.1598396536407	22.450382723686815	14.0	1.467195009759476
2293.862433087534	15.503289667221352	5.0	2528.2457885242056	26.992111677602857	5.0	684.0055225322507	22.26299557887855	14.0	0.8544550685154798
2183.959660978249	15.811100873352512	5.0	2508.1377252329457	27.145018514749065	5.0	731.6447297918579	22.14073647456586	14.0	-1.006985993379464
2137.958276613738	16.193427015391862	5.0	2418.1082585082995	27.436940467215567	5.0	749.343812597112	21.929100420738735	14.0	-2.350572316785903
2087.675544230562	16.51598618286202	5.0	2296.908643620113	27.818102621815193	5.0	784.2844618182598	21.65313800633371	14.0	-4.532220634148663
2111.4862971112075	16.709841647357116	5.0	2312.020441881548	28.15162551934087	5.0	786.9833239127723	21.43622470755766	14.0	-4.537930784740321
2056.2691899597103	16.58802892422036	5.0	2294.8591610912686	28.21866624285413	5.0	777.2267279805174	21.553332708018946	14.0	-4.678665622126733
2026.8336612848645	16.398932382406272	5.0	2196.639798758338	28.248010412486146	5.0	754.9665575881437	21.96284447425313	14.0	-5.182811217899518
2014.9169173542234	16.364452480638786	5.0	2036.096596831389	28.208876397254695	5.0	742.3768397487372	22.177620966228645	14.0	-5.317147200697414
1939.8969070850446	16.34929837258209	5.0	1880.2950437727154	28.17362408189473	5.0	742.3015743199636	22.061994604346953	14.0	-5.3544456457655185
1887.7943817667103	16.35395315015168	5.0	1759.4601667871782	27.85375451675225	5.0	710.219421982339	22.073059502218236	14.0	-4.854633681878724
1901.555857063666	16.259479673798236	5.0	1717.0740738510744	27.428857470013323	5.0	680.9178406122745	22.172991796507215	14.0	-4.008541750144572
2025.8352558068457	16.068358499860448	5.0	1792.2880351732629	27.421685995645014	5.0	604.1122644121147	22.20642472982531	14.0	-1.4794717365656729
1999.7102715781832	15.825285558177157	5.0	1885.7913504127807	27.18144723043521	5.0	558.3246645983908	22.33020612161083	14.0	-0.7463710609140887
2031.0304547130606	15.85121768259824	5.0	1887.7486569299326	27.383656901273117	5.0	543.8259920034263	22.191965021346405	14.0	-0.852737383223254
2082.2736665305047	15.752416171024445	5.0	2009.753140654332	27.422778397687456	5.0	500.2677694467189	21.892107991518312	14.0	1.1545620560971632
2078.848546764598	15.578861103359928	5.0	2114.001392949261	27.371437337166928	5.0	506.4927323203793	22.148320626986283	14.0	1.4179137842735936
1961.5391073487135	15.613942445435635	5.0	2135.739412787277	27.382353529505473	5.0	563.362389006639	22.058094337662386	14.0	-0.45140890373019094
1524.4318502535973	20.0	5.0	1216.5972985408305	28.948385978114473	5.0	1283.6186851978107	19.16373368950256	14.0	-39.5741874786335
1666.267830396874	20.0	5.0	1272.5432467731807	28.728872823947064	5.0	1335.6019631521754	19.375723110915064	14.0	-39.760838742083315
1899.97510038674	20.0	5.0	1330.3176194496143	28.36818332463997	5.0	1370.2955073562484	19.625036075734076	14.0	-38.50430805793583
2245.9720712371736	20.0	5.0	1261.7275320222957	28.488730413204735	5.0	1444.2553589753388	19.768323575757627	14.0	-39.54234899136927
2568.475574528704	20.0	5.0	1165.1602147545789	28.74643571991277	5.0	1516.901618849371	19.822426292904385	14.0	-40.51101561385629
2742.771851283159	20.0	5.0	1026.2510897704292	29.007339334971107	5.0	1628.0346902665983	19.80022540984174	14.0	-45.43747755384667
2985.8319006842335	20.0	5.0	947.7076934735937	29.53729007596224	5.0	1664.0028338690831	19.749519485598817	14.0	-46.728571264355054
3124.439044098663	20.0	5.0	872.689044768447	29.780649178535015	5.0	1719.7000967317204	19.66186814931857	14.0	-49.36064461017173
2996.577465154939	20.0	5.0	811.8225354197273	29.690152260385133	5.0	1799.8857278830742	19.614093867042726	14.0	-52.880908304243924
2833.438489640253	20.0	5.0	982.5217596982744	29.39936195931722	5.0	1750.24814905407	19.39569843116919	14.0	-50.74891543756284
2540.0278641328514	20.0	5.0	1202.6665799472123	28.865948801229855	5.0	1700.6587544354572	19.230961443882904	14.0	-47.50826837230152
2086.0174514944515	20.0	5.0	1475.4001546120746	28.263242143607084	5.0	1661.9256557080064	19.04198685839758	14.0	-44.09639353773519
1694.4475952511887	20.0	5.0	1771.1079344547586	27.928756459221145	5.0	1587.3466758704758	18.800710283606158	14.0	-40.78401552539379
1297.9082173022712	20.0	5.0	2058.862235203621	27.35991597124995	5.0	1533.0845271613862	18.677659825831203	14.0	-36.38279387931558
955.3269129645175	20.0	5.0	2334.5513128197335	27.13602511010665	5.0	1466.1419316066308	18.624109418879303	14.0	-30.763704137598484
702.7761782542559	20.0	5.0	2519.6620051410014	27.091024948420465	5.0	1373.2400503243668	18.5619094382462	14.0	-25.52734373407999
549.8233498197523	20.0	5.0	2649.3819134388314	26.690262449860047	5.0	1288.7289093285842	18.76327626677562	14.0	-18.281592575146743
486.3225191519567	20.0	5.0	2776.3603358413616	26.401629872614894	5.0	1194.108376831791	19.096780102218663	14.0	-8.824304048947639
520.103150561962	20.0	5.0	2788.6865477498054	26.407721508275163	5.0	1094.5185387698264	19.424687078764837	14.0	-0.34020171607887684
556.0336535921624	20.0	5.0	2678.123188344884	26.07534449153392	5.0	1084.0034706939844	20.42706454349943	14.0	4.018793276389473
504.76673370703713	20.0	5.0	2678.661986644648	25.631525826541765	5.0	1076.0464761705693	21.19023731670969	14.0	5.1764730180480365
446.9558888261401	20.0	5.0	2645.3353896114686	25.422785137157334	5.0	1055.23384044482	21.805759345964326	14.0	5.053727453562516
306.31009384007706	20.0	5.0	2631.84833176459	25.14811184890554	5.0	1047.0612898941154	22.30622377140963	14.0	4.341641125111563
845.3408889746354	20.0	5.0	2261.075892042448	26.255122394824827	5.0	874.3911731691371	22.35711842961499	14.0	11.94653994094094
1182.6307291286244	20.0	5.0	2076.4778066413664	27.140244586734177	5.0	754.2416923558499	22.565667718547584	14.0	16.150665723915797
1492.513050989922	20.0	5.0	1971.7471474043061	28.049971442832657	5.0	640.1518802092212	22.909666288247575	14.0	20.327994972794826
1739.0908951640718	20.0	5.0	1892.6542492793617	28.864904988673626	5.0	548.5282576066362	23.357000455836214	14.0	23.11472403088198
1890.6975752900962	20.0	5.0	1874.5485753397288	29.37787447282259	5.0	504.3185933558899	23.884551095508503	14.0	22.69565012736881
2027.9780312564799	20.0	5.0	1882.275293572192	30.005415644016143	5.0	439.2796242241648	23.632240494745698	14.0	23.841987407189592
2165.478376102695	20.0	5.0	1840.378438633796	30.61702786892432	5.0	390.47096230456987	24.33637374313129	14.0	25.13291220205249
2248.252080478069	20.0	5.0	1768.2693840703191	30.83099970684361	5.0	370.522271488946	25.667959675653794	14.0	24.571661731808348
2309.320072690052	20.0	5.0	1770.3654160628184	31.03724217753073	5.0	356.1172410817474	26.638283844054794	14.0	23.54291126609203
2489.6601491155625	20.0	5.0	1787.4965590573763	31.43685347268488	5.0	295.38244624409066	27.808631214006727	14.0	24.79939847467951
2623.44097190249	20.0	5.0	1791.1897015391146	31.678163046311436	5.0	295.1000396522404	29.450262169738767	14.0	23.05333915484437
2688.1889625123363	20.0	5.0	1848.4438753358809	31.88100420935631	5.0	338.5463842755374	29.46638340002869	14.0	20.802882439295946
2792.3155159368152	20.0	5.0	1905.408519305246	32.159366729029195	5.0	343.8647622023374	29.464072997148108	14.0	21.114895403059382
2895.7620961378	20.0	5.0	1948.8556896356686	32.03860738105548	5.0	341.9803491499857	29.899679098301057	14.0	21.04187280304168
3068.030769532023	20.0	5.0	2093.8288439390217	31.942919832910558	5.0	295.44792633329195	30.9491053684686	14.0	21.339848755385333
3270.0849486602924	20.0	5.0	2242.465422750319	31.97450398735299	5.0	227.70680260556395	32.54673862405693	14.0	21.34913700675701
3371.9626556513354	20.0	5.0	2313.099456767643	32.019801288328274	5.0	197.83507390173014	33.14118378692164	14.0	22.953178250254346
3457.747962871277	20.0	5.0	2301.914788897064	32.13272575533688	5.0	190.72019825505365	32.585052529856384	14.0	20.975857395468307
3589.081831015274	20.0	5.0	2278.104318538605	31.995757835927613	5.0	183.8533826181358	33.584518639630936	14.0	18.951809102466125
3680.04006944645	20.0	5.0	2202.7781413505486	31.73622589815709	5.0	216.72984999444984	33.759034187808346	14.0	15.913748294673262
3723.6203840448047	20.0	5.0	2150.5446795848407	31.568240093021338	5.0	238.00784772610572	34.01662959208457	14.0	13.94468176118425
3733.0631143675278	20.0	5.0	2204.8408971535955	31.064075211636478	5.0	259.85521655863204	34.21212196154136	14.0	11.377724575559125
3774.3546954572284	20.0	5.0	2300.8957120350046	30.604626073183304	5.0	275.0738486715371	34.42784493849926	14.0	8.851654773619982
3681.1025682340874	20.0	5.0	2379.141628792827	30.384614215859163	5.0	290.58104209146285	33.94465346938507	14.0	8.954588131873198
3516.1063848152157	20.0	5.0	2480.3665060888334	29.954272529341463	5.0	312.354391907403	32.85061659890614	14.0	7.999083999951911
3348.735824296107	20.0	5.0	2632.044598478616	29.720681208584466	5.0	298.39743774711764	32.47346757270184	14.0	9.545283042038648
3164.954466208523	20.0	5.0	2670.1763511059116	29.561382060263153	5.0	293.7680478468145	31.471418874705403	14.0	10.282252567388001
3006.694507282086	20.0	5.0	2673.1083412921203	29.20441154976592	5.0	303.46879568795356	30.34808720901153	14.0	9.481481297082059
2861.9989598250877	20.0	5.0	2623.4073178589133	28.890813449229434	5.0	312.5060269653577	30.307186904861698	14.0	8.168204731626188
2674.955063264203	20.0	5.0	2564.475170269086	28.62583170263795	5.0	338.8034331376681	30.039536633345264	14.0	6.44094459200976
2491.052038400242	20.0	5.0	2427.007791904427	28.51724805859192	5.0	328.7348055601452	30.08740918609173	14.0	5.38800839588915
2358.2804975192344	20.0	5.0	2290.0478441814566	28.389966419770058	5.0	298.9809567391436	30.511967393115512	14.0	4.93343689608836
2143.5858205371296	20.0	5.0	2161.6623182096337	28.450344875756915	5.0	293.21071765360404	30.350317257673293	14.0	4.18263953622454
1849.1922974014205	20.0	5.0	1977.0909405403195	28.66672881614484	5.0	266.7430210802496	29.883511577802903	14.0	5.129581634066613
1659.0500414969877	20.0	5.0	1757.296526783489	28.97611038149132	5.0	241.75687732193742	28.95009529016566	14.0	6.138553652621663
1518.9950608824506	20.0	5.0	1520.8037206407096	29.144675956734893	5.0	221.59329180526356	29.092273597620125	14.0	6.21681419074785
1345.077158120295	20.0	5.0	1377.1654242236166	29.227850046756572	5.0	208.34294241827484	28.407953991098438	14.0	7.350298077046771
1212.990116348082	20.0	5.0	1302.2578929486965	28.888513443976297	5.0	216.05582167782697	27.45095177654945	14.0	7.9466930321336635
1119.059211710329	20.0	5.0	1224.4610862765837	28.39436678448857	5.0	233.75210261012018	27.635279116799612	14.0	7.987148056514195
1141.1155694524716	20.0	5.0	1230.2729086527993	28.48334799428412	5.0	220.1005627164038	27.091389118472357	14.0	8.650570683590882
1051.192270210993	20.0	5.0	1316.3097674699209	27.877551754047357	5.0	247.56250501356993	26.278423184879454	14.0	7.600023845732686
995.7902340634649	20.0	5.0	1361.5608131517245	27.42089261390575	5.0	254.39294038691173	25.89109330307867	14.0	6.070870113168705
939.4044058055875	20.0	5.0	1357.9714182042885	27.18963197979612	5.0	255.4476218321673	25.07204138666712	14.0	4.3048981486276
808.5426591079823	20.0	5.0	1335.4605867353769	26.772485598756255	5.0	263.5004517944714	24.557936896326208	14.0	2.730372029000396
812.879555526338	20.0	5.0	1255.234216615582	26.43730101789313	5.0	235.70838292802907	23.857381502699628	14.0	2.310543005807054
739.8808526516875	20.0	5.0	1179.3459309567468	26.00962950802782	5.0	227.86878923786918	23.543278587859046	14.0	1.97257327152234
650.8694106485068	20.0	5.0	1122.478852249002	25.70371456316007	5.0	220.06353717025326	23.416873796232515	14.0	1.2729891512834803
586.8847181292863	20.0	5.0	1114.6765797329692	25.467862610069773	5.0	208.87848053887365	22.928149727768915	14.0	0.8125837042098376
501.18092739013514	20.0	5.0	1129.2571802747216	25.05811861490663	5.0	195.39473074489285	22.48593550560412	14.0	2.0471578487604076
348.950788605051	20.0	5.0	1188.227890332708	24.59587328558153	5.0	199.4507696439523	22.35039280892068	14.0	1.4142652433926939
364.1990121019483	20.0	5.0	1089.9696331449159	24.77673075761045	5.0	192.68532797583288	22.256788843533787	14.0	1.2867226652151214
362.71805790609653	20.0	5.0	1042.444827749723	24.66394953808563	5.0	185.42211965082865	21.979588399696045	14.0	1.4259398348767116
349.4468617444536	20.0	5.0	1040.0019159657736	24.53895885094264	5.0	184.51802812453187	22.403904217808282	14.0	1.2409564392766272
393.86663700472576	20.0	5.0	966.9745620729723	24.76930021441869	5.0	185.51608414271197	22.56900661604536	14.0	0.5947446427189381
379.05344020450366	20.0	5.0	960.8628071300876	24.633548106509455	5.0	188.36164437144816	22.97914189410658	14.0	0.5833516652727159
419.9431058260551	20.0	5.0	927.7507767277064	24.862786672527204	5.0	177.07653307959953	22.829443084454557	14.0	1.0387584983307452
368.820981138634	20.0	5.0	980.3685057107043	24.71407036906836	5.0	172.5336725741761	22.37072911506555	14.0	0.9216121758521884
298.93261316187994	20.0	5.0	1039.19110737435	24.54308689282369	5.0	169.6851752521835	22.373911592841452	14.0	1.1581351782434788
313.71897996517094	20.0	5.0	1035.3005640960632	24.708429075898113	5.0	158.0629408915412	21.856779265585082	14.0	1.4102477903932256
337.724977867263	20.0	5.0	1024.24637693199	24.630062701983782	5.0	164.54558822011117	21.92421540919021	14.0	1.2603164954717312
269.29476291443814	20.0	5.0	1115.4987234436196	24.374137887656794	5.0	169.87123632025762	21.98886263593195	14.0	0.37084166769472116
139.58634291588268	20.0	5.0	1300.2344977647554	24.12584448340834	5.0	174.27320146362524	21.62240652710427	14.0	0.4947454490397717
203.80201473466957	20.0	5.0	1290.28902210697	24.268537098243392	5.0	170.77967283520738	21.36459943241223	14.0	0.17315860370401323
222.69318958244742	20.0	5.0	1289.8523721647116	24.313763795237914	5.0	168.2288131270502	21.748926750061877	14.0	1.1449071307517582
122.74254037716794	20.0	5.0	1426.4504024488353	24.197945246241325	5.0	170.96933655006762	21.452125547781126	14.0	1.3981638662873137
199.0873920770963	20.0	5.0	1351.3222901280626	24.414674593253366	5.0	164.67691754037787	21.530063396307874	14.0	1.6008860753369958
151.4672734083039	20.0	5.0	1364.3222691467986	24.374332832012506	5.0	164.99536935877575	21.32971822654435	14.0	0.8116118826165103
182.8178015586366	20.0	5.0	1273.34098423514	24.404951191940956	5.0	161.67180572687906	21.501386025340732	14.0	0.863052422667559
154.95493405260638	20.0	5.0	1237.138111363963	24.355787909771827	5.0	160.90292756524983	21.266432778930294	14.0	0.669625600506321
82.2762882239691	20.0	5.0	1269.632277470459	24.167742197571567	5.0	160.51729316707565	20.858661696034105	14.0	1.1205366984373357
122.65628584952533	20.0	5.0	1193.3086778383242	24.18560124273966	5.0	149.6047613882155	20.831375320616527	14.0	1.3855659279991166
135.9411161476133	20.0	5.0	1108.6270163939832	24.231791766028174	5.0	144.83646338387592	20.261972767893777	14.0	0.5108435349928171
147.9663153087836	20.0	5.0	1010.8871319520088	24.06803077881486	5.0	148.39827619067447	20.711195829586703	14.0	0.8043143111850855
92.60410272436094	20.0	5.0	1015.3268683552915	23.71461096700849	5.0	142.49050319700726	21.062450505835674	14.0	1.0113771218690781
106.86884589689033	20.0	5.0	944.9971691647731	23.72151918704738	5.0	145.31299561005065	21.25995661924337	14.0	0.5704546858735536
92.57421348405485	20.0	5.0	925.3652582056583	23.61025495681764	5.0	148.44861375844278	21.43492243222472	14.0	0.3222465108861217
43.33924813247219	20.0	5.0	986.0233120301734	23.39310476101116	5.0	139.60180175726148	20.608524742817693	14.0	0.36351429404110613
122.06863550513846	20.0	5.0	925.5804200189065	23.571928688549963	5.0	135.5609587120959	20.894653937841163	14.0	0.8494336332514175
111.65044470772104	20.0	5.0	954.8099167252354	23.42419649862888	5.0	142.41857951972952	21.74850667782052	14.0	0.7221547666498122
0.0	20.0	5.0	1120.675182963951	23.01044941096313	5.0	136.83056412433464	21.197097467088426	14.0	0.905067565186615
101.38263860554471	20.0	5.0	1037.1688131817373	23.349332449865468	5.0	134.95126779830917	20.681961722149012	14.0	0.8091348232890355
85.68580825053193	20.0	5.0	1046.318212392304	23.268460178115056	5.0	141.78025268087384	21.110550341172434	14.0	1.0882842973714344
30.600620189185182	20.0	5.0	1139.2142673034239	23.05299868732955	5.0	148.1254005706738	21.26378619331347	14.0	0.42715583211595304
0.0	20.0	5.0	1209.6962507279559	22.93810475745441	5.0	145.81907292743352	21.44513163733851	14.0	0.9920392623973227
0.0	20.0	5.0	1211.4654845631621	22.800109780034234	5.0	137.3752994260062	21.63047723038688	14.0	1.341407563748471
0.0	20.0	5.0	1210.5287890334473	22.751960473836146	5.0	144.81139894243074	22.03994175774998	14.0	0.8417793917001394
0.0	20.0	5.0	1205.1341456311072	22.65195152505563	5.0	143.4368271826177	22.200434328487766	14.0	1.5275398448458763
0.0	20.0	5.0	1209.1537466376208	22.582789691101446	5.0	139.03575442999693	22.253564347465808	14.0	1.6649593822522955
0.0	20.0	5.0	1203.8520420341551	22.602632596708133	5.0	136.6693582606224	21.570504324969654	14.0	1.4111640793885711
0.0	20.0	5.0	1178.5940877228022	22.53427871482905	5.0	133.82136188840704	21.68436310958714	14.0	1.4919286640754839
0.0	20.0	5.0	1195.322398105745	22.454911342325385	5.0	133.46534650904033	22.090133260319707	14.0	1.4063329549713461
0.0	20.0	5.0	1203.8235667353654	22.397818302869766	5.0	143.5717562270619	22.319287237965405	14.0	0.7410598743002955
0.0	20.0	5.0	1323.4681335864295	22.35345428322644	5.0	132.413227300549	22.229805468661954	14.0	1.5947333819371334
0.0	20.0	5.0	1472.7116720289355	22.364350246371025	5.0	133.68519974543224	22.378341066702987	14.0	2.7993428165371927
0.0	20.0	5.0	1589.354919660667	22.369289167899854	5.0	139.5070899009426	22.7672392823388	14.0	3.361128782646827
0.0	20.0	5.0	1723.9269138586449	22.409837959930353	5.0	145.06754521603042	23.093311569790455	14.0	3.5539554542013416
0.0	20.0	5.0	1818.3641442831786	22.407481941738666	5.0	152.9609451214481	22.905590166713512	14.0	2.8879073294313873
0.0	20.0	5.0	1846.4448769758646	22.318051009820465	5.0	174.32923820710147	22.91591411628753	14.0	2.3919927865402233
302.8903374807	20.0	5.0	1547.7046145387424	22.765280031815234	5.0	162.08893020735454	23.333815669551594	14.0	2.4526142454420796
208.52564725988256	20.0	5.0	1614.2091738567797	22.833224314020736	5.0	176.92904666229035	22.653439253490017	14.0	1.6119924194047903
400.19673567546823	20.0	5.0	1407.4809518352793	23.184628588623216	5.0	180.77233900036603	23.044684524706224	14.0	1.420285905455743
598.1728891006742	20.0	5.0	1258.1530817798405	23.747564726302066	5.0	162.27641512182672	23.55001376505337	14.0	2.3097449891651833
380.2486847499002	20.0	5.0	1480.5649223010034	23.359440873842072	5.0	184.00422516302285	22.683811085159558	14.0	2.194579458811796
533.8272197935536	20.0	5.0	1448.8486065821066	23.57190818815145	5.0	181.04032142678818	22.99954289146834	14.0	2.1698576627740027
536.8142290706298	20.0	5.0	1565.4337514753677	23.478734368157205	5.0	195.50855797996496	23.304610315053512	14.0	1.3800400603252911
311.0828914223969	20.0	5.0	1859.5695364458325	23.169808940411112	5.0	204.76596482432694	22.46387646066471	14.0	0.8632132604659828
628.7968673608335	20.0	5.0	1647.3263544665856	23.721263043691938	5.0	186.02209025982174	23.04043985617583	14.0	2.077927714061476
692.4960005770356	20.0	5.0	1610.4222918120388	24.022395707815427	5.0	188.79654440197564	22.965998480744144	14.0	2.854654252828434
678.3031575947176	20.0	5.0	1528.8560395167951	24.100293101740114	5.0	187.76948530255393	22.830533741727795	14.0	2.4471846531660604
633.1120771512299	20.0	5.0	1497.3377834177936	24.120040674443157	5.0	192.33093620839335	22.610393693261752	14.0	1.8727601260004758
596.6337815506636	20.0	5.0	1489.4680642130613	24.018078645061628	5.0	209.19366953253535	23.193284568046447	14.0	2.2767141828753594
762.3345711934102	20.0	5.0	1313.3035723753314	24.557094807918972	5.0	202.17256934671647	23.319680029910533	14.0	2.3528350806366105
802.844303012035	20.0	5.0	1287.9211209504858	24.840623882378214	5.0	206.71509633835777	23.28214645540855	14.0	2.5660828036418026
818.6779749309521	20.0	5.0	1302.2217624529915	24.840466139861462	5.0	220.02478251098802	23.507444904039072	14.0	2.695965232526199
819.0742954244656	20.0	5.0	1350.653584849457	24.97164129314748	5.0	225.95127008753556	23.824297932878824	14.0	3.0346279924505435
812.477730956709	20.0	5.0	1420.4097535392102	25.03644699479641	5.0	228.43473968766608	24.01357542004896	14.0	2.851916298994546
819.478378329727	20.0	5.0	1439.0424806945246	25.189325624201892	5.0	226.70698179222802	23.916353602142024	14.0	3.5590964177967006
703.342245181304	20.0	5.0	1509.3200315672361	25.35412511341187	5.0	238.40454465690198	23.244168044998588	14.0	2.911248820550557
707.232759367225	20.0	5.0	1501.6662127880786	25.57595461270711	5.0	246.13114478520282	23.54226201904007	14.0	2.7962669142866794
645.5234503759901	20.0	5.0	1549.0310210432879	25.656714386387506	5.0	257.25817321868027	23.6325700430792	14.0	1.9097310775762408
551.6135493893136	20.0	5.0	1543.6853912074073	25.749848465808967	5.0	272.057610723889	23.509703615429242	14.0	0.14474268848595478
565.3726978145374	20.0	5.0	1482.1242279479927	26.04974032948703	5.0	263.8016688315098	23.804683732525252	14.0	1.4220364539457337
561.1184793492708	20.0	5.0	1444.7009942366428	26.257614253081556	5.0	261.7102972022449	24.166300680721996	14.0	2.0296980839204366
563.2891104617846	20.0	5.0	1394.191357006901	26.630854486890254	5.0	269.0693772962579	24.22376177457162	14.0	0.5381734804445997
509.5791924060184	20.0	5.0	1295.1002119593259	26.900304421386714	5.0	273.88607794230614	24.492234542513312	14.0	0.3027631546732137
481.4575180983625	20.0	5.0	1227.420825374271	27.30927216536032	5.0	264.48594387483007	24.287836961626386	14.0	0.1458179986825163
463.06257491463185	20.0	5.0	1205.8848619535672	27.808108327336896	5.0	264.2520064742652	23.84307748054579	14.0	0.1454375859304602
477.20244649468276	20.0	5.0	1097.4402126874795	28.291916233049722	5.0	250.41519156895455	23.716674159418247	14.0	-0.01233577853279152
495.2486188751236	20.0	5.0	1048.513706451551	28.659218188289564	5.0	235.042482856598	24.011051977286872	14.0	0.7183745313514864
474.9316541591617	20.0	5.0	994.8134353826059	28.610083590644486	5.0	251.39975548930113	24.914989041858213	14.0	-0.05641907488901299
455.2187385672808	20.0	5.0	892.9769845125388	28.916063225408582	5.0	263.23547145645676	25.163235019980906	14.0	-0.5852848881051268
473.0140708913083	20.0	5.0	852.4947397974111	29.3719460848878	5.0	242.37087361891406	24.617787005293668	14.0	-0.8372937201857457
472.9793764018473	20.0	5.0	735.8333969333698	29.176042135987306	5.0	257.9218794822201	25.536835277664355	14.0	-1.436934969688844
453.20851866382867	20.0	5.0	646.8605278659894	29.291590047378676	5.0	264.5379056133146	25.993130476125497	14.0	-1.7617197710162786
428.27705623443364	20.0	5.0	605.2472887707651	29.098132678625788	5.0	262.5127610459421	25.797448875119553	14.0	-1.60833518886668
418.63721979043885	20.0	5.0	565.0877628447682	29.40072293223966	5.0	248.6614117506928	25.43062593516315	14.0	-1.695062969091283
430.29457212719814	20.0	5.0	517.3715545233017	29.627930127109305	5.0	237.07095810724712	25.60034845711586	14.0	-1.5689585072701826
405.98997067005956	20.0	5.0	467.83348973186884	29.34120580974979	5.0	243.13713064899085	25.87055078476441	14.0	-3.1651999285019934
397.47345732508523	20.0	5.0	440.17250924671526	29.59650699217206	5.0	228.05423118981258	25.674985733643194	14.0	-1.6683186359495727
380.7771817302999	20.0	5.0	404.6938992974797	29.255517220862597	5.0	230.0932343428485	25.66047831668078	14.0	-1.7217597516920697
383.24925181929615	20.0	5.0	383.13720729038334	29.456262484052274	5.0	227.20319844173392	25.67266882213668	14.0	-1.626820217717093
390.13738567464213	20.0	5.0	359.20376474719916	29.51739346398368	5.0	230.18511392092378	25.57928344132077	14.0	-2.4781070914882215
387.6462658587141	20.0	5.0	342.8690249934327	29.35369294562548	5.0	238.18639776879388	25.5196119720596	14.0	-2.271771764973529
348.31969190076467	20.0	5.0	340.84312026638446	28.13451277760866	5.0	260.6049399951897	25.653491776352244	14.0	-3.3646929874432785
318.3612500600782	20.0	5.0	326.83790884895035	28.03182107098064	5.0	273.2314581106093	25.46133751120437	14.0	-3.512109862086886
322.4442733263105	20.0	5.0	333.2786581955618	28.01731630733237	5.0	278.3353702808515	25.52288072607669	14.0	-3.798823635169397
329.2867036783937	20.0	5.0	376.64966315685854	27.99670377372082	5.0	274.4022680117652	25.218456012575732	14.0	-2.8647361617138603
338.35263764485865	20.0	5.0	388.20863564432926	28.20093235723843	5.0	280.45451807851816	25.00041544252367	14.0	-2.4663759230987914
375.7197997734719	20.0	5.0	401.902085044989	28.189014343614367	5.0	282.1094124892053	25.003163957985958	14.0	-2.171804080366232
388.3606303184593	20.0	5.0	426.81707030471335	28.15400929382689	5.0	287.97148976910455	25.101533169659234	14.0	-2.85593109075726
391.4684146219181	20.0	5.0	446.8556484368602	28.36534965931958	5.0	282.6681323231292	24.789314450751448	14.0	-1.8191869173253483
393.4818453038257	20.0	5.0	480.68663856982255	27.982588370414934	5.0	281.54222705440446	24.364068223467772	14.0	-2.2647592235476623
390.28789717702995	20.0	5.0	493.25130579089404	27.99950180226704	5.0	283.76090624317726	24.318764609480304	14.0	-1.932668856856034
424.3997962071013	20.0	5.0	518.5604348662968	28.441767215896757	5.0	262.32023478167923	23.77356905101509	14.0	-1.3055366056767284
416.6192638207932	20.0	5.0	509.8138234697857	28.423783376427888	5.0	269.7283465736356	23.768422743321466	14.0	-0.6150895862921966
400.50874716881486	20.0	5.0	525.7835540482475	28.277321713472904	5.0	268.81997219170705	23.600583542856658	14.0	-0.22939886390123662
379.6971406510519	20.0	5.0	567.1695348446649	28.02365296625083	5.0	275.6301585791315	23.643848796784233	14.0	-1.744373850754608
364.2715387482246	20.0	5.0	598.2408467963656	27.755388915906543	5.0	265.08464814109806	23.42831859852003	14.0	-0.9154859500147254
361.09795644855	20.0	5.0	583.5112620688566	27.517603008893563	5.0	247.4274417473417	23.339008565017384	14.0	0.34553919053226995
366.0728048438698	20.0	5.0	577.8042353858415	27.542919019552087	5.0	248.39051901055674	23.17412577689922	14.0	-0.1620934676553681
367.9287878553605	20.0	5.0	617.9051003288084	27.384263607667872	5.0	228.5483699320653	23.089636852778092	14.0	0.6503247543734779
289.96184454628525	20.0	5.0	666.5471477127776	26.95371766931214	5.0	236.15514483809963	22.360826059569757	14.0	-0.7413368920780993
261.06319284130944	20.0	5.0	743.5611157597033	26.66110754670235	5.0	255.7899587346342	22.478327707673138	14.0	-0.17501599901473186
286.8184992808204	20.0	5.0	830.9411254639542	26.396714072225482	5.0	263.0937291629847	22.212806715436347	14.0	-0.4012662417174604
326.0843531271307	20.0	5.0	850.1409656162555	26.662742841222215	5.0	264.0003037623662	22.113867437593797	14.0	0.23246940475847747
349.51059241186493	20.0	5.0	850.7453567368271	26.72389428838102	5.0	258.85450606518	21.78404692183715	14.0	0.5838243639016981
316.14069153458803	20.0	5.0	855.8203795800436	26.257287857786146	5.0	275.086756966187	21.28435070590745	14.0	-0.7344382295718977
334.19656290158457	20.0	5.0	848.7073351234635	26.178646170348134	5.0	271.0535040448279	21.515072631950748	14.0	0.942089289145407
363.7439802459292	20.0	5.0	803.1977589572969	26.109864392994897	5.0	282.81195504997714	21.411230685622222	14.0	0.32461256695056073
367.1890449072269	20.0	5.0	838.1582960315011	25.9145474494386	5.0	294.8786738359884	20.91590151226914	14.0	-0.8778086326954851
377.33511303748134	20.0	5.0	863.9483194445552	25.330276888386795	5.0	311.9397851582216	20.863398398659616	14.0	-0.6361850970492406
411.3608636480909	20.0	5.0	863.9594633471153	24.87816223056173	5.0	322.96940590036616	20.87966296772344	14.0	-1.248205232839107
429.98564386651486	20.0	5.0	896.9680285101093	24.67438859328553	5.0	346.97052668505376	20.671372090793177	14.0	-1.2220936473744661
404.4347415584769	20.0	5.0	877.9721014327276	24.383955114563086	5.0	390.2010838431216	20.634383897528192	14.0	-4.152979945664246
462.12141482601595	20.0	5.0	826.4402429819567	24.520350992378784	5.0	382.8160241249852	20.52973007623942	14.0	-4.4011738368699636
568.1910001828668	20.0	5.0	714.6797297671179	25.310796988396387	5.0	358.7471963862866	20.356619954003662	14.0	-4.339164900662613
598.7694235665557	20.0	5.0	595.3601404889816	25.378119638955738	5.0	349.78577596808793	20.60261687423185	14.0	-3.9745336360737205
554.249567560884	20.0	5.0	519.6515951616586	24.9811286142766	5.0	340.3774828776479	20.90721489028144	14.0	-3.7515522646071426
573.2374729833738	20.0	5.0	473.6836523992989	25.56156186072083	5.0	319.0095730211081	20.316276348162887	14.0	-4.059277218267765
614.1210786009068	20.0	5.0	390.7025523032132	25.882022749685184	5.0	308.0077062922825	20.625136828595572	14.0	-4.773560729064322
673.9032563880273	20.0	5.0	338.1150905793451	26.254847407839367	5.0	306.80722468242465	20.53192356684187	14.0	-4.284170576976738
691.8586471523954	20.0	5.0	309.5502500679756	26.289820737068364	5.0	307.69988862708783	20.344480831781915	14.0	-5.631910695664856
743.9052281804672	20.0	5.0	269.74878253287113	27.020609166353765	5.0	299.3979247513561	20.273022281723307	14.0	-5.220356084052749
798.1953387890861	20.0	5.0	213.6367301664702	27.362457073762332	5.0	299.89760213082593	20.41202875432665	14.0	-4.956068737334558
789.7203549310915	20.0	5.0	158.71907642237733	27.75194140029044	5.0	318.9405572520236	20.300287882487936	14.0	-6.4579990072277145
830.1315917315843	20.0	5.0	0.0	32.393651933195386	5.0	362.81433079876285	21.69914497883246	14.0	-9.000440616794123
815.9901185812324	20.0	5.0	0.0	32.393651933195386	5.0	382.83611415967215	20.930835979577015	14.0	-9.546853561279383
811.2510808792706	20.0	5.0	0.0	32.393651933195386	5.0	390.7191735154329	20.816237242053717	14.0	-8.867203428959053
830.5284270361797	20.0	5.0	0.0	32.393651933195386	5.0	384.9598400981861	20.109782710364136	14.0	-8.889280827198823
841.5237432948295	20.0	5.0	0.0	32.393651933195386	5.0	404.0641530889988	19.21431823890178	14.0	-10.086047484461206
820.8259717629226	20.0	5.0	0.0	32.393651933195386	5.0	410.6971790774537	19.250115532863607	14.0	-9.75771941999072
818.4040982412598	20.0	5.0	0.0	32.393651933195386	5.0	403.4321257895512	18.976776062068666	14.0	-7.949023567382588
811.4223528998922	20.0	5.0	0.0	32.393651933195386	5.0	396.22342447826225	18.80423192494203	14.0	-8.462390932054642
858.4141036341811	20.0	5.0	0.0	32.393651933195386	5.0	380.1631486853896	19.06835976661062	14.0	-9.936189789943636
830.3373970599076	20.0	5.0	0.0	32.393651933195386	5.0	389.27117721294564	19.475823085737144	14.0	-8.466068987942524
802.9760468653941	20.0	5.0	0.0	32.393651933195386	5.0	389.43453979216525	19.636146651349815	14.0	-9.903233149228841
817.461777660167	20.0	5.0	0.0	32.393651933195386	5.0	397.37568843917654	19.278427011995834	14.0	-8.312975607714247
787.0751182340563	20.0	5.0	0.0	32.393651933195386	5.0	411.9439878663486	19.190934225339465	14.0	-8.818497331354635
800.3402766065284	20.0	5.0	0.0	32.393651933195386	5.0	409.08785845237765	19.23695522435463	14.0	-9.081409533845102
761.9454653996371	20.0	5.0	0.0	32.393651933195386	5.0	424.98669397922185	19.48398866503908	14.0	-9.414111897002208
771.9833961430414	20.0	5.0	0.0	32.393651933195386	5.0	418.5524780048432	19.057904119823768	14.0	-10.04891916853873
776.8845447015722	20.0	5.0	0.0	28.904077202575813	5.0	429.20525217213066	18.669964929909227	14.0	-10.90795824358302
774.8029012979637	20.0	5.0	0.0	28.904077202575813	5.0	466.7706769487737	18.25738610168296	14.0	-10.351830806184624
806.0249072473972	20.0	5.0	0.0	28.904077202575813	5.0	478.5906747008796	17.905114326181856	14.0	-12.371671372688281
800.2082253053037	20.0	5.0	0.0	28.904077202575813	5.0	511.67385169952394	17.876164910870166	14.0	-13.027002708054434
841.4211690289375	20.0	5.0	0.0	28.904077202575813	5.0	527.9698011136759	17.533421529890965	14.0	-14.994777888844498
864.6866361083135	20.0	5.0	0.0	28.904077202575813	5.0	549.3560004006256	17.48868872416535	14.0	-17.175684124147004
857.0858551198146	20.0	5.0	0.0	28.904077202575813	5.0	549.693725797023	17.446244276850912	14.0	-16.7977280056035
821.3894132751306	20.0	5.0	0.0	28.904077202575813	5.0	556.5492701646552	17.487525979629428	14.0	-17.78234540019162
770.8422928132111	20.0	5.0	0.0	28.904077202575813	5.0	540.4409386965949	17.391574699516436	14.0	-16.846606004446738
743.5441035917502	20.0	5.0	0.0	28.904077202575813	5.0	532.6054998409264	17.601283192195446	14.0	-15.349960312266655
689.6957583322545	20.0	5.0	0.0	28.904077202575813	5.0	514.9747919467402	17.59894763817182	14.0	-15.124604687576563
676.9778760155724	20.0	5.0	0.0	28.904077202575813	5.0	518.609613573653	17.836393134314424	14.0	-13.298845054002028
697.6917292956982	20.0	5.0	0.0	28.904077202575813	5.0	509.9905161406463	17.655501550364608	14.0	-14.835574932791891
676.3518866112963	20.0	5.0	0.0	28.904077202575813	5.0	512.1495021367838	17.976058281265374	14.0	-12.609736174734529
750.0968186505465	20.0	5.0	0.0	28.904077202575813	5.0	505.4739335614267	17.72048627129784	14.0	-13.398965549331038
726.8565614307402	20.0	5.0	0.0	28.904077202575813	5.0	532.7531677973783	17.550679981869045	14.0	-15.179369685893699
703.4258528284142	20.0	5.0	0.0	28.904077202575813	5.0	573.388747087587	17.51402671735171	14.0	-14.85912172081209
725.3534560633306	20.0	5.0	0.0	28.904077202575813	5.0	587.219921954561	17.868494098457216	14.0	-14.530138319414943
741.8111718199387	20.0	5.0	0.0	28.904077202575813	5.0	598.5552101179413	17.748941342412248	14.0	-15.045295503133408
702.9455441515407	20.0	5.0	0.0	28.904077202575813	5.0	611.6883400428823	17.860647849562753	14.0	-16.489413702315424
684.8432820141807	20.0	5.0	0.0	28.904077202575813	5.0	613.6565118077604	17.67884507279845	14.0	-16.689306078316488
603.5146550028866	20.0	5.0	0.0	28.904077202575813	5.0	641.6845978644154	18.069543682919733	14.0	-17.788492617546986
653.6545220444117	20.0	5.0	0.0	28.904077202575813	5.0	620.606682460912	17.82786998456839	14.0	-15.473161285410104
665.8378774367254	20.0	5.0	0.0	28.904077202575813	5.0	626.622791240479	18.228215969849895	14.0	-16.849300910776297
657.9132756280842	20.0	5.0	0.0	28.904077202575813	5.0	646.2205594799782	17.89075886456524	14.0	-17.368727058188316
690.3294759938224	20.0	5.0	0.0	28.904077202575813	5.0	637.0885197179962	17.862495223439545	14.0	-17.085848053961143
648.0615872951355	20.0	5.0	0.0	28.904077202575813	5.0	639.4814725444364	18.17945811319892	14.0	-19.120831545397305
607.9092220506802	20.0	5.0	0.0	28.904077202575813	5.0	596.8005188147798	17.93345487327553	14.0	-15.437156114553146
598.8699873918401	20.0	5.0	0.0	28.904077202575813	5.0	576.2447326083728	18.116841811142187	14.0	-13.848172169201582
595.3777006294205	20.0	5.0	0.0	28.904077202575813	5.0	546.7198303237309	18.998311620418587	14.0	-11.170693836742043
593.429297605284	20.0	5.0	0.0	28.904077202575813	5.0	506.063874991955	18.715677849844198	14.0	-10.904259480798585
577.7511186290646	20.0	5.0	0.0	28.904077202575813	5.0	506.7764770659448	18.869581738552498	14.0	-10.62393414278454
611.5412259066926	20.0	5.0	0.0	28.904077202575813	5.0	526.7488270316744	18.856971618281673	14.0	-12.080780730306692
643.6054355179217	20.0	5.0	0.0	28.904077202575813	5.0	526.201109743857	18.624587633827485	14.0	-8.195068166394677
