amplitude_0	mean_0	stddev_0	amplitude_1	mean_1	stddev_1	amplitude_2	mean_2	stddev_2	amplitude_3
238.08038352749256	12.267104134846214	5.0	144.17687464427974	19.743083595404645	5.0	663.7079173754689	20.785006066469364	14.0	2.01649763899015
86.38670241654168	10.580639051646546	5.0	273.6319858806469	16.632019126794717	5.0	615.6634870696388	21.13489962019327	14.0	8.510459106492057
94.40767811735977	10.234753178606155	5.0	257.5507225294555	16.688349548977445	5.0	584.2500872165353	20.521674976412243	14.0	10.316422578941454
39.174611675423364	2.599678095537426	5.0	337.6927447931251	15.154860253454432	5.0	523.3750898786241	21.151254022582826	14.0	9.611508867512859
263.45528485059964	13.960586402826525	5.0	101.20353327397957	22.81848133234949	5.0	521.312881298381	20.04994514599735	14.0	8.715566719715163
277.7875472750456	14.280731697677474	5.0	67.3024335234592	23.183892580475735	5.0	529.7177636944258	19.92361949100183	14.0	8.648795456876455
303.4452723574625	14.41027291408664	5.0	80.88643660287974	24.052634581408153	5.0	528.4850513010308	20.292823493865917	14.0	5.819939630972542
376.03561717487315	15.298009963001837	5.0	77.07303290905158	28.22067824865136	5.0	530.1694066250601	20.006430594753628	14.0	9.659053552873237
0.0	8.175232090780515	5.0	337.8071149364268	15.25077320184536	5.0	647.3742992373078	20.930217767261166	14.0	6.067482438744985
0.0	8.175232090780515	5.0	391.95566459175683	15.0	5.0	652.9408665272101	21.257888724616887	14.0	4.856493339553996
0.0	8.175232090780515	5.0	410.7514953303001	15.0	5.0	644.6650758798324	21.461956790000382	14.0	5.128129815778519
75.77631817351224	1.5865674074939746	5.0	492.0121132983026	15.0	5.0	593.2930982948114	23.56586969158508	14.0	4.973595168636492
57.37333239520235	1.4862509041633483	5.0	434.66689858681883	15.074821281212419	5.0	653.95244679972	22.81226663376204	14.0	1.0750435979294184
39.346934859098845	0.0	5.0	452.61176716655615	15.0	5.0	642.717251660773	22.55130898629702	14.0	2.939462970884539
74.97784005592878	1.8806174912989213	5.0	576.9186628038493	15.305425467480394	5.0	555.9780721673815	23.610578552442615	14.0	1.9886825549493032
126.94834001523023	2.277492904217433	5.0	645.043253686053	15.853692129401717	5.0	434.4876741752204	23.95849684991978	14.0	5.248590573432473
138.42720007318727	3.4548331449641254	5.0	667.3666635880047	16.408287524385287	5.0	409.2468887904934	24.4272748074581	14.0	6.06935959765432
159.9869339377594	4.057820473193249	5.0	650.0010166109122	16.860619761319235	5.0	431.78875438450643	24.948066819003976	14.0	6.087944272948741
139.5432990106382	3.7640897635757122	5.0	636.5103544305443	17.180010843183624	5.0	464.069661787494	25.27211658724201	14.0	5.250963835225393
175.66749040135764	4.828119633401489	5.0	583.7791908648481	16.849180536186083	5.0	487.41328668447176	25.518162644646445	14.0	4.4526209388036095
137.54067345342813	4.234610955025365	5.0	524.297467201044	16.571648800093328	5.0	537.130409814311	24.53535742852537	14.0	3.7699930933182713
172.30015743090357	4.91572417102506	5.0	607.129641766188	17.25973746688322	5.0	500.5760320058919	23.636673098549142	14.0	2.5930408604786575
239.1299184816109	5.658745569268461	5.0	677.3917202101762	17.852570645537327	5.0	446.88176354567855	23.35665870860458	14.0	1.9498681846554267
220.02985398524152	6.754844655691082	5.0	539.6193837487477	18.47783505089829	5.0	509.59797798227856	21.851550233296003	14.0	2.6624672389816166
302.14661568066043	8.32569638702925	5.0	411.02588304186514	20.289640838977565	5.0	469.5016662617517	21.599456949714785	14.0	3.4431135038191183
331.8148416917573	8.173699146684745	5.0	367.5624245144073	20.891815094561753	5.0	475.89925799005925	22.815066250910842	14.0	4.081163510665596
324.433557502743	8.587188581801152	5.0	369.9935697238099	19.829753699435624	5.0	569.8118921612515	23.825907792649456	14.0	3.088369243463063
381.2030627141703	9.97021458066178	5.0	392.59055459243694	20.29739005197713	5.0	623.2659185476016	23.970215346128864	14.0	3.546867695852842
391.21296703057357	11.18847363784421	5.0	370.7485263504422	19.987635950200797	5.0	653.2376855209617	23.01073303686411	14.0	1.6689726027974925
460.94509586232243	10.992636837492027	5.0	452.0760014128797	20.400067762132146	5.0	635.3403312602916	23.055758666728835	14.0	1.3581462991181454
599.2554995396604	11.870949760747626	5.0	458.40005492115523	22.00878586213193	5.0	514.0922416094426	21.16048389108544	14.0	2.5715150879694093
662.6879434520783	11.145212332695586	5.0	473.1339235112355	22.055867270795815	5.0	505.0171344016327	20.942014113164824	14.0	0.7163448797168754
747.7878816749302	11.223595187946241	5.0	464.7832236818001	22.400108728961914	5.0	489.7310126987893	21.45786257126713	14.0	2.6019412945479794
762.2844747048418	10.956497701619917	5.0	538.3295840111084	21.7167460968306	5.0	469.140603372237	22.09654054112503	14.0	3.246135869984376
745.5942522367809	11.19741036067473	5.0	444.4222141286076	22.089649029843773	5.0	492.1649178279895	21.828921809294137	14.0	1.6063693943589339
826.299668217754	11.07319710149746	5.0	412.78269697208015	22.315364661803574	5.0	465.91093209370155	22.325246911257913	14.0	5.592502378966869
931.4119506303599	10.919352878245606	5.0	353.50604512921547	23.489074632175125	5.0	466.16198359056295	22.61465206253546	14.0	5.072841153350614
1029.5417222964757	10.79631367699573	5.0	219.73749641157087	24.939024742849984	5.0	476.05694535385067	23.787761549560155	14.0	4.650937159907384
983.9967234791237	10.813387582920704	5.0	167.5922978765771	25.35500646543518	5.0	467.7999971317261	23.881698025521715	14.0	3.711774590204779
936.4769541235228	10.675728850204258	5.0	139.7305494216853	25.428232509490375	5.0	408.3604393372206	24.812638952569706	14.0	3.5716097999330567
896.1069019363902	10.975351521436705	5.0	100.6150956985758	26.947526458073593	5.0	393.8025509182151	24.705931866260006	14.0	2.179132108413977
898.6209551851484	11.124243520406221	5.0	87.23964935991285	28.966756706427585	5.0	382.5868893318799	24.27120536640964	14.0	2.463884052329343
839.0890393316255	11.064280023963681	5.0	83.22107963162138	30.967951044715385	5.0	373.222742085299	23.99300769763221	14.0	1.0756335561700041
748.2044290686727	10.845027916526904	5.0	115.00357566865878	29.5436938813496	5.0	343.0029307063604	23.72698539810872	14.0	2.588171541029315
655.3530750182158	10.890332997047357	5.0	134.67192743362307	30.35317454018503	5.0	330.71548166091037	23.139887088349788	14.0	1.3800248488071492
593.2329138979303	10.788332289460477	5.0	181.57731955609438	29.37357965937702	5.0	277.0360237593103	23.19768516076299	14.0	3.4894711321195744
518.589792876386	10.496174266781795	5.0	203.32945471680696	29.012941523650806	5.0	272.33953159936624	22.8793055889797	14.0	1.4014404756445957
437.04293016535644	10.493178314542282	5.0	219.22480775753777	28.864622248768296	5.0	274.99198344071283	23.049528147602192	14.0	2.300249680783108
253.3820525044941	9.36597297619876	5.0	0.0	18.47344935892304	5.0	469.0375958646974	23.602375402274486	14.0	-6.805261219073706
240.65093991942308	9.4407702647688	5.0	0.0	18.47344935892304	5.0	564.1695426868239	23.96671237107089	14.0	-9.55163390745341
239.30409447413308	9.103798934512014	5.0	0.0	18.47344935892304	5.0	665.4061521739172	24.36393380283957	14.0	-12.018241996072343
170.65709995568483	8.595772015082652	5.0	0.0	18.47344935892304	5.0	747.3721101265296	24.375501735346287	14.0	-15.391714789770718
138.1694490035054	8.73857411761368	5.0	0.0	18.47344935892304	5.0	850.4111766628849	24.323369398047078	14.0	-18.962623003007433
128.58997371469366	9.468796376938261	5.0	0.0	18.47344935892304	5.0	984.3550733676608	23.945047709689817	14.0	-21.8070512209756
158.46503701950613	9.823485485828297	5.0	0.0	18.47344935892304	5.0	1042.2250387156957	24.33037013865272	14.0	-25.67045182903128
106.17774219926521	9.745445015801808	5.0	0.0	18.47344935892304	5.0	1101.2979154458594	24.17441400870277	14.0	-28.49585252150692
0.0	10.231374514024623	5.0	344.9312831957162	35.0	5.0	1112.936251633706	22.245968556443582	14.0	-36.59798547366858
0.0	10.231374514024623	5.0	293.34649316867365	35.0	5.0	1297.4840658020323	22.95607642733101	14.0	-47.3666581899109
0.0	10.231374514024623	5.0	270.69033045034377	35.0	5.0	1471.636976591874	23.426471887437422	14.0	-58.23454569800587
0.0	10.231374514024623	5.0	261.72377643953854	35.0	5.0	1548.322704563964	23.44389813310688	14.0	-60.56923988308037
0.0	10.231374514024623	5.0	268.83401830817974	35.0	5.0	1562.1065351740044	23.507572891857272	14.0	-61.05577951112319
0.0	10.231374514024623	5.0	215.73163166573067	35.0	5.0	1674.0081300356157	23.88623341922574	14.0	-66.83184181390594
0.0	10.231374514024623	5.0	0.0	35.0	5.0	2056.0922256693148	24.084359176323055	14.0	-85.02946790459306
0.0	10.231374514024623	5.0	0.0	35.0	5.0	2561.2920903851273	22.924612596002945	14.0	-119.66554532504907
1512.2117364511466	15.755289372218716	5.0	3129.7700160005165	25.725773904176634	5.0	758.1802469804861	17.198808860018666	14.0	-6.991330871315215
1632.9163327758663	14.499416398438662	5.0	3664.2775812385003	23.38345509367119	5.0	780.8565160297303	17.193853048988174	14.0	-3.850180828901595
1501.3312725883877	13.094252800034026	5.0	4840.211393683634	20.851352725581716	5.0	765.6515814771817	15.0	14.0	4.01635032410533
833.5533959962776	7.25425672891149	5.0	6258.3937911715375	18.689796779403867	5.0	606.6260768039297	20.408344676487776	14.0	6.47267121829924
925.9554798674847	5.049103475820796	5.0	7314.513203272922	17.574803440909367	5.0	358.3322320532355	26.105064671944476	14.0	9.375171297562684
861.959891867691	2.83602535479658	5.0	8343.49143920953	16.54793574586005	5.0	308.9286611911268	31.22637856612279	14.0	1.2059227071351435
825.0672794383753	2.2230842025072333	5.0	8630.60739037737	15.586131734094907	5.0	364.2138413718807	30.2606380121977	14.0	0.6281562971953012
965.8415913880782	2.4722689661645942	5.0	8465.104524155562	15.0	5.0	313.3095207268236	33.03007207366722	14.0	0.9435706316272443
1268.635505373809	3.442925423677426	5.0	8663.037287645226	15.0	5.0	251.17793857821366	40.0	14.0	-3.0510808592054035
1488.1983579995606	4.634212573206892	5.0	8110.821061575965	15.0	5.0	213.73777297652182	40.0	14.0	0.9803230449317913
1785.1856535181032	5.6225039345334755	5.0	7980.70186767051	15.0	5.0	185.10967136634304	40.0	14.0	6.1787734836684285
1912.0426478297911	5.308562000310767	5.0	7544.088118706388	15.0	5.0	194.38469868946524	40.0	14.0	5.271719414584345
1869.5353273798933	4.816159630392864	5.0	6833.5971085064975	15.0	5.0	225.94497571202237	40.0	14.0	2.926291686119053
2007.6913704076533	5.386366639673435	5.0	6286.418883850701	15.0	5.0	246.21291185764863	40.0	14.0	7.059756402555534
2314.85921146416	6.447015583747433	5.0	5775.913878767544	15.0	5.0	256.96854346329235	40.0	14.0	12.91252944097194
3334.8502060568694	8.211498658241531	5.0	4949.262538765188	15.0	5.0	262.1011134111845	40.0	14.0	27.270673424291804
5217.4834355610155	10.166410627089558	5.0	2557.6563765816904	15.0	5.0	887.7680453578713	15.13236040371193	14.0	15.495087604550948
6176.154094908108	9.609710073081711	5.0	2279.570201737156	15.0	5.0	1007.3737461321983	15.883704906887305	14.0	10.429838941143577
6739.872074301473	9.117714211287245	5.0	2041.8925431590078	15.543911943025138	5.0	1127.158209974804	16.055796758694314	14.0	5.357269892578877
7004.439809442938	8.781211997358064	5.0	1630.3161428905273	15.912858424297818	5.0	1183.793196040244	16.024701286725758	14.0	5.844995504936244
5749.227286036142	7.872135566047904	5.0	2352.649490284552	15.0	5.0	1178.1336715877615	16.366334592923415	14.0	8.24814343215045
4968.00616507155	7.058776540902437	5.0	3076.9794044566265	15.063295469755756	5.0	1036.2855853382237	17.20029461495092	14.0	16.44856499763683
4687.839411112502	6.832912773633401	5.0	3482.5858949054787	15.459388000293607	5.0	857.6468353989094	18.449687790661766	14.0	24.46000013922556
4068.20161851423	6.472582296352349	5.0	4024.692154909279	15.0	5.0	685.3169473149367	20.379877285190076	14.0	28.63945865823701
4098.093982554374	6.895443091465807	5.0	4146.940097824852	15.0	5.0	475.1678634431834	23.941271402179435	14.0	37.95023800598295
4478.560801494986	7.860138996293855	5.0	3828.5819695950922	15.0	5.0	360.8797202923999	29.534742875863238	14.0	39.81033814646558
5269.156574606082	9.124045343254792	5.0	2907.536872185141	15.0	5.0	372.3410438295899	30.560005281019404	14.0	46.781589451707056
5059.825336358713	9.708325193690182	5.0	2909.2006522337797	15.0	5.0	383.04324649387064	31.922330776320504	14.0	44.657064111720175
3786.4184434222925	9.687922162595576	5.0	3510.866843423113	15.0	5.0	394.42805510775	31.541632490157436	14.0	37.49191652865254
2270.251677332131	8.365552953691445	5.0	4199.832156636242	15.0	5.0	362.5769371693601	32.354213499690566	14.0	24.999988483245673
1804.9133725354332	7.2034745099491975	5.0	3903.9948271433727	15.231918686529413	5.0	387.02117966357935	29.92905264615501	14.0	16.70939286996974
2134.581021632466	8.027676196673715	5.0	3207.243391496386	16.225016975596716	5.0	411.5370064765795	28.076846439861466	14.0	15.920791708915578
2385.071271386409	8.24642891708575	5.0	2940.1580405437235	16.840737147292636	5.0	406.84878491231484	27.50959214184253	14.0	14.314467897396364
2449.4659374699636	8.554098330809293	5.0	2943.721355862422	16.805854984450786	5.0	372.8721424036764	27.57543923035648	14.0	15.032522372143594
2312.447168023834	8.757296244416862	5.0	2936.9332270323594	16.169894263753037	5.0	377.9443938382821	26.279354058452842	14.0	15.087537246653659
2237.6430904270915	8.808085879371625	5.0	3118.5894787496486	15.830671797898464	5.0	355.56048171168163	27.49159777656062	14.0	13.394041816230658
2503.6985429372135	9.308441500086413	5.0	2973.3144340872373	16.129181656249727	5.0	404.40754795067073	26.38551000424767	14.0	14.658567088835339
2736.7730596914816	9.930587149349925	5.0	2625.950822851085	17.061773690106033	5.0	482.0920874070901	24.877584761015754	14.0	15.289577088313605
2758.7990853722117	10.070632781590652	5.0	2690.723218018427	18.37971564237507	5.0	458.1989136034612	27.127679660655136	14.0	15.298704329674399
2435.196945615604	10.251065940721258	5.0	2776.2106986363196	18.78631115540668	5.0	554.0257422178568	24.46564762991391	14.0	17.769117045291065
2063.817258948412	10.031412525084868	5.0	2882.257722935732	18.641729451744137	5.0	679.6417600743584	22.709533498762173	14.0	15.678002022227037
1798.405250929558	9.334787065606308	5.0	3028.5913691777287	18.36437502379986	5.0	679.7313822221041	23.35735393624218	14.0	13.6124397871143
1637.2588475299094	8.397361200037674	5.0	3440.8122472314076	18.494842782303703	5.0	500.88551249278567	27.080964649711557	14.0	13.355213026879806
1671.5510567483861	8.09582940362674	5.0	3466.7861450677037	18.82645477660586	5.0	353.6483833630405	31.441332766174952	14.0	10.068829189698446
1810.368167990006	8.156564777132564	5.0	3115.3030288022474	18.485842229589426	5.0	325.066924261476	31.121775201941418	14.0	8.678226928560143
1667.2030113380783	7.779285224562606	5.0	3269.5008151717443	16.953759487448707	5.0	334.5130193653743	30.078927805886426	14.0	8.58577179147722
1530.0083480597136	7.245986767475993	5.0	3716.263151792592	15.886066999214087	5.0	300.29647734921315	33.75224059178842	14.0	3.5504401842456725
1528.8357571755037	7.052512133251546	5.0	3950.627748005043	15.429625645426743	5.0	309.96546949320634	35.46543468698942	14.0	2.4107014175686614
1707.202747443238	7.17131333985076	5.0	3820.2880302464737	15.652678854317408	5.0	329.39253605063425	36.115568574972386	14.0	0.6004909299603227
1857.1331471321714	7.2701820849352385	5.0	3578.38297123301	16.301501291014556	5.0	353.880945920244	35.597047375354364	14.0	0.8296956125727551
2082.696614465589	7.771114809701896	5.0	3318.5892582924907	17.0269885469535	5.0	382.22745433700726	34.78430394137393	14.0	2.02483594522576
2528.825638297325	8.418136675158875	5.0	3024.22073155804	17.869352432359268	5.0	385.2151077712976	34.337891621866255	14.0	5.611915102458434
3071.536928582361	8.89180314856898	5.0	3149.9629747471477	18.16880126028429	5.0	373.2118807231463	34.41660584775645	14.0	7.946143391454543
3647.3191855059263	9.077828556180009	5.0	3494.7272873741986	18.38479628382893	5.0	340.08679738350645	36.14363860253408	14.0	6.667225253181115
3797.500767061426	9.069466607448126	5.0	3746.8853542264496	18.58552143345999	5.0	314.03607933135214	36.23656515765344	14.0	7.4110907089936715
3703.9626648775566	9.218254480502813	5.0	3750.2032011071396	19.092990118447076	5.0	312.32742492282244	34.918119032360785	14.0	8.7175759208306
3367.038924963692	9.843250574926843	5.0	3464.0689448299627	19.79185578566614	5.0	521.3779553172952	25.062928831467957	14.0	15.114076095040113
2834.761232220503	9.935800185276538	5.0	3121.5633485269254	20.132474971558622	5.0	821.2765301396556	22.55425717931194	14.0	10.251397805854442
2727.0425120310288	9.252544189286333	5.0	2677.950593790649	20.71933700781251	5.0	772.1938191626667	24.906918831505866	14.0	13.507747342354845
2868.264571009567	8.864143497570655	5.0	2253.8846450680276	20.38465380300343	5.0	589.1328234025069	30.479433636155534	14.0	14.56376382180919
2948.3452173868254	9.079117369739354	5.0	2397.5434878434335	18.35091724402279	5.0	567.0779236352221	32.02231429013577	14.0	15.664693319556589
3362.8974169883754	9.391082385054782	5.0	2993.375466315301	17.127681900161075	5.0	607.8013556415519	32.424693291970385	14.0	16.56322553521827
4278.020877002651	9.529504466472556	5.0	2743.686727216958	17.766415294570287	5.0	741.5945878192626	30.959188208772087	14.0	15.882342620747792
4699.050520128168	9.10273801980334	5.0	1914.7579798299737	19.289817451398626	5.0	917.1733681441841	30.375306033953503	14.0	14.944746343147944
4452.256631356121	8.371401308832978	5.0	1213.69461014118	20.53403782517794	5.0	1157.327113578061	29.556304057013318	14.0	10.000087521700713
3847.926286375967	7.831709738906431	5.0	671.1439015238525	23.481512227675314	5.0	1472.3765303964972	27.049116449185092	14.0	9.590304656466422
3113.451225701723	7.470497627176294	5.0	886.3701261180993	25.664085864472764	5.0	1825.7263151013822	23.971608907713964	14.0	11.907106051284682
2620.823276184332	7.771388860812438	5.0	1210.5875270178801	24.81058551149054	5.0	2153.9113880589425	22.44078458907441	14.0	12.737732687890981
2502.6248704331283	8.358270156773484	5.0	1137.6593327717083	24.35371845292644	5.0	2128.4615343717037	23.15461010145932	14.0	22.60675681791795
2968.341246746202	8.78158660160824	5.0	1839.2195986952022	23.08732182315676	5.0	1651.0080175874732	25.748169843258655	14.0	39.28425982712814
3387.472811710002	9.120429407204918	5.0	3822.628086277741	22.166017589062175	5.0	1025.5081191864003	32.25653874943701	14.0	35.77239597203375
3057.4346287366816	9.353557518526584	5.0	5722.276653536845	21.856896551244933	5.0	776.8495663384955	36.65017723291829	14.0	19.757060776338516
2591.0571719606055	9.162502124999738	5.0	6859.002759588984	21.115123073107608	5.0	721.5144859986036	37.00858043919231	14.0	15.245355928844978
2457.6640288934227	9.455055823979187	5.0	6770.970980579265	20.718029726129267	5.0	720.4978045433843	36.71876309958999	14.0	13.398370040611583
2471.642550782134	9.745272953578281	5.0	5481.40453237788	20.835119296490454	5.0	837.9976622372224	34.28626144544896	14.0	19.266523090650562
2537.0122738477353	9.870744168290825	5.0	4897.9453755879285	21.283303978960436	5.0	951.2771478456854	32.428666704240094	14.0	26.274920369569813
2598.5439163238375	10.014639864060683	5.0	5611.278988482127	21.4575342172236	5.0	1111.911789069547	30.716081260650437	14.0	35.868685301451194
2546.609296886129	10.598682695473324	5.0	6439.102865801594	21.290437882369318	5.0	1439.61888849715	28.004063796394817	14.0	50.271243354865504
2712.137347241044	12.270454943353934	5.0	5955.967710348472	21.270410202412577	5.0	2168.4001862504906	23.981533445839748	14.0	52.24838367619438
4091.0681212324166	14.286873607184088	5.0	4847.456815272698	22.294575314284067	5.0	2708.185439209508	22.808220512461855	14.0	53.089537765648025
5158.489114351705	14.875482090475328	5.0	4603.108874580559	23.06624282728262	5.0	3051.994513430737	22.26701128102502	14.0	78.2310768814033
5353.599502030442	14.738500756819652	5.0	5551.126301741893	23.464348873387568	5.0	3160.200834906478	21.015840296663935	14.0	121.08678170677835
4317.7588685706805	13.86472843600215	5.0	7412.924490474723	23.335612654288532	5.0	3103.3013942719003	18.840211947770317	14.0	129.6161057710348
3667.8487265035133	12.810222506128074	5.0	8620.411316778369	22.855658405044952	5.0	2984.967455838917	18.483116068086908	14.0	97.64184491432648
3832.782213389517	12.006457729204444	5.0	9569.286580957865	22.020288979931532	5.0	2639.734304903704	19.33273114607389	14.0	70.38022548626034
4235.847990174937	11.394922166225545	5.0	10405.552595936028	21.197584691969254	5.0	2095.3854369496316	21.526908865826925	14.0	59.541032486528245
4234.812745286243	11.054832204789172	5.0	10357.535012321025	20.434713527036912	5.0	1768.1451634753378	22.5677637566862	14.0	51.83349668285877
4251.234694939122	10.890614069129755	5.0	10025.590652124873	19.611904464074605	5.0	1563.713726653264	23.40425802297751	14.0	50.138268363054365
4349.174888335436	10.511330080857332	5.0	11077.040860736033	18.978147832548952	5.0	1201.6857898603694	28.39970673068512	14.0	42.92703836116732
4715.099599955171	10.952546487141237	5.0	11739.09065899744	18.79136360292786	5.0	1155.8548018905951	29.693322656887172	14.0	39.74281137094782
5109.271140687002	10.571116682112223	5.0	13004.865359209807	18.594518780153326	5.0	1005.2056306787694	32.57573213040299	14.0	29.638543314670724
5108.711740185045	10.394551805999033	5.0	13643.29359506248	18.436726391664727	5.0	914.3276549808469	33.51290856815916	14.0	21.84529348938032
5397.452215764252	10.768909418838337	5.0	13488.1124592793	18.658640588165337	5.0	773.1891657023278	35.37347269855104	14.0	13.312302585401499
5026.159873804874	10.619004435690924	5.0	13824.760197866346	18.87194652670728	5.0	735.7683251035247	36.25996296808416	14.0	7.4245122955363145
4185.584346898017	10.118166697324552	5.0	15238.56727515609	18.872268478895947	5.0	724.0682526809572	37.06639445102609	14.0	2.7392782398538786
3135.9742598806683	9.862496356882735	5.0	16990.12260068524	18.701248936283964	5.0	738.0929181778849	36.44978463420522	14.0	4.038291706507593
2449.7511343606193	10.521622257943925	5.0	18448.900838379515	18.636828433785947	5.0	752.4882505401746	35.92663153666015	14.0	7.076874774844144
2306.3848494675026	11.688097513893052	5.0	19282.430419789856	18.579563073291556	5.0	830.3425366060226	34.36042998276996	14.0	14.235393248202454
3019.074997958431	12.938167269163877	5.0	19006.146525131517	18.837328492639838	5.0	926.2019014377114	33.157336270193504	14.0	25.70295250380896
2442.0886739424404	13.56776120101469	5.0	19966.02589886386	18.94258815496474	5.0	1083.0629629540206	31.08514615489216	14.0	40.46379026112806
364.7698704853176	5.58292216905872	5.0	21816.032747651392	18.84498265750417	5.0	1053.798990206058	32.19784278718141	14.0	29.04911142150638
407.849367227382	3.1606224295207532	5.0	21409.58724353803	18.96694257624176	5.0	819.4906131800822	36.62363467402875	14.0	4.852009896027044
353.2966169267466	2.38819922061529	5.0	21133.08907933935	18.86986766361901	5.0	806.7834735642436	36.04192034955448	14.0	4.775845267332958
316.0464618516347	1.7285667123043167	5.0	21802.19588223178	18.890087522770227	5.0	811.0614325565956	35.10482838103461	14.0	7.5831007149554335
270.66603213695674	1.299075316739196	5.0	23665.514279436327	19.034843281674522	5.0	900.4518799158491	34.053316393626446	14.0	7.662624434486097
242.59625687318584	1.1465509544185168	5.0	25523.06664036118	19.26441310533449	5.0	919.5281804393836	34.64110222708279	14.0	-0.7614434660246187
0.0	20.0	5.0	26027.56790554037	19.382540593354648	5.0	1138.1719762457258	29.44796660487975	14.0	29.042576539784427
0.0	17.892302515507332	5.0	25897.543161693913	19.14300552461601	5.0	1380.3195643917056	26.746723237583062	14.0	22.154203364086893
3021.84707366987	20.0	5.0	22240.29322392422	18.705152016512404	5.0	1369.970832698897	26.592086460265048	14.0	15.308291109654983
1132.1451139610385	13.570671888049272	5.0	22769.709427528098	18.890288255883725	5.0	1093.5200682104542	27.186503503812155	14.0	24.455440090658872
1614.8993249058276	12.89891910908773	5.0	21950.99075496917	18.906641399722734	5.0	844.6734756910662	29.26626546677657	14.0	28.10262518556428
1689.3925142886221	11.699256931519553	5.0	22301.86306839453	18.918407252383677	5.0	706.4560037217096	32.338457161209405	14.0	26.097867278399736
1213.8737181888646	10.428514827215897	5.0	23322.507633338344	18.85864934034103	5.0	701.7180411647627	33.42710413413767	14.0	23.158375084566245
1189.7860081864947	10.48088579140113	5.0	23086.42144302604	19.38450875465021	5.0	783.2139200738121	32.564131623526926	14.0	20.977451895918158
652.2927851190441	10.47688736713835	5.0	20873.99834597927	19.864533554058386	5.0	972.1538645966182	28.935959694013555	14.0	26.601585007845145
565.9526613661255	9.892875992671614	5.0	18875.79814580085	20.030793011241723	5.0	780.3869747950941	32.12779228464771	14.0	24.336631009910334
278.2461433753211	5.913256096302401	5.0	18235.576341571046	19.754135019657305	5.0	679.2261821946287	34.61367401572331	14.0	13.405752102535912
161.4394992434753	1.8635875054117494	5.0	17514.77168651964	19.57960734987897	5.0	567.6603819175515	35.80764016411401	14.0	6.02508850032092
165.9514625486151	0.0	5.0	17528.0824936656	19.53134581994968	5.0	419.8068427692053	38.95469541997596	14.0	-2.042603879397259
154.78342420905196	0.8321348092483768	5.0	17621.078915822683	19.246345388815705	5.0	435.48323351533014	37.478244873077976	14.0	5.325570091980678
115.00221927782975	0.0	5.0	18793.45965769909	18.55685061829483	5.0	423.5473168441327	40.0	14.0	-16.03544455188481
69.50812347863327	0.0	5.0	19101.746858397702	17.93133051867726	5.0	416.9538136291299	40.0	14.0	-21.980255415950992
29.39358542430035	0.0	5.0	19444.459647107622	17.731443277292843	5.0	374.30384719670354	40.0	14.0	-29.129896698637562
73.49631306446604	0.0	5.0	18452.044547538382	17.998131351360854	5.0	427.72357331245627	40.0	14.0	-18.326124677109213
126.73975469974002	0.0	5.0	17427.247488352015	18.684858933664714	5.0	594.37077734057	35.028674353016385	14.0	1.116203206553607
0.0	0.0	5.0	15119.496489444686	19.445132456933134	5.0	1249.758142683469	25.057717155463056	14.0	5.958250465642459
0.0	0.0	5.0	13848.903745986054	20.056157334943876	5.0	1714.5560937716243	23.557842011711635	14.0	-15.895130995812666
0.0	0.0	5.0	13408.774120762904	20.438446657399723	5.0	1799.7957880549268	23.198712565909805	14.0	-18.717823538487345
11538.43958656879	20.0	5.0	2828.6917314407196	23.62714420183509	5.0	1175.7982285309777	24.163544528635427	14.0	13.658051787905746
546.4260499674573	13.270194499303667	5.0	14131.701079363034	20.572837721626243	5.0	907.634482864175	27.453589058964972	14.0	15.8675546947174
440.11936295282	11.376564170235367	5.0	14161.139700151747	19.971756500527125	5.0	783.5706081889584	28.771226058611703	14.0	17.995672307729436
63.313687300078634	0.0	5.0	14263.198966980133	19.125909973017837	5.0	866.874538741702	26.877791081317984	14.0	18.09861433852564
1392.8210306778676	15.635975410018462	5.0	13182.163468128518	18.7732232354971	5.0	836.0664229655724	26.516523613327422	14.0	20.60834535835674
1671.6995202475398	14.291434537136043	5.0	13954.648004569497	18.673462460988492	5.0	666.0720797257933	27.93738997821772	14.0	25.67058923980956
1921.614414786289	14.537659466842435	5.0	13742.912040878513	18.627709578432363	5.0	667.3292779362213	26.66065469012058	14.0	25.903148562766987
5077.505892772559	15.848900771659379	5.0	10129.13753290784	19.20108625564946	5.0	682.5477142813692	26.71649132435236	14.0	26.189421135606036
9067.0595496598	16.498312221157693	5.0	5684.424099028209	19.773729494973566	5.0	673.5024236033419	27.16672742096623	14.0	24.430225941775504
12104.76800311706	16.668643168527606	5.0	2219.061697825662	20.271537730557007	5.0	663.1136640635361	27.371693329721946	14.0	24.338313043692548
10785.877083724483	15.996897147808877	5.0	3035.8200579610193	20.085738456258373	5.0	625.9369491816318	27.48133838452537	14.0	24.168682842623426
9978.592228627813	15.689880625859603	5.0	3124.1277110160618	21.09683377921085	5.0	605.0337118817991	27.659110939953536	14.0	24.16199635359659
7973.924968178867	15.390783996849503	5.0	4344.580208810983	20.731679527604577	5.0	608.9240250203451	28.03224288702734	14.0	21.504167875128143
6379.52286577596	15.170909278149532	5.0	5168.237921122832	20.319149372800098	5.0	677.9607850916224	27.280534895328262	14.0	17.40953675160518
5634.230417800639	15.03471256706346	5.0	5515.504064044029	20.407253052245267	5.0	640.2888569376581	27.618358527900348	14.0	17.697736149869904
4214.996418378276	14.357505767112123	5.0	6709.552740285512	19.70515930836312	5.0	494.31841737450486	28.929626648841392	14.0	18.99742880886797
3508.9365435326367	14.369371856391506	5.0	6367.352626768658	18.77786255798318	5.0	519.6140401109054	26.118497463103242	14.0	18.296805657049077
4101.473900476266	14.858123009900785	5.0	4600.7993488750635	18.448324240088482	5.0	540.4624587455024	23.52079718554632	14.0	16.910273505093404
5095.903121893648	15.367673363918676	5.0	2287.5712247274837	18.920892009901465	5.0	537.7080825512251	22.351968096282768	14.0	15.054709786826574
4224.422825060692	15.331068902170992	5.0	2212.8058345595236	18.21417651760342	5.0	543.5643570757449	21.50844048479057	14.0	14.80888029188546
1419.8660841479225	13.21646463074539	5.0	4521.836692772165	17.352105743685325	5.0	475.49667332158936	21.55825227315399	14.0	17.115718705770057
1482.252926414815	12.885515004444406	5.0	4412.624980472231	17.985447948242822	5.0	457.5158373518986	22.30351921334038	14.0	18.89534751304948
1665.484802675724	13.501575607200529	5.0	4129.142599089305	19.096004358182842	5.0	522.3614392486339	21.79879882038089	14.0	17.949241685566108
1675.4637810947527	14.154405063889781	5.0	3874.918909716739	20.125757804743397	5.0	600.7261133955079	22.36124937583309	14.0	14.551977939292982
1573.0622032077836	14.412028203374838	5.0	3576.503925604522	20.727790384925047	5.0	701.6609854164049	23.32066544472534	14.0	12.217207219480176
1584.7705501877847	13.9644692500064	5.0	3428.758455944979	21.19121311904905	5.0	637.1967034469594	23.94277558525424	14.0	16.769117356096437
1363.1924230385291	13.283165030640719	5.0	3389.433143485746	21.274273569894603	5.0	529.3417597190221	24.348199052977954	14.0	19.54835977970306
1272.7095876174628	13.479442505558339	5.0	3017.1221775013696	21.3954960854639	5.0	500.29922908290024	23.998964970236802	14.0	16.72932379237029
1105.633397432351	13.433138217123602	5.0	2703.0629931777635	20.98909246696693	5.0	482.2559160427692	24.010614883320365	14.0	13.58997591208965
930.9155651494585	13.180372042971955	5.0	2477.203776539172	20.68011397701501	5.0	466.5299884917485	24.37414078125468	14.0	10.60626846457124
869.4106505818444	12.990830729923454	5.0	2244.771916305489	20.787125701502063	5.0	459.40927037996266	24.366749458135484	14.0	10.507992875541806
976.3499564265683	13.594771062048245	5.0	2040.2966404388535	21.330793944189224	5.0	430.0461125761343	24.435099024588922	14.0	11.919427184876003
1069.796186632621	14.26483699342895	5.0	1731.9334370261683	21.808446674190336	5.0	477.74394871859533	23.696153452401123	14.0	12.313981433330731
1073.8674513779692	13.981917870862715	5.0	1586.6843591001773	21.903361968301123	5.0	478.58962420914474	24.46203924619833	14.0	11.985725017729045
1121.633476047154	13.928575773497393	5.0	1326.377217148241	21.888620639253205	5.0	476.834452707929	24.799297984956777	14.0	11.560585980782838
1236.395925230068	13.700411308114711	5.0	1333.1631619984728	21.921550943857696	5.0	454.4413069502144	24.71548609195429	14.0	13.799250268839529
1265.081991014827	13.87777288775904	5.0	1320.2561554970246	21.676420584671515	5.0	530.9464337987181	23.30313391741764	14.0	13.502584159200877
1444.1232042870054	14.054619446676796	5.0	1184.1387457913804	22.138883395037233	5.0	634.1340888493554	22.957810786208753	14.0	6.608610204553469
1491.8686577061549	14.141367887298303	5.0	1222.4076811291336	21.849853134557087	5.0	749.1711595461677	22.690368476570985	14.0	4.051526911865726
1650.2451790142054	13.6913431896819	5.0	1231.473533241822	21.89502022895454	5.0	826.5413458836694	22.539266653503315	14.0	3.8762889699768284
1660.2053588283743	13.035931042059959	5.0	1215.4542350857048	20.84424337314492	5.0	875.8162527653943	22.262099545657414	14.0	4.986666097331742
1667.0912928239327	12.828740324372605	5.0	1240.0277145328446	20.830168150472698	5.0	944.2604143160538	20.961599680889805	14.0	6.849800381362831
1662.4778913691707	12.366245618131224	5.0	1618.1948490130435	21.20168108314221	5.0	902.9499941400659	20.606318010116006	14.0	8.358628855084353
1709.1160024925573	12.44332985040235	5.0	1789.7734229034593	21.99169835658717	5.0	913.2067149011742	19.72031515588091	14.0	6.854571319611768
1875.4672398020118	12.857949086237308	5.0	1924.9052182222272	23.057180578073247	5.0	914.4529071114141	19.304147002996743	14.0	6.921618069003207
2084.978295027258	12.982802402319509	5.0	2110.2693844340047	23.56795459715184	5.0	895.8357959995116	18.916094304717497	14.0	10.66807446538701
1976.2177705384597	12.217614246765777	5.0	1907.8950171593126	23.33231029723414	5.0	970.1373935529114	18.59522438673584	14.0	7.8113607092895165
1924.601816952171	12.180336669078528	5.0	1395.6129305498866	23.308683474852867	5.0	985.0680487457048	17.836503106930387	14.0	5.511716487249972
1909.0315255642117	12.221866170419686	5.0	1026.8241673007028	22.62095359984489	5.0	1007.0007078345244	18.082053553189276	14.0	2.6702212265958503
1869.7115896933117	12.609346872102975	5.0	939.368266970325	22.076435101221993	5.0	1050.6946657683122	18.92839926375591	14.0	3.7631373316241965
1679.885074664975	12.480252679232448	5.0	1081.7654104921778	22.547786980194733	5.0	1146.1820708788644	19.338205901130003	14.0	4.2286606619670914
1655.4933991723804	12.203866324442414	5.0	1422.8504454174795	22.688598207985155	5.0	1214.081363708006	19.364629828911898	14.0	2.2531675159407483
1998.5028187767832	13.073070695327244	5.0	1894.3763028406509	22.938519239782217	5.0	1171.805097223424	19.000317916475964	14.0	1.2553750225194098
1826.654219532043	13.863767021371284	5.0	2436.9252427578645	22.27047921578177	5.0	1122.4093372033187	18.97460779775905	14.0	-2.993148078774913
1573.371905595081	14.120021808284987	5.0	2633.247310655325	22.546094782185396	5.0	979.9562281126884	18.843131533260237	14.0	2.2499953597778823
1213.8251935316202	13.850101110174542	5.0	2356.533534581799	22.322627395936006	5.0	1015.4226472180019	18.993255092399004	14.0	0.08828772219826349
983.862488171464	12.871742123880152	5.0	2114.389538128984	22.24626071574714	5.0	992.2373768335118	18.993566742156197	14.0	-0.3732576738993479
714.0088939702256	12.149376010016287	5.0	1870.382431000777	21.43921690016248	5.0	1006.3773962980484	19.508418865616257	14.0	-0.39959542233514583
526.3114599166935	10.124366933555109	5.0	1662.2046386070576	20.569116576894622	5.0	1059.5005298703434	20.015473523943278	14.0	-1.1288445917160181
581.2619267026562	9.820694691277515	5.0	1673.7751976577554	20.513292761963665	5.0	1015.2121467784505	20.30149073323682	14.0	0.0378396778903137
662.304061407355	11.065005895747364	5.0	1626.7376812189132	20.56507987888219	5.0	979.8016959984525	19.9862544422279	14.0	1.1969713726704587
617.4622454856353	9.632229607827266	5.0	1756.2969733476714	19.904625523684004	5.0	948.5590560886718	20.605387565799777	14.0	-0.6884881319923492
643.7132944871602	10.422812650728034	5.0	1495.2314579463382	20.345765176060066	5.0	930.023354539517	20.613319577380047	14.0	0.16544203541672198
600.7464277018495	10.092274994574716	5.0	1272.4734066993644	20.587823344983303	5.0	863.6068019487841	20.662202467654165	14.0	1.4534678176408626
603.5226289299397	10.400759020526207	5.0	1190.971574722967	21.030298280369138	5.0	826.5636229953801	20.243737107587744	14.0	2.9118074032311143
