amplitude_0	mean_0	stddev_0	amplitude_1	mean_1	stddev_1	amplitude_2	mean_2	stddev_2	amplitude_3
318.561200938725	16.767483441577884	5.0	0.0	24.540647445772233	5.0	665.0532956763066	18.370998705658458	14.0	2.1201563296591943
319.4347769015267	17.272114116444115	5.0	0.0	24.540647445772233	5.0	663.7422839226248	18.8392894959415	14.0	1.7284161080942888
349.23790229760357	17.32358679670628	5.0	0.0	24.540647445772233	5.0	618.0006898228169	19.00762630512104	14.0	6.75886516940262
265.4706289776515	17.595433295187885	5.0	0.0	24.540647445772233	5.0	662.9487662198319	18.290412795517668	14.0	6.124738626295503
229.98950008991739	14.418544268711775	5.0	127.50904674412206	21.991237672460425	5.0	636.6974647529735	19.449190377218198	14.0	7.430271494267978
138.59082484266213	9.26955651281846	5.0	364.090456228888	19.241554907698305	5.0	573.5907386549186	19.400735931806057	14.0	7.533285697781197
237.363684381933	14.219586768166767	5.0	147.0434137144245	20.344627128708982	5.0	618.4649894854127	19.530332432208503	14.0	6.6528841759552435
205.66825061653347	15.545649548247088	5.0	102.35188947742247	15.545552056293696	5.0	652.1996027468789	19.19727074670461	14.0	6.5173604747482345
360.2233308840828	16.138273847970915	5.0	0.0	24.540647445772233	5.0	629.7194885787715	19.787534170341157	14.0	5.244487397577356
388.5015095129577	15.931127136479047	5.0	0.0	24.540647445772233	5.0	651.152476222248	19.509016555447484	14.0	9.055433714630695
399.30549893710094	16.022835374579277	5.0	0.0	24.540647445772233	5.0	675.4997301172741	19.91392521203839	14.0	7.3344515126876155
414.82173802945823	15.526075307666188	5.0	0.0	24.540647445772233	5.0	661.4344417248141	20.516568777964693	14.0	6.5130821122100215
396.1278606107786	15.89154721070651	5.0	0.0	24.540647445772233	5.0	669.056097296482	20.26972135444881	14.0	5.861846343800741
343.350158975452	15.3117165203777	5.0	0.0	24.540647445772233	5.0	694.3328660717444	20.555225343971735	14.0	6.146856735470691
366.0664943229287	15.335649885036348	5.0	0.0	24.540647445772233	5.0	714.7358544617545	20.683903991462344	14.0	8.236066051874483
404.56172640945664	16.307163959107648	5.0	44.44990690158111	28.03055693973591	5.0	716.49345655017	20.651885957243113	14.0	10.482418184153273
401.4113256781199	15.501620117915994	5.0	0.0	24.540647445772233	5.0	774.9517138310725	21.46362919270422	14.0	4.021830193753111
363.4291387181812	15.274520092410267	5.0	0.0	24.540647445772233	5.0	792.9869281893749	21.517546791437404	14.0	4.553806090156592
436.8623767430568	15.378967008292031	5.0	0.0	24.540647445772233	5.0	806.4320604398702	22.17626788639736	14.0	3.7191921749175143
510.9544244508682	14.76497302012919	5.0	0.0	24.540647445772233	5.0	824.3239919191334	23.033634513456224	14.0	5.1420543348934205
517.0394796317554	14.503069680650885	5.0	0.0	24.540647445772233	5.0	878.2874928998879	23.708667358424933	14.0	4.14274887009013
521.2253243536961	14.607381869711729	5.0	0.0	24.540647445772233	5.0	952.353792902595	23.882474871885798	14.0	3.3222558501858
548.4350180783208	14.741770573923473	5.0	0.0	24.540647445772233	5.0	1015.7578640341227	23.964133801060655	14.0	2.5601888439282483
539.1662218530946	14.948926186147624	5.0	0.0	24.540647445772233	5.0	1050.428964399559	24.208660287218503	14.0	-2.1701762905577566
619.9003503076068	14.807780587256158	5.0	0.0	24.540647445772233	5.0	1024.442130102855	24.475227325365214	14.0	1.9304280501470916
693.0218403421984	14.798959318082913	5.0	0.0	24.540647445772233	5.0	936.1093835071812	24.0220511906036	14.0	6.109629816031603
748.3397920956421	15.056697964263025	5.0	0.0	24.540647445772233	5.0	799.6936780946727	23.340607936401128	14.0	5.940335446402116
769.7842589036752	15.012216196317508	5.0	0.0	24.540647445772233	5.0	701.1529246146166	22.53304960608928	14.0	8.605082950283325
835.4335704547408	15.003669997870258	5.0	0.0	24.540647445772233	5.0	651.0818356078445	21.88508894245059	14.0	9.36972203576054
755.8757131911574	15.849853536861353	5.0	0.0	24.540647445772233	5.0	666.6391535956157	20.126816054612025	14.0	7.435784572230547
758.4125421203686	16.483130314625136	5.0	0.0	24.540647445772233	5.0	624.5306714322298	19.766872399107594	14.0	9.27405752051507
775.5177182185206	16.483395833217887	5.0	0.0	24.540647445772233	5.0	654.0007739389033	19.768028903112356	14.0	7.516651402310106
826.0265662825175	16.961041815212717	5.0	57.35736131428126	35.0	5.0	658.9156115945189	18.850966771226474	14.0	7.177327732928535
841.6870927783181	17.404637567185304	5.0	67.6710219604362	35.0	5.0	669.5488047588553	18.81472203177822	14.0	7.213931231848086
768.4160600038314	17.322113686309205	5.0	8.477701833155512	31.21922221182474	5.0	753.8200189822388	19.819166926240147	14.0	1.860554534375482
682.3829635748197	17.31249654179188	5.0	52.561861448663464	31.082672599546537	5.0	778.2361299247633	19.76926492975491	14.0	1.4221029708755109
642.7323972004665	17.51783619591883	5.0	47.33977260029484	29.581590954069643	5.0	791.1220031895114	19.632343512004176	14.0	1.0773189911591885
625.6283967205918	17.56619234122137	5.0	158.55351236998536	28.409748283293762	5.0	813.3320966376675	19.380987240740346	14.0	2.1824728660802046
536.375038852133	17.47059476028885	5.0	220.6135072548656	26.681008171478226	5.0	847.2862968575316	19.280690686245286	14.0	1.4146968677571166
576.0045285802878	16.458521904644627	5.0	357.99764779819776	26.673660270394876	5.0	847.9731305957879	19.4148128166533	14.0	-0.8201220685349699
518.7064215007966	15.572847446474377	5.0	445.6894719049404	27.12268574793796	5.0	865.3151347907796	19.148932682341684	14.0	-2.809180209672803
451.30495362783955	14.183735917824999	5.0	560.0814212477555	25.969268684612295	5.0	867.3634903973309	19.47982124878261	14.0	-2.5134111494412985
413.28322583374955	13.71237869575618	5.0	611.567939561428	25.90064302819221	5.0	879.7042931814556	19.264822103814474	14.0	-3.560412074995164
404.3830566118616	13.60461044840896	5.0	631.8272611072423	25.86735581923689	5.0	908.5905985386277	19.18441005082464	14.0	-2.6568709997736515
419.1067796246966	12.666869774516524	5.0	662.226299817094	25.374114697965105	5.0	901.0574886443679	19.726025124780776	14.0	-1.550896428299586
401.4718053594675	10.934610023778415	5.0	655.1009370351077	24.42034428827688	5.0	920.2118795885507	20.459879221921167	14.0	-2.179972937915727
365.723641327986	9.992957148705338	5.0	564.6847905111996	23.65836116421635	5.0	958.7259883782061	21.522753732213797	14.0	-0.6408554602867569
371.5074555753504	9.178600229818366	5.0	657.5950721468394	23.100941011391768	5.0	967.4394563476319	22.312363947736234	14.0	1.903580814705186
480.8832659983578	9.481594185879286	5.0	676.634316812995	23.172536833618487	5.0	932.0609742010213	22.660178678882623	14.0	2.911343984672837
454.6029258702845	9.279476278785399	5.0	737.4088845971411	22.784504285725752	5.0	924.7398215031262	23.056346417766143	14.0	0.4711923951017856
442.44799374483426	9.03406616464246	5.0	803.9215467218368	22.904471036445077	5.0	878.5425845260685	23.22525643528475	14.0	-0.2429176021972356
454.62355301073643	8.88710325353406	5.0	683.5781163980122	22.931782966699235	5.0	900.3187518922176	23.21179218104465	14.0	-0.8877950511133302
471.8285395936562	9.45220762398194	5.0	648.7299131931579	23.337045035200553	5.0	942.1839602435932	23.324055358164593	14.0	-0.5424929921827945
563.4583857473605	10.56414855666585	5.0	589.757489346369	23.404939349257074	5.0	978.3739195022233	23.301072161330193	14.0	-3.380002785154594
706.3509874252298	11.538109130625637	5.0	693.8063602495156	23.544812001123113	5.0	928.466634584221	22.873745520452253	14.0	-0.4714708065149697
866.1208401957869	12.170738247347572	5.0	706.6799146535105	24.041737231590666	5.0	874.7762092953409	22.842724079447237	14.0	1.3702186862643944
1067.9662650442247	11.877481206796336	5.0	759.5762046662338	24.319841228954324	5.0	730.5806081320634	23.24620389299278	14.0	5.339077488251392
1075.6393034764953	11.636957679565768	5.0	868.3232567459339	24.720696493757504	5.0	676.4410823955496	22.945813549372257	14.0	2.647036258484615
1077.721328677158	11.55059859945386	5.0	853.4745877645934	24.685181363892067	5.0	671.8476693775485	22.99063821105215	14.0	5.310410967770528
1142.0320246322708	11.463312085252168	5.0	841.993646819669	24.559911249135574	5.0	668.6124707328947	23.80407654373582	14.0	4.217464753787568
1076.5153814351804	11.538221172018732	5.0	735.7413233101188	24.4546448953617	5.0	742.967832723184	23.55297187587018	14.0	3.8391214957431683
1133.3551220811305	11.464842144230557	5.0	716.5147888376714	24.337519739450887	5.0	728.0485692546663	23.922496980672516	14.0	4.656791035079641
1066.0192039550827	11.70046844144309	5.0	597.4979260469279	24.423779577135075	5.0	776.1451553100071	23.117153954163715	14.0	0.7367937211339477
1142.091898600748	11.702297433682352	5.0	634.4545816234386	25.158390633871882	5.0	746.3363348389346	23.20803249490764	14.0	2.102922131697263
801.3793676792908	12.092965916535313	5.0	0.0	35.0	5.0	1206.3202301172635	21.609262885449642	14.0	-23.204688803454538
834.3227335231693	11.998261474312795	5.0	0.0	35.0	5.0	1208.1580730717283	21.538128276592047	14.0	-21.00302958991565
838.1451993256159	11.737632754371377	5.0	0.0	35.0	5.0	1189.1043743582454	21.43281204538366	14.0	-20.516729088871152
886.6139349044375	11.457936521363663	5.0	0.0	35.0	5.0	1179.356392933619	21.531170151028594	14.0	-20.16654551977012
940.4251944385804	11.043838631783716	5.0	0.0	35.0	5.0	1143.6532392920158	21.915059120193625	14.0	-20.392229256083386
971.9750119274375	10.75202152699979	5.0	0.0	35.0	5.0	1098.9062506305697	21.989740839776694	14.0	-18.128615473820126
1067.441896144692	10.51017474902915	5.0	0.0	35.0	5.0	1036.3416170067683	22.302872112089872	14.0	-15.515500502671813
1134.7934781862464	10.700406449115563	5.0	0.0	35.0	5.0	976.3372808936673	22.708247348905793	14.0	-12.925562774081513
1214.9791468731983	10.935028530244594	5.0	0.0	35.0	5.0	920.1521847342591	22.950247279798397	14.0	-11.744896233653147
1318.5962035267048	11.01961807848256	5.0	0.0	35.0	5.0	870.1652928240171	23.291404438656862	14.0	-8.622569322712728
1376.6773553331984	11.091240998759057	5.0	0.0	35.0	5.0	809.8733293754616	23.34585215337859	14.0	-6.582052446554181
1367.6395188825434	11.183157592100462	5.0	0.0	35.0	5.0	756.5129117258347	23.66444275118991	14.0	-6.7177516664256745
1365.2381904647975	11.208544685560106	5.0	0.0	35.0	5.0	694.6189893051253	23.457072533794165	14.0	-4.885750416758832
1339.034851087906	11.120952473655157	5.0	0.0	35.0	5.0	641.5637131142984	23.727878907320672	14.0	-6.012894014528444
1222.5369120653215	11.064052102897246	5.0	0.0	35.0	5.0	601.6742637154638	23.406988023082278	14.0	-5.582719640871187
1139.2075890540004	11.052239967875737	5.0	0.0	35.0	5.0	576.4146968259985	23.315745740822035	14.0	-5.299900433163688
1092.0492336484206	11.220680652097515	5.0	0.0	35.0	5.0	561.4094784209145	23.054023092858742	14.0	-5.428813304129764
982.1683962213211	11.320386914937346	5.0	0.0	35.0	5.0	546.5403805696653	23.051553757099736	14.0	-6.568069420584993
901.7272127432345	11.381440545524981	5.0	0.0	35.0	5.0	513.1261816079418	22.79131242249256	14.0	-5.325266202654771
865.1960004796922	11.444253980621632	5.0	0.0	35.0	5.0	494.4109269701956	23.228111240753314	14.0	-4.199238923676125
841.9169445025799	11.365598186168876	5.0	0.0	35.0	5.0	483.15305500169654	23.69976436471694	14.0	-5.758009338628652
802.7595813293062	11.31372502395588	5.0	0.0	35.0	5.0	494.97772946890717	23.62003210088568	14.0	-6.55305283243172
742.8033300891061	11.466652675352087	5.0	10.115533434275902	35.0	5.0	495.13355877420594	23.635926023198124	14.0	-5.742268026370719
672.9572221312612	11.521535472178256	5.0	32.72595547009223	35.0	5.0	510.12647737752326	23.311515940490153	14.0	-5.971206524866187
533.4421423744473	11.493604585267741	5.0	33.058749750096226	35.0	5.0	563.5843301583074	22.663549869656272	14.0	-7.403195679200766
449.5570759423182	11.464122534638944	5.0	54.44093625455982	35.0	5.0	571.5493992453272	22.673812966297135	14.0	-8.471546310931576
445.50964634783503	11.545235114472037	5.0	113.33916483370875	35.0	5.0	527.0327252434121	22.54628405801178	14.0	-7.959451346560988
431.96966187909845	11.584268365776381	5.0	157.9738621693892	35.0	5.0	464.92346137222074	22.271244044605183	14.0	-4.758262843697654
418.01286078938165	10.721319424279418	5.0	164.76335496163603	35.0	5.0	444.4273406129608	22.83360763228758	14.0	-6.368737404943962
395.1448950033072	10.21480352642403	5.0	127.47751113813896	35.0	5.0	448.9031971052802	22.973895686411716	14.0	-8.445316612199402
336.5540690029988	9.716508776052658	5.0	41.81967871693578	35.0	5.0	508.60151188085416	23.20650579930681	14.0	-10.219477363540568
273.78840922690574	9.07760913375431	5.0	0.0	35.0	5.0	574.2559779100369	23.120089664142096	14.0	-13.279758951281737
0.0	0.0	5.0	0.0	35.0	5.0	717.6465046139095	20.278097865370103	14.0	-14.413744775883718
0.0	0.0	5.0	0.0	35.0	5.0	764.7857008823399	20.30015836007224	14.0	-20.054170320537562
0.0	0.0	5.0	0.0	35.0	5.0	789.9923630182253	20.774119694513818	14.0	-20.40796762967282
0.0	0.0	5.0	0.0	35.0	5.0	830.1201040908428	21.229562904580057	14.0	-24.446460207136056
0.0	9.636638186806271	5.0	0.0	35.0	5.0	830.0613955767479	21.485365103312233	14.0	-24.363307452650496
0.0	9.636638186806271	5.0	0.0	35.0	5.0	829.9197403148831	21.64603898241879	14.0	-25.911315237208466
0.0	9.636638186806271	5.0	0.0	35.0	5.0	837.807601594962	21.902695495022964	14.0	-25.542188842682158
0.0	9.636638186806271	5.0	0.0	35.0	5.0	852.4005401058516	22.255267799788367	14.0	-27.68611757582169
0.0	9.636638186806271	5.0	0.0	35.0	5.0	850.659135161913	22.607547162731873	14.0	-28.891363548034462
0.0	9.636638186806271	5.0	0.0	35.0	5.0	825.4923762764133	22.61449535711366	14.0	-26.499950507883288
0.0	9.636638186806271	5.0	9.932430018267025	35.0	5.0	798.3365910705644	22.771377542674433	14.0	-24.81266097551018
0.0	9.636638186806271	5.0	71.33946873414222	35.0	5.0	755.1036631439442	22.65758945661173	14.0	-23.57419417329295
0.0	9.636638186806271	5.0	88.57186436031827	35.0	5.0	726.6027447187661	22.883685308936403	14.0	-24.59219705609732
0.0	9.636638186806271	5.0	175.4803855823024	35.0	5.0	671.6254796989167	22.560994339013444	14.0	-21.524551208591696
0.0	9.636638186806271	5.0	199.29855356712608	35.0	5.0	652.8077750000595	22.586203422545935	14.0	-21.48112644796234
0.0	9.636638186806271	5.0	214.3666530221901	35.0	5.0	670.9899351766732	22.475615630537927	14.0	-22.501972126125334
0.0	9.636638186806271	5.0	268.2202949853752	35.0	5.0	680.2019916119879	22.414937133568987	14.0	-23.610773413838643
0.0	9.636638186806271	5.0	267.1460701613173	35.0	5.0	721.3647375111686	22.683277603736816	14.0	-27.352848587131994
0.0	9.636638186806271	5.0	262.431553306963	35.0	5.0	756.5899290681238	22.920994149840343	14.0	-29.66192399653477
0.0	9.636638186806271	5.0	248.0820852621462	35.0	5.0	772.6805072073163	23.155490510980595	14.0	-30.771940184634182
0.0	9.636638186806271	5.0	233.05842620291122	35.0	5.0	794.6800233399014	23.420953525275465	14.0	-31.073776760116992
0.0	9.636638186806271	5.0	188.23479606929146	35.0	5.0	820.4274565791072	23.816860390627525	14.0	-33.21125002458743
0.0	9.636638186806271	5.0	168.292743228684	35.0	5.0	827.403860107447	23.83200207589196	14.0	-33.31580204886399
0.0	9.636638186806271	5.0	157.29678120859617	35.0	5.0	859.8950430922913	23.84082927095408	14.0	-34.84075153731148
0.0	9.636638186806271	5.0	97.60693032935467	35.0	5.0	927.8035215094329	24.095243257245592	14.0	-38.647163299223
0.0	9.636638186806271	5.0	20.012416145614658	35.0	5.0	1008.386799353373	24.366978645733717	14.0	-43.81766945238762
0.0	9.636638186806271	5.0	0.0	35.0	5.0	1075.6798591011132	24.152462590392172	14.0	-46.62214752031747
0.0	9.636638186806271	5.0	0.0	35.0	5.0	1126.1227114802884	23.85214063840196	14.0	-50.578955818444854
0.0	9.636638186806271	5.0	0.0	35.0	5.0	1187.4096697327973	23.5216599709208	14.0	-56.696860065939845
0.0	9.636638186806271	5.0	0.0	35.0	5.0	1280.6431121185121	23.191448636204147	14.0	-64.91887060474043
0.0	9.636638186806271	5.0	0.0	35.0	5.0	1330.305210114411	22.903542162660525	14.0	-68.65588292354772
0.0	9.636638186806271	5.0	0.0	35.0	5.0	1338.2826337098718	22.708943077107733	14.0	-69.80154805670291
703.7000923507126	17.169703485074653	5.0	1424.0773589149833	26.381998592870747	5.0	283.8761652575682	16.07309140237773	14.0	-1.3898672963894967
642.4566686441378	16.592671674706008	5.0	1403.6515965684428	25.770767018454713	5.0	311.1860710233606	16.87034468259742	14.0	-1.093796377175838
557.8804884326614	15.497852399847142	5.0	1363.1018178761274	24.93331892598446	5.0	326.64418848029743	17.574458412842382	14.0	-0.5617693776261156
540.3783421137879	15.220125564073879	5.0	1199.3642786456774	24.201982123481773	5.0	354.8359444628625	17.47260963062863	14.0	-2.263822871641556
477.5374958410783	13.634774411835364	5.0	1195.8020383819326	22.67626102519005	5.0	372.91710001398286	18.117196039902687	14.0	-1.7179130760747918
442.67180023800773	12.300612024904414	5.0	1213.9925738601628	21.391258278986612	5.0	356.7321022099742	19.123389399256233	14.0	0.43951362173615527
411.40215082827564	12.430907659619916	5.0	1201.4407537755644	20.334270489120527	5.0	345.8819972299119	18.980691343139114	14.0	-0.0007468564809809064
316.49780054516015	10.235985345037285	5.0	1359.0324476541764	18.968781379287453	5.0	324.3162713543107	19.444193265197057	14.0	-0.8715079043786227
254.46754343987223	7.917470162071046	5.0	1616.564479871002	17.846934524735328	5.0	304.1291019653052	20.00146319177656	14.0	-0.10119925297593081
252.54722156618968	6.1138644905841435	5.0	1895.6200213932627	17.167380698906474	5.0	263.277774862174	21.29072632991824	14.0	1.808951540751587
278.48503102792955	4.531629049497036	5.0	2207.1989883515666	16.871468330536054	5.0	211.33966057602242	23.817228158556443	14.0	1.9891013189589066
338.31934192145627	4.314293867537782	5.0	2363.183628670501	16.778809845923416	5.0	183.46245808863702	26.297789229420683	14.0	2.3232326903259595
393.1893127168822	4.595509181118356	5.0	2336.806404409545	16.52996370300401	5.0	180.4401214444902	26.432169467697445	14.0	3.265661330332974
395.2637517890641	3.9625593533307977	5.0	2369.5335943291348	16.27881006666838	5.0	209.9250780642262	25.700731330193022	14.0	0.9617752459345077
401.5226282555129	3.6376851426616454	5.0	2404.6435313740426	15.803237797079387	5.0	230.36932298977027	25.044242332308876	14.0	0.9297000547771616
451.70724423056885	3.3749792226941504	5.0	2708.200698021582	15.51929696818033	5.0	240.79483743319742	25.526589747091528	14.0	1.1847827647382387
2843.701196112051	15.173870752810917	5.0	0.0	15.0	5.0	512.9380401547445	15.0	14.0	3.535876690168687
3246.335604695573	14.853888789164989	5.0	0.017070163815781747	15.0	5.0	446.93176089470063	15.0	14.0	7.60757988829423
3391.9888250639783	14.5899280866804	5.0	0.0	15.0	5.0	445.17972258571353	15.0	14.0	7.592640932354211
3318.482644172733	14.448918707806019	5.0	0.0	15.0	5.0	457.92981917542744	15.0	14.0	7.524332628852574
3231.6792765957753	14.397194280178029	5.0	0.0	15.0	5.0	496.3795124249437	15.0	14.0	8.130928340408154
3176.75233649338	14.23800447697719	5.0	0.0	15.0	5.0	603.7761879681308	15.0	14.0	3.5727297400188998
3148.754808505386	13.796492414245739	5.0	0.0	15.0	5.0	684.9431506062402	15.0	14.0	2.2339910915540826
3405.8797160683	13.396474413598389	5.0	0.0	15.0	5.0	723.6483966621946	15.0	14.0	4.2277342462041
3848.6692103423516	13.012932232540365	5.0	0.0	15.0	5.0	740.7871350039958	15.0	14.0	6.249083141674077
4256.810699313539	12.593437913159901	5.0	0.0	15.0	5.0	712.3280755062219	15.0	14.0	10.301430567172915
4527.342069682163	12.230263538990906	5.0	0.0	15.0	5.0	728.3096901938831	15.0	14.0	12.236488794516061
4836.102654236843	11.955632772323126	5.0	0.0	15.0	5.0	706.5147626507658	15.0	14.0	14.663504976130431
5068.062846837829	11.622052412589868	5.0	0.0	15.0	5.0	693.4171921560596	15.0	14.0	17.54944437374159
5234.877124745026	11.26318784408079	5.0	0.0	15.0	5.0	700.7940091323163	15.0	14.0	19.203689273701755
5857.707491157209	11.037487369106714	5.0	0.0	15.0	5.0	574.3104024859418	17.074978162700514	14.0	23.86134926487078
6027.513323845213	10.827723210713716	5.0	0.0	15.0	5.0	577.5240977964439	17.56435737891706	14.0	24.38715401190117
5940.242886590344	10.661348532834305	5.0	20.067191508388515	15.0	5.0	642.6479371646087	16.601831516335416	14.0	19.432332408011703
6000.2686562682	10.560672726109297	5.0	0.0	15.0	5.0	649.6707253465112	16.43099626557137	14.0	16.74345817247599
5625.658328459968	10.283302187150621	5.0	159.47330080238783	15.0	5.0	672.5297966272415	16.327561974218224	14.0	16.120674580905696
5079.629481053142	9.510837733861967	5.0	761.2509145156503	15.0	5.0	620.4772469724248	17.40643029396232	14.0	16.029940070053943
4758.029121887915	8.916110364995951	5.0	1193.8592299281108	15.0	5.0	554.24823313242	18.763113573913643	14.0	16.774797691620265
4618.647501624724	8.480969816695547	5.0	1442.3515830601245	15.0	5.0	509.6459571237544	20.629318358723097	14.0	16.276294178322203
4630.336461647169	8.053115500715778	5.0	1501.0108181262542	15.0	5.0	510.39555538364675	21.488800771201458	14.0	14.402156292810178
4404.7889313394735	7.733280930815301	5.0	1582.3928308921045	15.0	5.0	524.7272996973486	21.053280339277926	14.0	14.823737950336874
4189.051465248286	7.281570384836267	5.0	1653.658247513912	15.0	5.0	529.0119777801631	21.833354656777537	14.0	14.280837335334587
4082.0402265073735	6.794923424805559	5.0	1726.3319337601636	15.0	5.0	537.931251428259	22.784436050965923	14.0	10.813262961703188
3997.2601529837266	6.4724980364577265	5.0	1778.642922040502	15.0	5.0	546.272437279313	23.00401900090688	14.0	9.62305746804276
3944.0720416367644	6.14421835980194	5.0	1925.843652717753	15.0	5.0	513.1248981038059	23.876107659273973	14.0	10.1558172870786
3845.9550457050664	5.877086460418178	5.0	1978.3486361956132	15.0	5.0	504.44668627203004	23.96946714776399	14.0	9.780696455802707
3773.221622311828	5.748749079414225	5.0	2006.350998854719	15.0	5.0	506.38900757413194	23.84589494612528	14.0	12.024738692571114
3693.448085566024	5.592917685080055	5.0	2213.852056131569	15.0	5.0	478.0960286793006	24.561804849843742	14.0	14.198253282661774
3582.510024285041	5.669383393602083	5.0	2393.3837771211533	15.0	5.0	433.66047938646597	25.886828381412613	14.0	18.070214931057283
3648.2702444815304	6.016036129640656	5.0	2476.5579666414483	15.0	5.0	399.78641403580514	26.350190653074225	14.0	23.24569098316926
3665.198595531743	6.125223320546091	5.0	2674.897360345209	15.0	5.0	332.24659743010443	28.803835792174908	14.0	22.808436994655207
3491.2913909296426	6.239818696413921	5.0	2873.8674240588853	15.0	5.0	286.5778698523666	30.875573916994394	14.0	22.306966304999243
3509.1554132020055	6.452115149936846	5.0	2901.3550533598814	15.0	5.0	272.57451631087827	31.84296368760886	14.0	22.80961446264874
3536.9301745433813	6.851352237602538	5.0	2799.6264060873345	15.0	5.0	267.90047445685366	31.213076452189636	14.0	25.14234819216638
3569.723527960304	7.299337457819595	5.0	2724.0389257461493	15.0	5.0	262.4041805618906	31.497592561259722	14.0	26.323891702570656
3524.4678608601766	7.552580065739032	5.0	2703.142500554841	15.0	5.0	270.0895367298803	31.941683956299364	14.0	26.618126435848474
3354.656518368988	7.850902267672681	5.0	2689.613365106692	15.0	5.0	271.0472256434784	31.870757628612118	14.0	29.400220735255196
3281.7733517375254	8.128520945362926	5.0	2666.9919255083973	15.0	5.0	273.1698592116948	32.335485518110524	14.0	30.96862215272423
3212.25509868254	8.371184559306808	5.0	2610.5885562024237	15.0	5.0	283.5743519005964	32.011117122953166	14.0	31.289308773136913
3203.7749995878116	8.687730766845073	5.0	2563.7952771145724	15.0	5.0	290.4789869423092	32.47322428073204	14.0	33.680915380802226
3203.5163710852726	8.835656461185694	5.0	2630.5727057460053	15.0	5.0	295.78826001506314	33.24160429837494	14.0	33.62085609207579
3061.903667274011	8.652436299039552	5.0	2684.1042834461005	15.0	5.0	308.50792302482205	33.55411783072607	14.0	31.264519954620365
2949.281667300225	8.800865672712431	5.0	2607.8152361103475	15.0	5.0	331.6874765445261	32.66410521821359	14.0	31.72303307701046
2760.803677072054	8.925253979749638	5.0	2676.854166575836	15.0	5.0	334.92312278401266	32.6938595275561	14.0	29.116058263075
2480.097388525016	8.95112238611846	5.0	2645.38291480353	15.0	5.0	336.61543818019277	32.40737725130937	14.0	29.13806663476935
2315.7144677877595	9.35384021073576	5.0	2452.0790722483353	15.0	5.0	347.76428706382717	30.68765553845716	14.0	29.9001522774357
1891.7535559983403	8.611283285451425	5.0	2700.7261625838573	15.0	5.0	347.1632938948551	30.832990961404878	14.0	23.00112028235598
1547.476199056248	7.930928453450374	5.0	2872.63041186598	15.0	5.0	351.0266868029934	30.17325136491834	14.0	20.099967428946066
1374.407285047545	7.631006310276439	5.0	2872.7931950990887	15.0	5.0	359.13058885193	28.958830483657668	14.0	18.614251683316187
1237.6490955623374	7.528886090010545	5.0	2777.044178362072	15.08495147428927	5.0	400.4983145255252	26.431169629324504	14.0	16.557753435866
1289.9568681450896	7.714793136415298	5.0	2816.0051619614633	15.786442556332798	5.0	348.1116802715253	28.864211195631174	14.0	13.209458863096822
1350.50863482847	7.932584039596485	5.0	2834.4743946634185	16.300862119712818	5.0	319.1547129463707	30.490417979232664	14.0	9.692537434923496
1380.4994004931457	8.388906430258652	5.0	2744.9355239256515	16.695423247755212	5.0	325.7985441714299	30.071133357788792	14.0	8.859338861180996
1438.471285324781	8.597019709902586	5.0	2727.4065505960057	17.195414582713415	5.0	316.84636839204984	30.956170853909036	14.0	6.98170571043606
1488.2677188346056	8.814897591772317	5.0	2704.5240501594367	17.606411534414686	5.0	327.85467329731466	30.62801662623954	14.0	6.412589946295302
1636.25758800455	9.161735524841621	5.0	2572.614245382374	18.02083530169472	5.0	350.6535179698354	30.851456476971595	14.0	5.263490757200629
1707.1720922853133	9.190645889369533	5.0	2674.469292413468	18.310284656157474	5.0	341.41024521408673	32.21176040614168	14.0	3.483145640263284
1674.0507133298336	9.080445194965977	5.0	2743.707823997365	18.470700793366476	5.0	329.99192817168574	32.58468729331371	14.0	4.197842688444391
1707.1683126679418	9.321900815676802	5.0	2575.6404464097986	18.768367364874287	5.0	318.4782430014241	32.99660848183309	14.0	4.032789907976001
1668.6206401248492	9.46708084041611	5.0	2474.59371563365	18.900178920393902	5.0	308.93141745945144	32.918492387780894	14.0	3.5780228710700785
1542.3214838711424	9.171612511203026	5.0	2415.7139143634404	18.746554210284405	5.0	323.0281446388142	31.806705916076844	14.0	4.054984895020634
1445.7651358837018	8.896110548275685	5.0	2447.7733596100597	18.546264240949874	5.0	328.80949942962076	30.810658318483473	14.0	3.963796371101948
1362.9815635877599	8.436881866011126	5.0	2631.959021421234	18.219885883420186	5.0	326.3515622812643	31.01620888933733	14.0	3.1292939452886777
1313.721902965653	7.857247758943307	5.0	2781.696553583119	17.8611897420437	5.0	327.82751666117986	32.11683407685532	14.0	1.331883058053356
1203.3482509439157	7.3821619636620515	5.0	3037.0876359136632	17.389824941674913	5.0	319.9362557220724	33.13403401533177	14.0	-0.42265894592973163
1200.9111156392628	7.245599102845884	5.0	3128.426052807351	17.16863139915897	5.0	312.47091774446767	33.61876969275242	14.0	-1.3877644503216986
1260.090721936492	7.510082393023337	5.0	3002.720685710865	17.093482098729073	5.0	306.98205111393406	33.95173788476261	14.0	0.6197294271724122
1193.4079029044744	7.2967648888727	5.0	2992.7765525573986	16.721697657566455	5.0	298.88139410743753	33.8238919114184	14.0	0.35230533994203567
1225.5405391913503	7.333417194066706	5.0	2908.325079732816	16.395128802680862	5.0	309.63521095472527	33.514038751178155	14.0	0.16015997658352354
1158.0527031606434	7.196052934042583	5.0	2915.734403579613	15.982689112557257	5.0	325.2443839632672	32.975438863521326	14.0	0.7962891522138247
1085.5556182924288	6.804533652108901	5.0	3045.2796550450603	15.68646092961575	5.0	340.47251448531335	33.053154703638924	14.0	-0.6476218831553707
1043.6848942754639	6.437134212448296	5.0	3266.3851207656753	15.605046480076757	5.0	358.1363770974507	33.44593057008371	14.0	-1.9158801747872558
994.6029538810235	5.896297096647512	5.0	3583.6888349993856	15.761937130622583	5.0	344.74371877149315	34.75972752893192	14.0	-3.078207597380626
1068.6704794830416	5.886927416327697	5.0	3713.136769217108	16.185048711751502	5.0	338.5205443315214	35.42395989370752	14.0	-4.6758246871523115
1142.238776843565	5.999024413077556	5.0	3766.3902662930527	16.609725551313534	5.0	346.79973105299035	35.356690354762144	14.0	-3.827652833712518
1189.6475598386317	6.067036720391934	5.0	3925.237498706928	17.183682897256695	5.0	342.5968519796611	35.92207555070031	14.0	-4.446237690021015
1311.5650490516277	6.227799983484613	5.0	4055.870880488313	17.84697977828202	5.0	335.9292029763835	36.15916610597488	14.0	-4.735115817439066
1387.0065995401699	6.611006756749078	5.0	4086.2758847485866	18.360143474705858	5.0	333.5699395916417	35.64854238771446	14.0	-2.040817075080612
1410.7783004166324	6.772059978173114	5.0	4195.971238242159	18.686955013995863	5.0	334.9221859993129	35.526774640679285	14.0	-0.16427840955045764
1454.071187113461	6.850285098366408	5.0	4354.256507534683	18.856972446684576	5.0	349.806058586604	34.47569042937848	14.0	1.563743717766556
1500.808670986903	7.124477062720708	5.0	4491.901434616012	18.83421473425016	5.0	361.35827874597277	32.798403108118	14.0	5.805944355376978
1637.0480830194624	7.441913865072441	5.0	4610.48928092802	18.74859277546664	5.0	364.59163101331393	32.65013570916888	14.0	7.013218352560926
1846.7219723310943	8.086254260004237	5.0	4664.925237442778	18.710694367679515	5.0	373.89008795143803	32.06116531782828	14.0	9.179322783571179
1963.8190054301822	8.469834241837223	5.0	4656.470282599508	18.65737710227635	5.0	405.098405038928	30.58562490767473	14.0	11.911263563946815
2069.120633103888	8.675734016056916	5.0	4642.390162184111	18.68816165501227	5.0	410.2116633716397	31.039103286070265	14.0	11.672810234513285
2226.4990183513255	8.916387095664282	5.0	4479.831999964501	18.593601722808376	5.0	438.8886689765338	30.43567410078387	14.0	10.158578001888221
2360.192579367367	9.000078657820392	5.0	4139.592967417372	18.551858684735176	5.0	453.7898708709359	30.551650226510105	14.0	9.627474563665606
2551.363449156284	9.302027361579121	5.0	3767.590798340309	18.864794709037785	5.0	464.28529871763493	30.529837473574585	14.0	10.443703669380241
2570.296547213319	9.543071795577667	5.0	3523.4930856789865	18.98826022673189	5.0	514.6085427580036	29.03236349533961	14.0	10.916336567848749
2561.198391527347	9.642944915483607	5.0	3217.0857630714527	19.2761579826772	5.0	572.7768090269465	27.431429681935146	14.0	11.27368585178656
2572.9479749303027	9.778951062990073	5.0	3049.3575504589307	19.880243255527304	5.0	646.23799225902	25.892903416789004	14.0	11.879157967002426
2558.352836994949	9.985280592005223	5.0	3014.51740763243	20.398930422901522	5.0	716.2278931531478	24.511581042055575	14.0	10.999526881819028
2525.919957324496	10.267808634213848	5.0	2977.74844114494	20.67860597701007	5.0	819.8120136246592	22.98064766937129	14.0	11.09353004060868
2547.375397208766	10.437869473690563	5.0	3303.7443707973093	20.837722987215134	5.0	853.781396025224	22.28971433372284	14.0	13.100620228845624
2608.064094476331	9.98507384107629	5.0	3920.0891201906406	20.60499944928484	5.0	759.5026817286478	23.90406118530738	14.0	15.692263191941953
2574.0222205237983	9.436405882070197	5.0	4497.841762945665	20.021763353908202	5.0	673.3606342562099	25.860865442320506	14.0	16.751656607321827
2790.0956437494624	9.2551351322514	5.0	5045.034611425293	19.841289502730607	5.0	511.09312020858295	30.48033894711253	14.0	16.398851467523542
2898.18116688053	9.306736725462175	5.0	5227.67123459189	19.70564781680663	5.0	502.3888617822222	31.617278315400466	14.0	15.328940266935756
3002.6160557835315	9.23190605702948	5.0	5216.964983980412	19.37576243052213	5.0	541.5642082654771	31.00364648490676	14.0	16.02000282617537
2984.8228868541323	9.017213138878327	5.0	5099.2097741189655	18.863537173145644	5.0	624.6953248161733	29.401282939525636	14.0	13.773697318251216
3289.3332502268763	9.379954891411868	5.0	4721.913072501036	18.787049180557133	5.0	672.959711381427	29.05762837567276	14.0	14.733650168395718
3677.857187387197	9.527576758437815	5.0	4414.36897414619	18.822420193436283	5.0	669.6267745452341	29.975484889243315	14.0	13.013536389090204
3787.246555740972	9.490683352739486	5.0	4199.997028772379	18.5629771485558	5.0	713.2400362713353	30.18254625477719	14.0	10.744820800019474
4047.051202775241	9.724443212349957	5.0	3811.624317819413	18.59989369061117	5.0	764.1327935916261	30.062369439096674	14.0	10.121211823278886
4223.231441245277	9.796531543763452	5.0	3602.9088463723147	18.790213024250196	5.0	810.2947689056597	29.809907082713224	14.0	8.761449424110397
4158.146482249919	9.631533017046207	5.0	3788.7433364067906	18.934475616830714	5.0	820.2734760261005	29.95737982204128	14.0	6.947592781868251
4104.271661713892	9.733688276566438	5.0	3843.360797444412	19.22602610640048	5.0	822.014839317711	29.41142324389903	14.0	6.584992938634202
4019.992004814192	9.760822401873206	5.0	3752.6353191747953	19.740791058580733	5.0	845.0063121134347	28.217887660122667	14.0	7.217336567833526
3843.7080022516416	9.628470707018232	5.0	3857.968787483315	20.24533555513433	5.0	823.3253969639941	28.23739211902053	14.0	5.581728088942385
3714.9593944457583	9.589347873854646	5.0	3965.573734423293	20.761480725378046	5.0	809.4536067226825	28.03970307725181	14.0	9.27813426874203
3531.5129447596423	9.522198800032701	5.0	3891.7370735074983	21.541589793445993	5.0	936.3964277452964	26.679976024518876	14.0	10.97115499357231
3266.9521290705316	9.594454662662573	5.0	3785.8635205189416	22.570836748163817	5.0	1117.8381837850823	25.060821983580905	14.0	12.489149695180163
2945.3913778108595	9.456520744495009	5.0	3880.0308081224343	23.51825294505646	5.0	1270.3606757911953	23.689263398553	14.0	14.085857809633282
2630.1195763068536	9.383478255141943	5.0	4076.580006435766	24.275736673430604	5.0	1499.7383502827126	22.58579180471766	14.0	10.738909919690107
2417.187619324458	9.741804734018501	5.0	4170.187263459365	24.92445299897478	5.0	1737.4615969041347	21.669617473252934	14.0	8.778941264389553
2281.8636852583913	9.914297844683393	5.0	4202.456030634949	25.25801482442205	5.0	1953.238415882874	21.216616408927273	14.0	6.025990067154691
2024.9262646860316	10.271834396373874	5.0	3943.733141223199	25.347781129624227	5.0	2249.940186927355	20.928251608394966	14.0	4.40047721360896
1782.9464349242833	11.104321760376575	5.0	3401.354626899332	25.394706894095112	5.0	2515.1501629846643	20.66795497841194	14.0	8.819719142890333
1597.2203220319577	12.171070310118816	5.0	2900.1027371692053	25.291952715317596	5.0	2634.4306318503245	20.400895369951137	14.0	17.834675005567274
1464.5792878839527	13.515133127594334	5.0	2562.7451419125646	25.0735812711872	5.0	2649.7631543031316	19.90341710571702	14.0	28.360902989084163
1501.8333137435345	14.261810063135355	5.0	2481.6428551134463	24.800486981181	5.0	2492.3340756536286	19.282414236105428	14.0	37.92838633802081
1651.9802120985348	15.336188288727245	5.0	2156.7283979152667	24.86323138757032	5.0	2402.7383124560683	18.76715302047415	14.0	40.04786106938204
1596.0925970293617	14.529990748310576	5.0	2231.8734794249203	23.85920238851921	5.0	2290.079002385152	18.87438958093163	14.0	38.315233500712374
1824.9476162188985	13.041694489031618	5.0	2856.829446509955	22.598192592154895	5.0	1996.9291659964672	19.58756441443516	14.0	36.2209546076752
2248.6826616550456	12.458596938600158	5.0	3825.300959489947	21.43088039654837	5.0	1699.7171811897347	20.851556936983034	14.0	34.670519719714044
2827.5935092622913	12.76374591629137	5.0	4744.860000386377	20.744112722678732	5.0	1460.2949791968567	21.918023426553756	14.0	30.931887629150985
2922.547733741987	12.095091383636818	5.0	6470.798255495744	19.96205274761447	5.0	1214.154372823232	24.04945267732124	14.0	29.850991834514975
3567.2593682282945	12.17396809591401	5.0	7447.894621302231	20.077667689973893	5.0	989.2316334611542	26.827109257492744	14.0	33.59859566132101
4337.53236706859	12.852860081121557	5.0	7298.988636520687	20.392371236770547	5.0	1043.0984432112514	26.37164864016792	14.0	38.15204678193526
4723.80687649526	12.914380135131411	5.0	7251.791803415459	20.680560207494977	5.0	1102.5922911697771	26.41131423346007	14.0	37.79158486506184
5373.88338235593	13.29152197776541	5.0	6701.225680785361	21.34273659678505	5.0	1144.760506893637	25.96067064358967	14.0	43.46511811462696
5582.873638269266	13.278326218406978	5.0	6629.863905800018	21.778677881316465	5.0	1174.34990490353	26.09461999849491	14.0	44.8163623484939
5366.67414357328	13.096313214091781	5.0	6591.490301774334	22.183087895995257	5.0	1315.8940206498442	25.650799905090594	14.0	41.26280927825827
4912.070442993059	12.905434182948257	5.0	6610.617174330612	22.64598910425087	5.0	1464.3854558454345	25.068787122003997	14.0	38.68596769326135
4629.4724886027725	12.578017378747216	5.0	6546.336730028429	22.929747061529564	5.0	1510.3839201191859	25.4886789808182	14.0	37.89535178652375
4406.839552969534	12.649466781794183	5.0	6136.950411897568	23.173577387701076	5.0	1667.6640337406677	25.04722676089468	14.0	36.81276649504508
4219.580473622614	12.785251245576783	5.0	5809.035740770337	23.352320287188594	5.0	1801.7628907231822	24.50174239358151	14.0	34.97063464672079
4174.15204833827	12.807229760171687	5.0	5689.778310348185	23.507761409389374	5.0	1751.2914662651265	24.351380640952943	14.0	38.34173243060999
3957.7631289225064	12.63501318210379	5.0	6017.758276330983	23.613744250668915	5.0	1638.3191167065756	24.42413819934049	14.0	41.333734090043194
3653.6833066117556	12.623600151358962	5.0	6256.766183289851	23.71060850504226	5.0	1666.3801269196476	24.095621516433432	14.0	40.99671485214646
3544.057305483808	12.349540908843997	5.0	6622.582806040606	23.71168835812606	5.0	1551.6281117737506	24.984034268501702	14.0	40.13515455721299
3307.0319606737003	11.833967862027299	5.0	7196.045042653995	23.470157153206188	5.0	1407.908324711187	26.517684189818794	14.0	39.86385509388783
2866.2479907737616	11.658053755299147	5.0	7675.070050124385	23.362807551150393	5.0	1458.0954904917833	26.61072301077668	14.0	38.53778664908812
2838.8837934541757	11.482382025182925	5.0	8278.339377641725	23.415704849754817	5.0	1318.9702934432225	28.349875653180842	14.0	38.208817599704716
2888.693931503136	11.208772194075348	5.0	8645.154653226049	23.37536881700498	5.0	1157.9669811631177	30.340964285655364	14.0	37.23403872365535
2739.458767106686	10.92396806876187	5.0	9007.703721614058	23.251488493972463	5.0	1072.1548939557913	31.38085957449981	14.0	37.17782508633288
2618.523488987122	10.706089182126512	5.0	9093.491444506315	23.13690450238568	5.0	1066.8678783674452	31.421908297465535	14.0	37.349386729731584
2456.6664681633633	10.494929309168441	5.0	8977.275904245333	22.897110054509895	5.0	1092.1430280176105	30.93532128743287	14.0	36.46157185742384
2377.723543242285	10.413860334295325	5.0	8931.895213922846	22.65231642939923	5.0	1076.6273756975008	30.68676049521791	14.0	40.93180110728201
2257.728871355262	10.337292311384989	5.0	8916.443933183296	22.257525502844313	5.0	1122.2446924689489	29.872298630954003	14.0	47.01538793943496
1954.055191594977	9.965780114829647	5.0	9136.283302347507	21.751942276726158	5.0	1264.2156739358288	28.227093516757712	14.0	52.56753778581514
1791.260510103944	9.806255666259123	5.0	9291.579291679966	21.474859030662785	5.0	1373.8398674828168	27.022624757584058	14.0	60.09952153454836
1606.7542145630123	9.381219817633314	5.0	9556.019257387727	21.11165543362182	5.0	1438.4976022576575	26.026461022303373	14.0	68.3897868248824
1436.3599384625063	8.6842405178582	5.0	9857.631775261647	20.831229623878485	5.0	1500.6046889324662	25.294265793425158	14.0	77.49728063434236
1428.6794158558166	8.110308560435271	5.0	9855.801194034433	20.71542045086605	5.0	1513.7263614841117	24.908021961758795	14.0	81.12678146079361
1634.4037253282481	7.33714117327063	5.0	10101.739821663685	20.656183514383528	5.0	1345.6417721375603	26.125362070745126	14.0	84.8093240757724
1801.8956927950892	6.7684957186856245	5.0	10121.969372360938	20.72957659654762	5.0	1211.3755476320634	27.30287101835362	14.0	86.59573401310378
1940.7922269752992	6.392789878305875	5.0	9876.442600690483	20.739910919610278	5.0	1131.793788724715	28.38710487474619	14.0	84.59207098165963
2011.4254297124064	6.305808519810379	5.0	9491.282550397791	20.780046477727815	5.0	1158.5340492089329	27.753452052322686	14.0	86.39499672992007
2075.0821834074304	5.943461279741774	5.0	9469.531713983693	20.77459296241456	5.0	1125.7414432979374	27.917174397550365	14.0	80.99481084211517
2302.961105948391	5.675620499536929	5.0	9859.710437335492	20.689429259136745	5.0	973.8025838793715	30.508701342080688	14.0	72.21788065431072
2446.6607240894164	5.531651028581351	5.0	10231.568776780397	20.592764530110607	5.0	908.5624814935985	32.141889229355044	14.0	57.97626864450576
2527.364447165108	5.4122985524229374	5.0	10537.08388625501	20.539261407953287	5.0	852.0445362264867	33.46366110930337	14.0	47.4034143156695
2417.7249928064143	5.159145954251369	5.0	10691.41128542851	20.478503994504006	5.0	869.695564173537	32.87220991918972	14.0	43.947472499897046
2255.191551878227	5.288708468635004	5.0	10429.547728959596	20.460862036098636	5.0	906.1763250290903	31.42542657643053	14.0	45.561435416821375
2224.5251786874037	5.608963442958864	5.0	10334.843005551527	20.478237646581032	5.0	886.3637693597142	31.367236657118266	14.0	44.93942718117396
2114.5562092522846	5.465541426521626	5.0	10367.907934429646	20.362913918404416	5.0	930.2076159181116	30.64803717334499	14.0	43.7980641353604
2083.027129455258	5.704827431307152	5.0	10094.835988087349	20.332544037664107	5.0	1041.3683655745624	28.92344123976332	14.0	46.2646120120115
2060.6646374227744	5.903344704709886	5.0	10258.948868830425	20.249683593777085	5.0	1094.2026796355658	28.636130032181427	14.0	46.282523473452066
2149.948156493285	5.999406493405437	5.0	10728.235509616661	20.19467632658638	5.0	1053.2825791737014	29.961706624892706	14.0	44.023887488696026
2270.503731097892	6.286343780111639	5.0	11049.5147045458	20.24656457249623	5.0	1075.3988572800367	30.27488150853508	14.0	42.00433712741873
2282.3255483122966	6.488788745402869	5.0	11127.857904202312	20.21376260999327	5.0	1198.8497818433195	28.93677739093926	14.0	41.07703071854245
2420.626691355561	7.039672670360916	5.0	11686.652718159276	20.23483626138127	5.0	1176.0387286940272	29.717710719687336	14.0	36.80172874180129
2619.4949184797415	7.801090983509273	5.0	12179.028990210296	20.3493731710373	5.0	1156.3491494049986	30.818108909904904	14.0	28.970880391358275
2640.508560423724	8.597449507895067	5.0	12258.036958134955	20.429506599986972	5.0	1285.6054074670265	29.503210433886007	14.0	30.80901632879955
2540.609471784151	9.13548099036086	5.0	12476.203895095381	20.381629781497555	5.0	1359.2729582753545	29.010242408056016	14.0	29.303298284102535
2218.578490788998	8.944085374098199	5.0	13095.763944146827	20.070891078062576	5.0	1410.5570359703743	28.895479245892822	14.0	21.37994194362119
2045.8235670358583	8.907717867024234	5.0	13655.859507574896	19.86800884271091	5.0	1407.886630031033	28.70969316205418	14.0	18.882599622190337
2107.7783351899952	9.009143407447816	5.0	14280.02458829724	19.777511295771372	5.0	1332.9621130859207	29.443929692060873	14.0	19.61264878534671
2013.5621416499466	8.492472134249605	5.0	15103.640149637109	19.57261549117637	5.0	1288.4504261421123	29.784176006333734	14.0	16.871596257874163
2160.2718529947433	8.920432238277701	5.0	15496.51952611952	19.574143984138733	5.0	1266.0806369220297	29.34635783244795	14.0	21.431567956160457
2266.062364728938	9.034869211960931	5.0	15816.3485924652	19.555989802107838	5.0	1238.4387123698145	29.29477824453048	14.0	21.565592244075432
2289.5506132639903	8.773780669465488	5.0	16331.377892599301	19.479590857048702	5.0	1174.0116779471466	29.529009985207164	14.0	20.35859342983779
2383.0428008394074	9.10574877542292	5.0	16716.571337955684	19.506305788946882	5.0	1141.4926396407216	28.89532141532953	14.0	20.935710119417283
2265.7701466454546	9.013683499118383	5.0	16903.86264770803	19.50872317872387	5.0	1134.5691054654774	27.63181860589257	14.0	20.36904055982107
2280.866941478194	9.628931561471648	5.0	17057.24446936524	19.500317557774316	5.0	1123.7902153934613	25.87390377671664	14.0	24.669724673552118
2212.0782181244517	10.650022841095753	5.0	17124.250096515443	19.458304590750732	5.0	1218.3101290706231	23.303990791329543	14.0	28.158638682229814
1702.3063549727594	9.876770414776704	5.0	17724.824158690186	19.141222456674036	5.0	1165.3960633715328	23.40378916331146	14.0	25.132498316497326
1218.5554677337761	8.867458248291166	5.0	18247.118289523438	18.825504397527045	5.0	1104.6158706057802	23.613979885151398	14.0	27.04732225769174
1103.5798483164895	9.339058991651516	5.0	18185.112002967227	18.745888340077606	5.0	1059.0799252563813	23.476912526286377	14.0	31.789807681070062
714.0337484471047	7.831356272446414	5.0	18094.435284139177	18.538974774820932	5.0	1119.1531599045559	23.43621878442026	14.0	28.035735844180515
596.3269224034332	6.504311542622513	5.0	17876.710142200216	18.439181593264614	5.0	1097.986707719432	24.268772850560932	14.0	26.20008253709706
564.8082438959607	6.752609749470961	5.0	17269.99918369992	18.419190387718704	5.0	1172.745034507574	23.94497954088293	14.0	24.53090073970523
13553.819892562971	17.927107062260287	5.0	3384.934794484525	20.317796435279686	5.0	1504.4308210466777	20.92367008142318	14.0	25.100364360904344
199.5795518828457	5.7269392769293175	5.0	16881.32939876354	18.408687829548565	5.0	1589.43868048931	22.031872965928866	14.0	15.484145945277133
269.9287951344151	4.381687680736261	5.0	16827.33483375062	18.345911348596005	5.0	1577.6858291919443	22.618034462100965	14.0	14.476717798943605
391.2812002352005	4.944424423965174	5.0	16808.65844903281	18.40900004771221	5.0	1548.9331258346187	22.96725959883639	14.0	13.815195626634281
375.2878243207642	3.8375960704779404	5.0	17173.067960305172	18.354507734162148	5.0	1548.2263831522523	23.00312646179654	14.0	15.129050350503617
401.0286793519211	3.0566112561720873	5.0	17386.80066847242	18.265398321800053	5.0	1498.102304713486	23.281329587786242	14.0	15.538523835996033
545.218709285517	3.3344296352035476	5.0	17893.7327061997	18.16309476003219	5.0	1355.614619080482	24.119209885125517	14.0	18.478520202889488
669.0834492953	2.660193816474988	5.0	18767.576707460637	17.984550819665365	5.0	1215.781346237708	25.683018120961222	14.0	16.187178632984626
777.7250021879127	2.24496586642089	5.0	19405.6998252809	17.875409517796385	5.0	1070.3231183741605	27.434691800022552	14.0	13.137715264572332
921.594723954971	2.887191290317099	5.0	18985.7850823846	17.831670665465026	5.0	1049.7366508938076	27.22670399343038	14.0	15.632132874078906
1107.8299918320236	3.7459129997903076	5.0	18460.577771988363	17.8971846602119	5.0	1086.3921158062615	26.06830304970085	14.0	19.896146609877512
1499.9804899805517	4.767212190507243	5.0	18415.26069409656	18.188282578021322	5.0	929.1450100053536	27.08083460876093	14.0	25.41260439658112
1904.690151418449	5.672906036935302	5.0	17653.79838380791	18.49035384903193	5.0	918.1287946721652	26.370085495430473	14.0	29.095054110786478
2108.7476822448975	6.339838737449772	5.0	16929.13675568063	18.714799553790066	5.0	1033.4829287136984	23.823156892893586	14.0	32.882497891462926
2821.133986753029	7.348661123807611	5.0	16602.92528891869	19.070582703713434	5.0	735.4014307019569	27.565873030795863	14.0	39.102962187562596
2811.7315260211835	8.460356928469546	5.0	15422.2023878188	19.20680837702582	5.0	983.086292021672	22.000523592010957	14.0	44.05737237814273
2614.2211477664328	9.44956065866391	5.0	14689.457877698194	19.02366213825316	5.0	1223.8089815705373	19.749767655786926	14.0	41.52979231671619
3259.913284947747	10.912058936197003	5.0	13893.329965044773	19.06942722670087	5.0	1171.1804735897822	19.65363039520241	14.0	45.82450539901457
4292.679731001852	12.138823094260989	5.0	13271.285355264781	19.154327985451662	5.0	1081.6725104029106	19.865606162526166	14.0	47.85930180952584
4344.969483853258	11.93738823453509	5.0	13967.419648645842	18.871728803556394	5.0	883.1820843746787	22.336911509803645	14.0	52.66885883168787
5437.748987663226	12.407533302848622	5.0	13746.879959292399	18.906450567899626	5.0	669.8623898587739	26.927158170156694	14.0	51.29713652694303
6110.331704232773	12.684519193198868	5.0	13588.243127480115	18.947540597668986	5.0	527.918244921043	31.504430150887938	14.0	44.44155220977018
5904.578444068774	13.037277312457842	5.0	13154.311894743647	18.752258407888764	5.0	538.1633126398699	31.65363135988793	14.0	42.746119383614165
7139.9072237155115	14.182971018743936	5.0	11241.758221015007	18.871574022928197	5.0	524.6337194737022	32.10844216788584	14.0	45.22014891069566
5869.194502417234	20.0	5.0	11967.775317751202	15.92433296239407	5.0	420.84600094561057	36.39718895893022	14.0	51.56937099712677
2970.727320899432	20.0	5.0	13768.314547108577	16.627064314566873	5.0	514.2024185421561	34.51528114411761	14.0	48.489499823786105
237.04913024132534	1.9167280670767395	5.0	15721.18525125187	17.211886366822068	5.0	622.1196389328741	33.07221525702129	14.0	26.185546171229536
218.71695532629806	0.0	5.0	15670.089095156758	17.199825764178662	5.0	573.035844096943	35.88676599338095	14.0	14.67902555177942
0.0	10.685434133920324	5.0	15872.638783397124	17.12970381921131	5.0	533.8344387646946	36.55373166036153	14.0	29.5917882331285
0.0	10.685434133920324	5.0	16038.312971548134	17.099776570801087	5.0	512.2771753637047	37.65844785865722	14.0	22.973977202434995
0.0	10.685434133920324	5.0	15785.866390749046	16.993380480916137	5.0	517.2337158952579	37.62097040376306	14.0	17.243636334435518
0.0	10.685434133920324	5.0	15345.555310034702	16.934082279759274	5.0	517.2928541864671	36.79502126363065	14.0	17.70221287570742
0.0	10.685434133920324	5.0	15182.866808265728	16.91340154779264	5.0	495.7874714101371	36.7120114089578	14.0	15.44303245538713
0.0	10.685434133920324	5.0	14858.325753621659	16.69188040258759	5.0	517.434926695234	36.03619590060036	14.0	6.3078569548067165
0.0	10.685434133920324	5.0	14309.648092435238	16.540079666390746	5.0	537.6011218822558	34.51634619400939	14.0	7.605107453556617
0.0	10.685434133920324	5.0	14238.586223858629	16.47618688941574	5.0	522.0401573924587	34.06139271140587	14.0	8.186358644807738
0.0	8.423497272051257	5.0	14593.66905848909	16.47404360538549	5.0	488.1665200691833	35.006891888207925	14.0	5.063911269512874
0.0	8.423497272051257	5.0	14793.276885287081	16.619230035642463	5.0	452.5719047002614	36.397654949319055	14.0	5.656561600508536
0.0	8.423497272051257	5.0	14931.789302263103	16.708206742332518	5.0	483.57012271781474	35.73534028987555	14.0	7.592674391287528
0.0	8.423497272051257	5.0	14945.336757528097	16.857420067564473	5.0	531.1072096796928	34.86554630276245	14.0	13.777658210225153
4383.229670180949	17.115239398196554	5.0	10238.725318345405	17.114980385805037	5.0	566.0215012233803	33.7092627057112	14.0	24.413373612730968
4194.069138511175	17.29091841088756	5.0	9979.703260609307	17.290871409100024	5.0	624.3498047849586	31.220710064116243	14.0	31.929581837775736
234.71386481761465	5.734957996193961	5.0	13462.158391800389	17.494522034204262	5.0	678.2588550041407	29.733812956093217	14.0	21.157610854741602
211.4586142758841	7.898490354181988	5.0	12717.499968496066	17.588590172001513	5.0	809.4819651501058	26.470101573603582	14.0	19.377296849467708
9740.569624764548	16.868372137198453	5.0	2865.796564797073	20.09952578610606	5.0	845.3387508535103	24.79217263842217	14.0	20.301654561466314
7042.8185666591735	15.841700559927796	5.0	5483.309494466628	19.871624017634915	5.0	799.2262336662188	26.168413225504487	14.0	20.259377411266527
9846.591546353628	16.326560221166176	5.0	2529.637722640675	22.228636055190506	5.0	843.4599282678772	26.54289483410896	14.0	21.70351368814511
9983.69240966268	15.812681935420839	5.0	2816.387833716875	23.016379467890214	5.0	735.5735184052668	29.16755002656353	14.0	23.376903242047494
10693.659965105502	15.585436266448484	5.0	2595.2234033015056	23.914271908921563	5.0	687.9922165316817	31.302912336028694	14.0	22.56684356182143
11463.672649259373	15.614289573988263	5.0	2186.6824968949522	24.557773305493154	5.0	703.3161458709723	31.3370772410546	14.0	23.712236538915878
12267.92674390974	15.766351646481455	5.0	1861.089493361536	24.736577549809606	5.0	666.1858286086468	32.22550467952619	14.0	21.851173573626607
12831.581142999148	16.02433469869748	5.0	1294.5332082952423	25.425385510245274	5.0	634.709799583426	32.37607605190167	14.0	22.35093035599817
13019.645797613975	16.252662920069454	5.0	875.0189448793066	25.20687607546901	5.0	617.8167738779881	31.20574720914935	14.0	24.08535635006039
11942.85701432677	16.148999954513986	5.0	2016.6460424716045	21.222246115360935	5.0	599.8341488686431	31.31208539680798	14.0	22.992782562279384
9471.908371089332	15.963478176659565	5.0	4199.615164467306	19.63213996992894	5.0	545.2610412661204	31.619418736412236	14.0	23.570092590589294
10529.872371063699	16.21436854563128	5.0	2961.4237109747337	20.475971034836977	5.0	555.5528088394848	30.535060520717398	14.0	24.04563519476308
10471.330350870945	16.157476419154907	5.0	2776.693366858303	20.876077113181086	5.0	570.7970128078451	29.86256318422738	14.0	24.760985419715997
11121.690256841215	16.17415891104482	5.0	1847.6438032982808	22.085836397285405	5.0	552.359952503648	30.344985900890045	14.0	23.47676395919514
11963.939959140997	16.13898615810663	5.0	1230.9786417040004	22.638938239112722	5.0	570.1543620428819	30.109161076087485	14.0	21.999851311102883
12346.11858149412	16.167560284777796	5.0	968.8518758335229	22.80453494754182	5.0	583.3523255662492	29.37557674129493	14.0	24.597548226036864
12114.657916821825	15.93917305725686	5.0	1428.4167897206562	21.410797176511185	5.0	576.7835046087789	29.8799108486403	14.0	20.86029244792175
10513.065426839394	15.648444309904383	5.0	2837.782772206773	19.046074737778497	5.0	633.6049880000495	28.547104025310215	14.0	18.7439754178333
8459.408101473442	15.291155496797908	5.0	4426.08826831007	18.356624832017893	5.0	663.1676191264303	27.883120037782856	14.0	20.82198633965715
7168.740182911579	14.676418476851234	5.0	5687.166541069809	18.37081631858261	5.0	600.5740883248892	28.911927187778858	14.0	21.613143201587675
5350.956437266864	13.946364839287845	5.0	7203.172842121621	17.838639336776957	5.0	616.4038351806264	27.951575051291343	14.0	21.4034154945174
6752.537233054469	14.35652746931926	5.0	5284.919005439941	18.17034217286579	5.0	674.5249802975253	26.526226705315157	14.0	21.34243231156317
7031.529735205151	14.329645850578599	5.0	4681.965181461622	18.297241948334182	5.0	715.3243770010671	26.011494512441814	14.0	20.260165429727472
7206.898710095619	14.509456240159514	5.0	4177.342623562656	18.043145611024656	5.0	795.2025398458444	24.66096429873148	14.0	19.52435185320874
7144.814100847272	14.310051849289374	5.0	4050.1479121349525	18.364674081024912	5.0	784.3610013878415	24.885027812733465	14.0	17.90567958473112
7113.913689957391	14.365556264143683	5.0	3550.0348810727673	18.715068214218128	5.0	847.8218119904777	24.30098423321701	14.0	15.254023620516683
6971.521997445021	14.569300339664945	5.0	3381.428010039403	19.004577626529258	5.0	895.2876874340402	23.44977896391608	14.0	15.509774827416724
5155.8686881959875	13.931181304186516	5.0	5050.8582036525595	18.418476161444993	5.0	943.6325629856196	23.665102588064112	14.0	12.960221021313348
5767.050181965282	14.344653584206142	5.0	4341.404596097928	18.877906276307314	5.0	965.969989289948	23.366913392935736	14.0	14.407285595693905
6202.495796572903	14.503880784207908	5.0	3817.8752616597185	19.192137611257873	5.0	913.631159239499	23.586046221543977	14.0	17.66551892219447
5777.387930907489	14.263452183636913	5.0	3996.817520644154	18.895756428117554	5.0	837.9561313551482	23.922975906363448	14.0	19.423327905504873
3011.9554604478126	13.085925358080079	5.0	6242.3378724381155	17.298657231461	5.0	814.0997233789493	23.908823184784815	14.0	18.962651283423703
2176.99161769568	13.160748340956765	5.0	6506.772844587302	16.649318475431095	5.0	801.1498752144455	23.23046817348762	14.0	17.87869355709219
2864.4936491717194	13.745374541843661	5.0	5486.262825236191	16.880670825224943	5.0	741.7276638153256	23.791485969372392	14.0	18.857953662328477
4134.884356453599	14.65318919042292	5.0	3750.75692100647	17.410025929642952	5.0	736.7159834848277	23.64763982281214	14.0	18.2751437947901
4794.825427733934	14.770661503589185	5.0	2818.8468334314684	18.572054123249156	5.0	742.7917561503892	24.038409143280223	14.0	18.102410546961313
3992.4800933752595	14.518197812425722	5.0	3373.4738174904746	18.79073092213645	5.0	729.031651798698	23.87038538582569	14.0	19.34076997517729
4901.046671005249	15.148994992334032	5.0	2254.8306596552743	19.705959600931934	5.0	701.822275091731	23.723074214972872	14.0	17.280075273278833
4499.157214442752	15.073418319388828	5.0	2377.2969707139932	19.22328514305224	5.0	731.9719598012296	23.00303525231474	14.0	17.14856167551565
2938.72660587554	14.085012492451146	5.0	3760.552671837829	18.073782131457897	5.0	705.2512918709106	22.776519840721665	14.0	17.376370162834544
1664.3908486853454	12.376375716479865	5.0	5003.134934531204	17.261137462449547	5.0	625.8506270085345	23.57580429746043	14.0	17.038742881265524
1040.1547420140528	11.634699060716533	5.0	5535.377992293345	16.551639269638112	5.0	605.7987583613968	22.90617073212426	14.0	17.356062188445755
701.6141086830904	10.348940815310282	5.0	5805.458043676792	16.20525470990289	5.0	531.1215456323049	23.23620134888037	14.0	19.779327285758328
414.6266023680087	7.979017393971593	5.0	6015.530178719694	15.960926355543338	5.0	489.12308488135216	24.053996060023845	14.0	19.02136006634556
285.07874569362207	6.1136394166116785	5.0	5945.914740010973	15.791620041126873	5.0	494.193290538184	23.94923675258357	14.0	16.28581333663999
310.5781661902138	6.623158857156256	5.0	5622.584166041001	15.824164578521858	5.0	473.5730514840246	23.790097375593692	14.0	17.650632901155156
334.94188305413843	5.774902507121046	5.0	5355.2341400009245	16.022248500421888	5.0	441.6505913879788	24.570270506877286	14.0	16.386042265037972
367.25771499487155	5.874786100177728	5.0	4831.530164708514	16.393635500572298	5.0	417.11447510329435	24.57997139523564	14.0	16.183536943050704
412.71723874432166	6.313921420038699	5.0	4360.803013091989	16.844725941939572	5.0	371.081733370651	25.45334790593022	14.0	14.853394346131669
398.92094481973425	6.349939997474855	5.0	4041.256880319051	17.202307971822577	5.0	366.2326606164874	24.763394340335395	14.0	14.150360001471377
310.9484419011496	7.609100814039059	5.0	3622.869563529113	17.35555244121333	5.0	434.6704640873616	22.023104319358065	14.0	15.128877614414677
334.37323121873413	9.917161288560553	5.0	3361.3860154621852	17.66393703508292	5.0	452.06046525273734	21.160476927883465	14.0	15.324985903745876
326.6928414287009	9.622494714241762	5.0	3257.437035649277	17.890460004159436	5.0	444.64894983569747	21.582189956967035	14.0	14.165013655074068
374.46341247405894	10.43985154818943	5.0	3055.621958044546	18.20497192305527	5.0	445.6487073208038	22.492496493729767	14.0	14.44343869127275
543.6648683791543	12.18452431215615	5.0	2714.7446322286023	18.601231897807963	5.0	465.4872877333886	22.77790403453928	14.0	13.646723639555166
590.5120499966371	12.662128759107972	5.0	2521.1159592079766	18.953147587992138	5.0	464.7707308195029	22.881028348271325	14.0	12.762602521662727
513.2208912679845	12.489821338352156	5.0	2507.903104145178	18.967725984604787	5.0	453.5570033002969	22.919305218964578	14.0	12.857184885921537
628.8324498601203	13.101901721421456	5.0	2291.3158088878495	19.243185940531127	5.0	472.981022553794	22.954982906865634	14.0	11.757539774890589
576.1870691010494	12.645451414966185	5.0	2287.4642030463947	19.287790414211646	5.0	465.36573435391216	22.94691200540052	14.0	10.730299879035469
523.8246229643654	12.020464962591541	5.0	2300.05862636687	19.21392821610781	5.0	459.33310408738174	23.372626880409133	14.0	11.24077027465904
456.6513235139049	11.06251782482335	5.0	2353.0591737221985	19.23032895697756	5.0	449.6595177730358	23.877677114473585	14.0	10.19535500704433
572.7706316003347	11.111520571972335	5.0	2254.7230309302	19.59527818243637	5.0	403.2042066960588	25.24459431479753	14.0	11.413507332456398
759.7801345157318	11.65281495559051	5.0	2104.695078041117	20.246364700759084	5.0	364.74035479393507	26.354411532292726	14.0	12.37191586585775
750.7819917164052	12.335356594395272	5.0	1853.3821317786471	20.48349825851374	5.0	446.5444152493781	24.258303478732312	14.0	10.997692059599311
723.7653626958858	12.426116713961646	5.0	1745.3951082243282	20.654716287225344	5.0	470.00896296346855	23.482477100322267	14.0	11.340313828172919
815.6920514098578	12.897756592118139	5.0	1642.3975811760415	21.199937169086567	5.0	475.2316542061762	22.833673812672412	14.0	11.733514679938596
860.2947625384315	12.987558943479021	5.0	1628.1690844617347	21.36274823961508	5.0	488.97912304711997	22.67959496972873	14.0	11.669118873492474
796.0419929249786	12.249036337265409	5.0	1755.7580726003396	21.04211766607982	5.0	489.2555420586773	23.28291695881746	14.0	11.215827641940399
879.2052386029745	12.257243423851603	5.0	1762.254171131915	21.473446450544248	5.0	477.28333172412715	22.979293874096573	14.0	13.34455297517695
850.2638331344514	12.164760883957541	5.0	1811.1136034289518	21.340225311312093	5.0	507.683228726456	22.58205662785489	14.0	14.414442805247406
878.4046381800714	12.043832032081555	5.0	1953.7876891033359	21.47601568087025	5.0	490.8230613305968	22.702477328844417	14.0	16.56636960857062
947.0930587549865	12.19303139802829	5.0	1982.272662408697	21.78461868069208	5.0	502.96155175972336	22.571993357902244	14.0	16.807242083101034
989.4102188256962	12.541852415724486	5.0	1973.8972968857688	22.030076876994684	5.0	521.1650669802611	22.059911464623426	14.0	18.058899131189516
1058.230271194345	12.4048175264426	5.0	2086.852793856619	22.155431468781444	5.0	516.8976498039983	22.42879969029004	14.0	15.754228208107959
1182.57205800114	12.41653779958654	5.0	2108.816951168903	22.23863584925941	5.0	545.5033981287893	22.671916837143268	14.0	14.217508508895481
1316.621570406669	12.938198058135113	5.0	1990.3527575650244	22.42258705210958	5.0	592.8678976480891	22.511226079730843	14.0	15.356058461957389
1386.2140959038577	12.905468955951303	5.0	1978.9053951724463	22.286481453362946	5.0	616.8555058491795	22.39792098168814	14.0	17.170273229592333
1430.0513695321174	12.748562119463086	5.0	1924.0158880167503	22.019877814428735	5.0	650.0154016536471	22.40280576833539	14.0	15.354999718025086
1515.3445764904907	12.913667080792695	5.0	1820.9887501235305	22.066019289579696	5.0	707.544580370225	21.93428416405037	14.0	12.336632896696146
1614.4711691782695	12.784969975443252	5.0	1770.5741780214887	22.0480419639338	5.0	754.6514909691338	21.715183738466347	14.0	11.002221455506811
1795.544916689263	13.016092529015337	5.0	1728.910723043826	22.27763202354913	5.0	788.2539539196212	21.307428596566965	14.0	11.854618334123499
1721.784138196325	12.53401946984751	5.0	1920.1297295779489	21.77089882435975	5.0	842.2733489964986	21.04334051116154	14.0	11.690153494779656
1861.9335407434562	12.75042730193772	5.0	1979.0238734976967	22.233158001559598	5.0	902.2463933756702	20.332789808384526	14.0	12.356900494396836
1899.0061621778436	12.901706114194813	5.0	1908.8996390837124	22.94087437603581	5.0	955.9929861585372	19.565996891334162	14.0	12.635845438542967
1801.5657786259544	12.845770875490144	5.0	1886.9451936549638	23.443652328591156	5.0	1021.4568226305919	19.256413852736237	14.0	7.02434813381978
1664.917150720005	12.664260438920447	5.0	1898.597742164282	23.546528237794114	5.0	1079.3160262827978	19.283175665454856	14.0	3.659145289060558
1585.5072397606302	12.871869663813065	5.0	1800.9023698617161	23.753162727178918	5.0	1176.992300652372	18.907540063358876	14.0	-3.249575274938959
1535.064038328498	12.93464348255835	5.0	1923.565535557821	23.6263663410211	5.0	1232.0828068448463	18.803483756262697	14.0	-4.7680451038505005
1460.9259071687704	13.039838933792069	5.0	2045.5495443879913	23.433210123253716	5.0	1267.7378440525156	18.436339671741184	14.0	-8.503003917429337
1498.1571222332914	12.958719457320418	5.0	2046.4280192657532	23.36588829929972	5.0	1312.8257475750024	18.628784429314216	14.0	-8.489752585097794
1581.8835913423713	13.643828831281983	5.0	1895.1168987666538	24.02883026016295	5.0	1373.5062844332692	18.510236067634047	14.0	-7.645838582693476
1571.4255319646052	13.60989732257206	5.0	1751.0196055392505	23.75196415954012	5.0	1406.2505672670627	18.722297756030883	14.0	-9.423830637414566
1671.923731031634	14.109080520045598	5.0	1600.8005063552703	24.327055976877244	5.0	1422.840279828681	18.31605694485541	14.0	-11.676230582126298
1696.0549474976483	14.179154128411438	5.0	1565.2898347059622	25.070260265613616	5.0	1367.1661087619616	18.202201460829894	14.0	-10.52310597562265
1739.4913367255922	14.528851273472782	5.0	1575.5023585573856	25.460624282550047	5.0	1296.8516484713452	18.348062475699408	14.0	-7.474464043378562
1668.0620631806414	14.593825170050843	5.0	1631.0145899862525	25.3195554434707	5.0	1279.3813853274162	18.64386752887102	14.0	-7.501403792758273
1680.6362357377504	14.438346294764388	5.0	1714.2885481913524	25.35780944298976	5.0	1213.85438016968	18.873474181079718	14.0	-4.669142157438422
1672.4872478700856	14.505711674940397	5.0	1800.7245251382903	25.49352506694804	5.0	1164.768386776617	18.809728486547478	14.0	-3.6929922478894466
1707.5902044811953	14.797300952727998	5.0	1827.9010765984845	24.963774899600015	5.0	1142.886416953409	18.827913238500475	14.0	-3.432325070169656
1808.3798694402035	14.49674103782424	5.0	1803.6006174122585	24.900457105935534	5.0	1044.3155335583103	18.744966618014708	14.0	-0.436802762722959
1700.402159253233	14.479629990560166	5.0	1793.4441985198227	24.49997600608896	5.0	1008.5160373372768	18.440061700632885	14.0	0.4481473789912269
1724.8849328620392	14.639761076564056	5.0	1701.1352626924936	24.342575926694725	5.0	1018.464740116576	18.32124800130066	14.0	-0.10934141850906036
1621.1954505634424	14.283182840278341	5.0	1596.419916119985	23.846151829723553	5.0	1043.2122101225182	18.659853897670278	14.0	1.4260748759668662
1629.8222206334358	14.916983836075282	5.0	1545.3417403607752	23.861540176554605	5.0	1029.9702019766873	17.87689313687747	14.0	2.8323559830594522
1734.4928211988936	15.423620464518208	5.0	1442.688896236867	24.36378836113017	5.0	1036.0211993341707	17.633836565495553	14.0	3.2136452649349274
1634.2749373301983	15.412081746223182	5.0	1472.2273780361577	23.987017911406735	5.0	1080.8856742433204	17.583054335096673	14.0	2.2806358298180247
1504.8019190083853	15.571118403799083	5.0	1387.9669928726437	23.569919849564833	5.0	1160.394059661254	17.84737766896218	14.0	1.1940535904844294
1197.5783459865677	14.173401572142907	5.0	1586.2988932184496	22.40071140372462	5.0	1145.5533133343665	18.455953143077917	14.0	-1.6142677520122437
1159.1275278120618	13.675320929649216	5.0	1751.3618886427073	22.357119939218947	5.0	1080.7739191340697	18.617461957602888	14.0	-0.6559487157911946
1092.7238860980176	13.312658807882517	5.0	1959.0561365474575	22.200150634176318	5.0	1035.5938979568305	18.726343935703042	14.0	-0.1255787609356568
882.5826862248189	12.21710235225298	5.0	2190.6958696213583	21.518733501379703	5.0	1064.5292650504537	18.786468716345485	14.0	-3.3669269973661122
775.829979006239	10.514430652753216	5.0	2441.3877200798433	21.300680318762705	5.0	997.1412264393181	19.088450165786355	14.0	-0.873525069925
845.0666841418068	11.188584069934098	5.0	2399.580035054672	21.83992032381029	5.0	1006.3046482445534	17.919896831897393	14.0	-2.1034030436691227
837.2357208573653	10.353399167776503	5.0	2528.101810481628	21.62312803696016	5.0	971.2198123185208	17.438595497280357	14.0	-0.878981564940117
855.6830426269876	9.323920741940297	5.0	2789.2779347521587	21.0170642206403	5.0	867.3542017239648	17.807298928814195	14.0	-0.550176409397839
859.9196687694224	9.341696507311415	5.0	2866.2406335573005	20.634915406850105	5.0	834.2200251157731	17.853234860352767	14.0	-0.19976422710204775
786.5452102730328	7.921794100622339	5.0	3040.048715537376	19.964910700486648	5.0	773.5732384105897	18.62689656675108	14.0	1.0352271582487584
841.9293541031899	7.557143680373442	5.0	3168.273255695022	19.94109837353756	5.0	685.5820736729323	19.337975233977392	14.0	4.319097853369547
857.2395170104197	8.029451622998923	5.0	3147.8846056980433	20.104624803628745	5.0	651.9937031655888	19.292112828641294	14.0	6.272514633028278
759.1651884518147	8.251533253471521	5.0	3210.8164895493014	20.083835005635432	5.0	662.3838708341566	19.608156700767804	14.0	6.813387545623933
749.8185020190359	8.231156955728837	5.0	3196.2833607435036	20.13631154264546	5.0	672.5652667778866	20.670787582676418	14.0	8.012243356534551
684.7243223706965	8.305033168185073	5.0	2971.2226005715966	20.132188130141753	5.0	713.728990612898	20.831827985853085	14.0	8.252821684228856
626.618109881555	8.149985271686633	5.0	2957.639494964079	20.268526747659145	5.0	725.6450876234641	21.281061590683514	14.0	7.604005364549983
671.9793356431467	8.124876306320537	5.0	2884.121170771341	20.21462696307236	5.0	712.8258129050969	22.202857877400163	14.0	6.715353800905153
669.468895350088	8.813204983630994	5.0	2727.210072514097	20.29329435111097	5.0	724.1175508864504	22.04728951550187	14.0	5.241373802770973
639.9617342594962	8.520460265767387	5.0	2579.413854943862	20.390050570826357	5.0	732.0715258037807	21.990645804644533	14.0	6.108499838004663
590.2024392401863	8.73431733507809	5.0	2228.9212608416706	20.367512642098646	5.0	749.4194837450276	21.504378065768144	14.0	3.2182588154338148
635.2211573651981	9.43733732299993	5.0	1949.1429664996267	21.079677042537547	5.0	734.8990809058819	21.48769620317176	14.0	5.329941331771437
612.5774069609137	8.9036632842883	5.0	1842.7616719154164	21.14715270900356	5.0	706.5161332056165	21.700490077317244	14.0	6.955964289867049
535.8336536015901	9.109964032857231	5.0	1710.6381771553608	21.311926824351406	5.0	740.3876284230062	21.219776429132192	14.0	4.664437391341333
