amplitude_0	mean_0	stddev_0	amplitude_1	mean_1	stddev_1	amplitude_2	mean_2	stddev_2	amplitude_3
336.4898588153842	11.48076580418226	5.0	321.8448651892525	20.425158125575884	5.0	387.2510256769427	20.9676427677444	14.0	-4.823142926484892
386.60151939384383	12.441217871861909	5.0	310.97116666181915	21.005277874903417	5.0	383.97743879485665	20.830090902755423	14.0	-2.5946340810246658
414.17870342832646	13.916113440871385	5.0	282.56214542332253	21.839263304042415	5.0	378.5102687722299	20.907716998817687	14.0	-3.9702937228487785
487.7507709254158	14.607466206873308	5.0	245.63887643593196	23.20288882662071	5.0	350.6280781448981	20.259925787278036	14.0	-3.3697219106913403
607.0234948512109	14.790086681206645	5.0	194.32748794450558	23.602433175442986	5.0	351.32462275418203	20.84135464054873	14.0	-2.3909658370095266
717.7283303068194	14.900877077632144	5.0	177.4529131685321	25.976526927815105	5.0	360.67650120723647	20.77039563876966	14.0	-0.4541119241965572
805.6915799744061	14.365576592633035	5.0	202.67742313711182	24.567976238914465	5.0	389.0078300110555	21.602856179400625	14.0	-0.39970439330171126
862.7766690638178	13.545086090976891	5.0	215.88332073360604	23.459578804143217	5.0	461.09894290730426	22.43458636231744	14.0	-1.0268099666294688
1012.9044298869458	12.50110874397028	5.0	265.7965738495251	23.710226594256845	5.0	504.6578267996681	22.597676818319265	14.0	-1.2199082428688452
1172.6406734137909	12.148751965472167	5.0	306.02816441680636	23.53720415826684	5.0	569.2198467786792	23.066505484170126	14.0	-2.0008735594831224
1405.1415265931205	11.994643647399526	5.0	335.2847951667754	24.604549133950748	5.0	600.7529437366394	23.385917253390193	14.0	-0.977540472079205
1736.1694734290286	12.217718252568671	5.0	380.78389550534246	24.765834602506313	5.0	544.1094597620059	24.808577972977467	14.0	0.036721365057862124
1996.7908062389529	12.59640120991994	5.0	415.5370879105949	25.976682596010725	5.0	546.8744418002632	26.08629027574036	14.0	2.0895868533361135
2186.359259900569	12.941700071622503	5.0	441.6153773680549	26.74699269914935	5.0	559.7843597565209	27.582600696618968	14.0	0.6000156616426783
2216.3735086866154	13.37144545075879	5.0	438.7452874530415	26.698361833944155	5.0	677.9046021457928	26.508843463705155	14.0	0.38593487691474276
2397.779635057403	13.598426063934534	5.0	560.603606347364	26.216537695257852	5.0	687.1103421980403	26.693097502167024	14.0	2.0990081113317816
2705.2408896065895	13.529021183763708	5.0	858.1812957507522	25.44011629132556	5.0	549.5547439838517	26.74978829623932	14.0	6.983862921141693
3015.828472030118	13.40010171373123	5.0	1308.0877748035912	25.764239273662092	5.0	385.5292186845692	28.972758782188972	14.0	10.3585651463195
2979.4846277697056	13.340655849194055	5.0	1587.246933291256	26.480039518230413	5.0	473.1911203958753	27.180040045009097	14.0	10.075104211148739
3219.8386175597525	13.53379786256256	5.0	1933.101608000667	27.269632876730387	5.0	504.2667286369585	26.463985527672758	14.0	11.35433697988679
3340.1205863116056	13.964725519249024	5.0	1780.2364483575614	26.822089873019806	5.0	630.5291570846598	25.20633290759771	14.0	9.578254219145995
3550.417715365148	14.13255483166436	5.0	2047.59257080451	26.326694364177463	5.0	628.7947690529987	25.366506469733356	14.0	9.334603717152387
3690.694923780304	13.7956350753234	5.0	3048.492294075346	25.12366587130548	5.0	440.4023819016346	29.828769978734307	14.0	12.3662679791119
4065.2478539106	13.673937272887251	5.0	4059.114852740001	23.822183337023255	5.0	221.35870584966742	36.096715120191256	14.0	12.073890092119994
4443.305995995891	13.717320815301228	5.0	4206.426097228465	23.00421480839771	5.0	208.01789917160662	34.85771620878034	14.0	12.686016035917485
4224.177349887391	13.484952946363205	5.0	4727.0679860529535	22.499663678833173	5.0	222.967351118892	33.73477229320459	14.0	12.322612661801118
3571.975517782264	13.573347390012382	5.0	4806.9147827672205	22.57156649323093	5.0	309.63325335332627	29.88391812746614	14.0	15.92411133877872
3164.840332769819	13.869776873229826	5.0	4200.43216085484	22.983691021617428	5.0	397.9531685403239	26.000442004242505	14.0	15.315707084263948
2736.3840601260254	13.305896177746261	5.0	4378.576702939351	22.70257875241707	5.0	375.2569304973632	26.749536151935843	14.0	17.40531708417734
2128.2157521136082	12.508232065232164	5.0	4872.265821905754	21.358913332221935	5.0	439.1528147647562	26.811234890897257	14.0	12.22243323130762
1927.4619599138557	11.731404562289443	5.0	5368.773008604385	20.437458321897026	5.0	487.9207169586321	25.994439823976705	14.0	11.145176371413648
1810.9571501723292	11.299710057351234	5.0	5364.873842279043	19.94314222040613	5.0	474.71233521550494	25.55585652108658	14.0	11.836010799200018
1483.7668263736098	10.47225212329907	5.0	5345.55685006817	19.19046124181159	5.0	522.9266208785145	23.966770559975714	14.0	12.210072609698667
1006.7726624857455	8.378888692377009	5.0	5702.208482017721	17.654660116521498	5.0	566.8711619093826	24.2824648934655	14.0	9.636717721502889
765.9736535015436	6.417534813995407	5.0	6783.331093033594	16.45058404793215	5.0	496.33940813281	27.71508680919504	14.0	8.847137810681362
861.8842766421686	6.435785261718806	5.0	7048.030469565495	16.08498239228984	5.0	560.3434067063598	28.374067667078368	14.0	8.132130839962503
1525.8396794979453	7.901094553524869	5.0	6140.554475385093	16.285242133109964	5.0	667.3967338571689	26.682627915262024	14.0	9.194735112054476
2217.221068637314	8.08697275685275	5.0	5002.4458366960935	17.38524346463819	5.0	668.446542162678	26.45455970227239	14.0	8.156664609365524
2309.0761813627864	7.922387737845208	5.0	3922.5403595615016	18.183733599958813	5.0	516.776088802882	29.053764320291293	14.0	6.442092229283001
2181.434360806906	7.681671779369537	5.0	3152.6471888589845	17.791373105259964	5.0	499.1669864389132	27.988102615124095	14.0	2.9075227961988137
2222.278458205113	7.6753836112123475	5.0	3233.8292808922947	17.29178729704377	5.0	567.6074428234969	25.93340819457493	14.0	4.2901388047474835
2610.8672947021173	8.265748745795063	5.0	3435.2797360691216	17.147852331539156	5.0	735.5671903510846	22.824416489412172	14.0	2.517492302478705
3584.360043490455	9.207051169671802	5.0	3058.640902200711	16.416951245152294	5.0	796.4696229335573	20.320218051630757	14.0	2.441142097568134
4976.092890979952	9.274140867192184	5.0	2030.4777635648454	15.56832632049036	5.0	843.5680060462544	19.64590929371051	14.0	2.815865329392638
5958.52246225839	8.895751235118098	5.0	1360.6249884411861	17.403380835426752	5.0	794.8086602002604	20.09850058293806	14.0	4.8396087073009495
6417.997765882857	9.204704430871788	5.0	1296.6191916494106	20.406498480329198	5.0	882.8201803074934	19.45344959055611	14.0	6.914331188295993
6954.246522696564	9.838261726565166	5.0	1208.6266846959038	20.803592658576903	5.0	958.2663843700711	19.230391280435928	14.0	7.894785783770191
6593.861414321855	10.2072674833724	5.0	1201.285088052826	20.376592549277124	5.0	989.6382514476534	19.675610490216496	14.0	8.401893742442908
5322.725636731921	10.626462496497721	5.0	1341.8124774697646	21.498758049398464	5.0	931.7349030118999	20.07914586993535	14.0	17.155016032788634
4402.405001137253	11.704635977435451	5.0	1371.2151309441165	20.62157021140661	5.0	897.7052425768337	21.79523685747435	14.0	24.762185752564598
3024.331955799366	10.949002846635427	5.0	1739.8903814041623	19.536337194623236	5.0	845.9405837983866	25.046307701511033	14.0	17.23354423214478
2310.8599931318904	10.993569921278144	5.0	1705.8940803903881	18.048525335401735	5.0	946.1725547020047	25.444443802667077	14.0	7.652777563949433
1254.0707519765012	11.057176721073901	5.0	3287.2593921391704	15.440263525390545	5.0	880.652121446663	25.33693991686507	14.0	9.29621863787491
5056.057120158753	13.979742799920357	5.0	846.7690124920845	21.786181577981147	5.0	722.8963046148563	27.534635230999342	14.0	12.853786415583496
4642.108036984762	14.273799467693104	5.0	2053.2830316403792	22.723715826068222	5.0	562.5908733554763	31.879407410110172	14.0	10.922661247934261
3753.8099725584148	14.53857159643463	5.0	2765.3793338253686	23.180976755598483	5.0	613.0874691085704	31.145820571521067	14.0	12.220366994794775
3066.9874751501457	15.59831308147331	5.0	3026.7122236981368	22.414184951779077	5.0	855.734917629206	27.53719574711058	14.0	14.30430205567804
3058.7776818510174	16.315669028771545	5.0	3167.872505751714	22.283057641311597	5.0	1062.3029315997087	24.707517014204324	14.0	21.88110745967616
1874.6603840114603	15.556180807343935	5.0	5040.056161979561	21.96529257416131	5.0	1093.8314243230475	22.139546584742924	14.0	32.23236937672843
2519.0113731420493	15.789067135866407	5.0	7282.398246247692	21.971059268379754	5.0	979.2502021386896	19.724933156646568	14.0	50.85115724002923
4102.527899072574	17.91661227629168	5.0	5796.6062132963625	22.51029057171034	5.0	654.3777963364411	19.705197190328786	14.0	151.57289795457893
112.84833979403584	13.060346793480287	5.0	8466.82307951155	20.409669635709932	5.0	414.0643345295026	20.20765552385317	14.0	189.52638959063145
9453.050088987547	19.538926421768423	5.0	0.0	24.490275045683923	5.0	448.2918645823567	25.944932892131725	14.0	108.13549014730401
10118.443204815501	19.19348221773652	5.0	765.2826258813062	26.306951936751787	5.0	719.2777369275178	24.56323215029694	14.0	64.41786051447065
7460.770965376082	18.559391225271227	5.0	3355.3293448300656	23.8912072915604	5.0	944.6309545993455	22.708656143524387	14.0	34.98308509980293
4556.879064785635	16.56599367902356	5.0	7537.607810352261	21.86699969147535	5.0	972.2776167622094	21.300698962777354	14.0	23.836137208545676
4706.242814700881	15.592806544670154	5.0	7985.823653003607	22.53160837606496	5.0	583.8439076005308	26.0102522037872	14.0	24.207357976315503
6654.608134013625	17.636549114368016	5.0	6617.074290898095	24.601528016773138	5.0	630.7442345299704	27.402654035174045	14.0	19.39351294183049
7691.657175288412	20.0	5.0	6250.918644128514	25.923103787105873	5.0	793.327856409125	26.314343258577516	14.0	16.21690311926822
6210.731632269483	20.0	5.0	6668.78805095277	27.072474984506187	5.0	934.1326054330057	29.553285551772337	14.0	8.37326004537901
6874.93141079014	20.0	5.0	5819.6980566869	29.553170088529743	5.0	869.3698767297271	33.80765850973092	14.0	-1.1566778904909596
7388.5928746837	20.0	5.0	4457.597510899189	31.23508495669353	5.0	990.3836746193715	32.468857224443525	14.0	2.9652637418119756
7133.610013929132	19.3748624332159	5.0	3991.580391035696	29.44024820692233	5.0	1557.572595179731	30.109643285597336	14.0	13.227788460766828
7516.536963623586	17.786779221500446	5.0	3094.9266889449427	27.17679062291402	5.0	1692.3596953130796	29.13579832644284	14.0	4.777653626717675
6878.863759229501	17.07410334834427	5.0	2047.3388709048231	28.83816308298358	5.0	1455.1488231219896	26.63540301125382	14.0	10.823044210114352
5819.216216493514	17.352140553981986	5.0	3125.938995152316	28.121968610661565	5.0	1157.3313538084064	25.97404342466884	14.0	43.76985624895203
4341.323100604593	18.582213698519634	5.0	5575.155872648274	27.851716104862703	5.0	1016.9034612336025	27.30789335108381	14.0	116.9824776564166
2763.437787202438	16.72729772789481	5.0	8083.864887418509	28.120917468584537	5.0	851.836729260076	28.352404803166564	14.0	2195.6632759522117
3312.6073714640856	15.32481679507597	5.0	8594.155149582091	28.635312559736107	5.0	708.1883632929345	30.255387789654254	14.0	1746.5013477319012
4408.444894326238	17.669741195909072	5.0	8350.417781708791	29.369699162301924	5.0	1251.3706485797584	29.62041866959689	14.0	123.16395774395392
6679.364717475393	18.088473359044904	5.0	8534.812409684568	28.201303638455915	5.0	1346.6091431907587	37.79324869440078	14.0	82.96350868609755
6607.645650910907	19.481468883147485	5.0	8283.067679578267	27.438053649125425	5.0	1370.7926997776415	29.972006671083157	14.0	76.99407188763779
7290.930129005243	19.181540890388774	5.0	8376.615863386012	27.13636464716996	5.0	1395.9771048570792	26.31085206004706	14.0	53.19539608553783
7838.674542983886	18.042253149031485	5.0	9223.85690897377	26.49976416356477	5.0	615.0373040253223	36.14998789682229	14.0	45.358968031830216
5781.876615423586	17.903530570677635	5.0	8383.220743017995	25.542220881392165	5.0	739.7073333687889	27.90035444587748	14.0	31.669962819782754
2765.763483523278	16.54351383530753	5.0	9202.262906706623	23.676202575842616	5.0	835.7632981745323	27.606964441809474	14.0	27.200096109197702
4638.809042139899	16.232773193949384	5.0	6767.953515993403	23.314394086103807	5.0	695.3157131333505	34.15586499888752	14.0	23.541867126427924
5800.613950089071	15.80304547178622	5.0	4088.580761044291	23.40953066106352	5.0	571.7491119953543	36.12586731820008	14.0	22.300546579964525
4664.3166172106	15.650251799473873	5.0	4268.694110436252	22.533899420676114	5.0	513.1944467962709	35.54959649221299	14.0	22.223062648510297
2376.114907740109	14.47717979766378	5.0	5617.197271447328	21.544817129856614	5.0	547.2764808736501	34.771604561399485	14.0	19.288587052643166
2095.371671913735	14.14120911379977	5.0	5000.575343110559	21.747458155518846	5.0	556.9539401236456	32.85261076211148	14.0	16.927620785474478
2602.9691712686717	14.75602078879021	5.0	4331.453155734842	22.423296478428654	5.0	522.4736828753482	32.22272355344535	14.0	16.924121870209184
2201.1013943027983	14.168671357617946	5.0	5162.407128203496	22.23881700057454	5.0	436.4369480467076	33.79525301941771	14.0	18.201080963441175
1467.1112889342105	13.560298070611735	5.0	7970.94201783823	21.878926286030527	5.0	401.60614015436437	35.04341007691343	14.0	20.02741454952259
1826.3329196602967	15.355208496091103	5.0	10351.774360097668	21.993723467742207	5.0	399.676563942055	32.37234637960309	14.0	29.393817573718255
3275.7960632115223	15.926430225289801	5.0	12143.958002482947	21.292640071560644	5.0	430.0968873357027	31.48023340056164	14.0	30.513920308379603
5126.529193928538	15.614212458938555	5.0	11689.510387960663	20.962613217305947	5.0	447.35583011957266	30.22173127935381	14.0	31.50428844455757
5766.997744395485	16.040743538156867	5.0	9256.115084972662	21.59940372782743	5.0	513.3869810063665	27.7563518699753	14.0	31.050344095633122
8547.290798149985	17.78415112669876	5.0	4261.123833892341	24.67644520308855	5.0	606.4892703172258	25.509187196475715	14.0	23.29241631733064
8214.899326549164	18.09578324258257	5.0	3189.5543127166575	28.003305637397155	5.0	580.2475553158724	26.49002229098966	14.0	24.923400610585844
5858.90645603392	17.290755740684947	5.0	4372.975970716419	25.665983748749444	5.0	824.896676110898	26.541344779103287	14.0	16.249089497989228
4609.208587973184	15.481704965763315	5.0	6663.45788676434	23.595972883563253	5.0	330.747268305741	31.237353594079813	14.0	25.27343988568999
4346.338418828845	15.515895486622338	5.0	6368.5528662271	22.388106567250762	5.0	396.098395976378	27.021185962785182	14.0	24.799292594726833
5734.843342478468	16.506293318777637	5.0	3637.039923722459	22.133496252110962	5.0	729.1630552482588	22.580355108327666	14.0	15.216084276628145
3924.729208800467	16.05014265360655	5.0	4089.0850766220005	19.96596003685847	5.0	796.0172005488774	23.081257135753315	14.0	12.377263760827795
2830.2192530832835	15.266556707747377	5.0	3731.694327076945	19.860051292290876	5.0	731.995998225989	23.602055894650935	14.0	12.895451639982323
3037.1731945184724	15.788678546648093	5.0	2781.582817681411	19.38861659401791	5.0	691.7839148395379	22.677963413189072	14.0	12.065334809675527
575.4767558585777	12.847882568024733	5.0	4945.6519167278	17.347753932055348	5.0	676.850508231296	22.59640215925688	14.0	10.66188494251647
1073.5082769580804	13.171732878834346	5.0	4271.273604830516	17.49420686157206	5.0	699.5234041128776	23.115789395070614	14.0	5.786266569013877
1075.7985374319405	12.7920998425806	5.0	4340.980705157025	17.49404717261651	5.0	668.8285632593116	23.752891335388824	14.0	6.534763861273069
1206.0661730731235	11.1785475003668	5.0	4522.226319479668	18.129149152072802	5.0	542.6394908348399	25.55333402257281	14.0	11.991186335501045
1107.611157990913	10.847427888631778	5.0	4368.831225943664	18.980852565893723	5.0	533.3381511947397	24.0461755182744	14.0	17.77828513263081
1264.2954248108063	13.04336258834313	5.0	3081.6704261714235	19.633831122483613	5.0	806.766849975906	19.07391921021886	14.0	13.428716094602239
1584.0787461637447	13.240362352668454	5.0	2799.36566945326	21.544497001784393	5.0	788.6206372831393	17.977452951255177	14.0	14.628124975508008
1151.362787968469	11.934950866899312	5.0	3253.4265536375437	20.57346186673678	5.0	859.738248690883	18.652077735446245	14.0	9.22009547607109
951.0655295531083	12.202961969515066	5.0	2941.950212614407	20.236037917111958	5.0	1104.4243590998171	18.633269212368067	14.0	0.43636446274651336
1639.1278418204645	15.224670644308565	5.0	1619.981883918565	23.185816797701968	5.0	1423.6031525615404	18.20016849070488	14.0	-7.641743739811961
1467.8612170678728	12.865803849251497	5.0	1987.2862813943889	22.58337604014228	5.0	1341.714515316083	19.317128784292304	14.0	-7.150144051962371
1545.7470461234045	11.993087846371555	5.0	2489.0186448654968	22.762912267465122	5.0	1158.4343529926866	19.944940034475653	14.0	-1.992797881226915
1667.6086047369772	12.738312922127214	5.0	2881.336279207279	23.731842403435994	5.0	959.0241112482167	19.68546396871335	14.0	2.4430163885225045
1513.8091362465466	12.122041928115571	5.0	2766.667083927908	23.475132711943864	5.0	912.9718761889866	20.72584474986861	14.0	3.2177967698425705
1320.9209096509883	11.568115177866558	5.0	2844.4971336763424	21.944042120007907	5.0	902.6744444007378	21.40501773898786	14.0	2.005362446179128
1145.9763642942328	10.312737530665116	5.0	3037.9514609994917	21.035153837086465	5.0	628.7417931969791	23.58458725319498	14.0	21.5988283525092
1103.8991351103837	9.907788388782594	5.0	2923.799031486871	21.055401089765578	5.0	629.0854100208178	22.715522369728603	14.0	7.880078579832061
1057.31560998718	9.479352134397335	5.0	2450.769409249142	20.70527891757249	5.0	634.3603539189471	23.83683118368214	14.0	4.726531215171985
1140.8325084556482	9.59969875462215	5.0	2072.4479094569056	20.596846532585793	5.0	690.2021634404472	23.843810242437495	14.0	1.3730844936803532
1217.3953012578709	9.953274648698136	5.0	1866.997239938596	20.877560324883827	5.0	760.1441276292574	23.54865659349279	14.0	3.087292821082413
1191.1718752508682	10.113606402802537	5.0	1645.7923246200066	20.94016811045432	5.0	818.5298334288211	23.261624780730287	14.0	1.4556250400313855
