amplitude_0	mean_0	stddev_0	amplitude_1	mean_1	stddev_1	amplitude_2	mean_2	stddev_2	amplitude_3
767.2408824268027	20.0	5.0	204.64304638242302	15.0	5.0	340.65037395138165	20.828066172429686	14.0	-3.0272643162472237
874.9548509163127	20.0	5.0	142.07509932803455	15.0	5.0	345.16962590291627	20.99023898989628	14.0	-3.096672002013627
990.6821144744953	20.0	5.0	53.77289892583051	15.0	5.0	317.8598282085379	21.192586226107135	14.0	-3.2718126498130466
1079.6818938924816	20.0	5.0	24.61217688560389	15.0	5.0	345.26992378154625	22.000631740082095	14.0	-2.9869014545391073
0.0	20.0	5.0	1306.187423984437	19.245786817941884	5.0	303.2874233056949	22.03444703317259	14.0	-0.8217537126249418
0.0	20.0	5.0	1446.5690327749285	19.169557544474692	5.0	285.85921882732976	21.61194246655003	14.0	0.6925880756656035
0.0	20.0	5.0	1487.5806209472676	19.319160614799195	5.0	307.721250550139	20.58806059614183	14.0	0.23952087067147626
0.0	20.0	5.0	1576.7436711865762	19.134883213057645	5.0	291.8369660106308	20.073692061010423	14.0	0.6138328236778853
1463.5268350333524	18.73656801845192	5.0	113.96547391477009	18.73657342467832	5.0	266.5649042078241	21.067863262699753	14.0	0.8487884345710339
1524.4767460833352	18.851224810588565	5.0	125.98605247898121	18.852176325553863	5.0	269.1624645056822	21.801067963493363	14.0	1.2504945836668657
1588.4731515636533	19.016627901949317	5.0	173.6045007926088	19.016768314608058	5.0	232.83572453323347	21.726222721833086	14.0	2.8184487074777946
1599.3259147371343	18.680224438379938	5.0	203.94414728384035	18.68032118765526	5.0	201.30182889123586	22.166326778237096	14.0	3.8105011068498014
1715.4526911903683	18.47807352224723	5.0	252.18431238263554	18.478201301691197	5.0	182.85779660256895	24.412212449540927	14.0	4.331810786370239
1745.40672462494	18.704234406814823	5.0	246.18593146145682	18.70478626696313	5.0	197.9312207247139	23.571681906547873	14.0	3.8650804245722314
1727.8887976632957	19.043658582074702	5.0	227.99696324684075	19.044174646139233	5.0	213.5575468889206	21.949151792903326	14.0	3.405625396894633
1776.2362168875795	19.204698025394702	5.0	219.37380888127717	19.205917680764607	5.0	240.54683766881897	21.31278781177913	14.0	1.9206225839046307
0.0	20.0	5.0	2016.7103339457728	19.422987123383034	5.0	264.0623838821123	20.141796909259988	14.0	1.2035496398583467
0.0	20.0	5.0	2043.692051244743	19.74299212647006	5.0	253.29552261355468	19.117659913345964	14.0	2.8848517694865796
1446.6750010812814	20.0	5.0	329.0444520580419	15.0	5.0	285.9156018132208	20.82946405311218	14.0	0.991571553392026
945.4108444131092	20.0	5.0	496.43131384796453	15.0	5.0	366.96799682456265	21.052157777114953	14.0	-2.3662425731477787
930.8617384912599	20.0	5.0	507.70342526588314	15.0	5.0	338.24109809062514	20.820757653432576	14.0	-0.1438757050428003
960.2261951837664	20.0	5.0	474.40313453048054	15.0	5.0	357.14803426998714	20.313132368180188	14.0	0.012803918242568279
978.7469061940553	20.0	5.0	590.3587931528499	15.0	5.0	374.4418163501845	20.60422339143102	14.0	0.2827424292812806
1148.228021727839	20.0	5.0	819.1265934803089	15.0	5.0	393.0299297121239	21.037443241445466	14.0	1.5504696036803922
1513.8577130810918	19.699607411665237	5.0	690.226689739802	15.0	5.0	433.0739608821303	20.824002416956105	14.0	1.651647227568829
1974.105110643592	19.161349695954282	5.0	503.4354593538124	15.0	5.0	455.79691689682255	20.992043370831215	14.0	3.6334630112270396
1446.797688515823	19.809986292915923	5.0	623.7244106256426	15.0	5.0	508.5397323925582	21.347240598960017	14.0	3.2267423309440257
1469.0172018656551	19.464297596646208	5.0	468.71122903467005	15.0	5.0	567.4361326768906	21.930280809442383	14.0	1.7692888028228433
1499.52573758168	20.0	5.0	644.1667699536156	15.0	5.0	623.0527950626297	22.99175244275813	14.0	3.687206279303531
1355.8911330480696	20.0	5.0	679.0535510350624	15.0	5.0	671.1628349117789	23.25653387139812	14.0	1.7668594488566285
1208.660796693398	20.0	5.0	662.0705021395939	15.0	5.0	700.3278003806399	22.836587209641284	14.0	1.6844039036463245
1193.4299860962471	20.0	5.0	411.6318043939372	15.0	5.0	875.3926135212358	21.664739715793512	14.0	0.5247336075341057
694.6863503720141	12.500901768215806	5.0	1313.9409122128461	21.751072353772013	5.0	830.2115486480989	23.501615847892257	14.0	12.11521113821294
620.0559907060083	14.894124491898863	5.0	1122.4679608553213	22.52337254786173	5.0	1126.594477746548	22.614666047403002	14.0	2.262799323419772
653.1552628465464	15.644399384963954	5.0	1382.040706374319	22.915877417226014	5.0	1240.6975388922979	22.110468259250798	14.0	-2.489259938900068
808.2011254660734	15.498291245524843	5.0	1521.4578694752183	23.532755959913466	5.0	1073.7044520777872	22.075581128045563	14.0	6.97292837103834
1040.4011909338362	15.137996451029737	5.0	1597.6624297497992	23.89473487359368	5.0	729.0229405906591	23.256996381720164	14.0	31.914659302508564
1663.1220001589768	17.448528836731416	5.0	1158.9105308217781	26.41978427817737	5.0	816.257260674532	24.254136880734332	14.0	28.103878077337615
1945.4902739143777	17.750604612545064	5.0	1467.9690355020925	28.358356406066836	5.0	792.1132247370623	23.73995296406715	14.0	25.62747241731079
3046.1591671887613	17.610971868049866	5.0	2130.1007377083642	28.049802415927136	5.0	598.9970860893259	22.25421518917467	14.0	26.371885229787548
3350.498904682449	18.00315212913694	5.0	3366.438891130679	26.602073152919097	5.0	611.527134362072	22.641273004543738	14.0	9.58136505844167
2984.0520950921295	18.076148349046864	5.0	5017.740378170918	24.180338240164716	5.0	646.9131553871216	23.280757694897936	14.0	3.9046155157843905
842.849987658687	14.334555518467152	5.0	9745.324539106969	21.82636434854065	5.0	543.0219550825324	24.839949358593106	14.0	11.015923047782392
1025.6375432298908	15.414166674385573	5.0	9909.240729595847	21.70125395026546	5.0	485.74938433562914	23.535795626220594	14.0	11.38227314543609
6084.735007553807	20.0	5.0	3118.6479616658735	22.7034695999217	5.0	598.0528512827296	21.605717656437072	14.0	5.1134824753077455
8283.238068385652	20.0	5.0	392.113228482557	26.99471186866562	5.0	552.6497838386183	22.267065360532357	14.0	6.628599973831635
8922.343614758041	19.186328710494518	5.0	1054.5292084495927	28.28400360301204	5.0	368.76504972861954	22.791012378580337	14.0	15.377611879999186
9183.909195306258	18.907722246325253	5.0	1148.2179463573655	28.023400054433367	5.0	478.6189762674192	23.36074073041408	14.0	14.802775176890743
7777.573851501242	18.759314840350537	5.0	1206.41704618185	28.018282198928432	5.0	459.25304447714956	22.943100981373743	14.0	14.85748344608815
7124.713160650779	18.335596405710643	5.0	1687.943435253502	27.46743532597959	5.0	421.3531134536971	23.50024719935735	14.0	16.762611167301877
6664.877950221988	17.876086466405887	5.0	2249.420136062599	27.066833705873073	5.0	495.868532331168	24.322860080431195	14.0	14.037684320464596
5603.929284855196	17.52405577910819	5.0	2767.3469915922683	26.716717870522817	5.0	501.7266006463375	22.569222814948624	14.0	12.646996279283579
4871.297411032613	17.32969575720952	5.0	2224.018791584741	26.891927344998848	5.0	457.50302903707603	22.86349004723828	14.0	11.102461849388032
4643.695508216945	16.656123167307474	5.0	2082.813192439557	27.22596089222459	5.0	525.1589084240384	23.023566240060866	14.0	8.927561362544733
4831.679881858594	15.826500048981433	5.0	2361.050776678115	28.192957275241	5.0	757.4651210323816	23.53475602179218	14.0	5.517997956788244
4477.200800884753	16.27420792611368	5.0	2600.724716553015	28.867229343154072	5.0	885.2219114884026	23.276047442841207	14.0	6.9606983818618575
4512.5799000365905	16.432283903282904	5.0	2552.9051460366004	29.057252597232527	5.0	837.9318996168835	23.267827995847888	14.0	10.371647073761485
4893.468918379492	16.197496854521496	5.0	2971.2902294003984	29.354569495221853	5.0	537.5524510279405	22.621435446334328	14.0	19.888124955714538
5004.978022079196	16.539800308617718	5.0	3255.6361751961226	29.713924959323542	5.0	377.4275018309264	19.092638214190227	14.0	22.076929425572743
4934.07581349187	16.61944702926831	5.0	3108.74194484067	29.74467788260603	5.0	362.2002471552205	19.126061306800718	14.0	18.94972806141638
3591.431693838722	16.43458040595368	5.0	2680.603904235335	28.97898593505841	5.0	785.0904685130174	20.391374798454297	14.0	3.5081559250906404
1993.7085316779096	16.438077707044233	5.0	2574.6214119843426	28.05913123845102	5.0	1252.8751677184905	20.278671009114582	14.0	-10.007268807175826
728.6273830521037	20.0	5.0	2718.2902852990987	27.301575588990563	5.0	1525.0963945303179	19.501540918358923	14.0	-18.751427001386027
0.0	20.0	5.0	4186.48328990693	25.638018892118904	5.0	1255.7086793996334	20.19458279693843	14.0	12.36798815880437
0.0	20.0	5.0	4757.013641952717	25.297020283611346	5.0	1086.4375121826017	21.70484830230974	14.0	23.80058272278156
0.0	20.0	5.0	4609.485340350915	25.409006780760592	5.0	1109.7367213597327	23.844758600628474	14.0	13.94026694438139
125.03073663265754	20.0	5.0	3662.0229076873547	26.64537863514806	5.0	905.7137585059108	23.8181228912908	14.0	11.961606409570338
522.0338973259345	20.0	5.0	3149.3357581234927	28.356223562729273	5.0	737.9478884427858	22.673600668246635	14.0	13.71030266503519
439.43460573875683	20.0	5.0	3116.80594405722	29.366676162285774	5.0	859.7348585696908	22.095066677364542	14.0	11.326794069849845
280.15745404210963	20.0	5.0	3136.4747459519363	28.665582170330964	5.0	935.6769961704899	25.158125438484547	14.0	9.601771394734754
0.0	20.0	5.0	2936.9370627438125	27.0015254998177	5.0	946.3579713251366	27.582574655874424	14.0	0.865060218669386
0.0	20.0	5.0	2932.882098550052	25.762716336172005	5.0	873.7073024996416	28.40749219402619	14.0	-0.7815093722710973
0.0	20.0	5.0	3141.6856424111807	25.385690049506813	5.0	698.9380543117333	27.8905911301035	14.0	3.3063294097311333
0.0	20.0	5.0	3190.515338339172	25.12177513001313	5.0	598.0724134745549	28.29245208546552	14.0	1.2076055265395542
50.83180418142719	20.0	5.0	2483.125412081048	24.833697034431978	5.0	707.5343356841342	27.53913831710185	14.0	-7.11067073476669
637.3082786731804	20.0	5.0	2002.240491095058	25.213167463481543	5.0	688.0380587945834	28.53935026685824	14.0	-10.48665582125465
1227.816995141398	20.0	5.0	1894.011272310664	26.866630799947266	5.0	425.15271586176226	30.073391871361448	14.0	-0.8927885210592549
1121.3914950576595	20.0	5.0	2225.0382465013054	26.61816268797885	5.0	292.6539154854147	29.398222850954063	14.0	9.159231030655697
848.6324536887847	20.0	5.0	2397.8104740105928	25.980555391665074	5.0	228.65515009490937	28.38306010441927	14.0	7.870065223593086
720.8676483284939	20.0	5.0	1749.55517291064	26.189491331869316	5.0	212.83988807545893	28.040240277160656	14.0	3.8069788063055605
496.93552010392006	20.0	5.0	1243.0843459298246	26.388606164337332	5.0	182.45695612608677	26.355356083543057	14.0	1.891583451738928
349.6236588313799	20.0	5.0	833.1501152175282	26.469979512369786	5.0	148.2365086869612	24.430964626054525	14.0	1.6014427303441001
249.12402951023319	20.0	5.0	621.9004061668372	25.758319587192513	5.0	140.4970100168227	23.501860482218948	14.0	0.8355077576992616
216.72035106065502	20.0	5.0	684.6551085296614	25.417003556165934	5.0	147.51132225707602	23.39462173892486	14.0	0.505719793011122
195.01163471943462	20.0	5.0	731.0693666265854	25.549303352907856	5.0	146.5810683350856	22.80154725076841	14.0	0.4112679324595658
161.71691110987317	20.0	5.0	913.0698523749688	25.689494781622727	5.0	152.15102473927988	22.03850683451541	14.0	0.6043512265419122
207.90007865646905	20.0	5.0	919.9635509566323	26.143457253984053	5.0	139.08867362310843	21.898193083724372	14.0	1.0381555477932136
197.47233692978725	20.0	5.0	856.6716513848512	25.982049557709104	5.0	138.36386923198148	22.058841266777932	14.0	0.9382127375160564
169.2926300131988	20.0	5.0	829.9830045336157	25.86134993262559	5.0	140.0946946203329	21.94747308410693	14.0	0.4890784772895462
203.05462083596365	20.0	5.0	739.0167351039812	26.08398212694576	5.0	132.96108916404364	22.43255582495999	14.0	0.91976446894941
195.5312078629455	20.0	5.0	587.5466640417827	26.37161917949118	5.0	133.35871946218214	22.958768614762906	14.0	0.14246081191790633
178.1072720282866	20.0	5.0	514.3519388948396	26.285582900083195	5.0	123.95516591087538	22.26943192876648	14.0	0.18211543251911713
170.16174386557614	20.0	5.0	545.9273771497105	25.891610320733605	5.0	121.19599175707772	22.29704323033772	14.0	0.14332604453499692
178.13514515865626	20.0	5.0	553.3320173332978	25.611825724799473	5.0	122.05491870192962	22.684621046757414	14.0	0.3658318249390077
174.80768852603714	20.0	5.0	730.9829257962712	25.17323833946733	5.0	131.73199356427156	22.78541725078921	14.0	0.03285012453092549
201.47521437127023	20.0	5.0	1030.6560517757307	24.860627933925105	5.0	143.6781572529642	22.5990544683131	14.0	0.8169413262700097
278.03094643080294	20.0	5.0	1056.1531640905682	25.2124502401695	5.0	142.7072700142163	22.568611722924942	14.0	1.6092142469653665
382.15538363486684	20.0	5.0	858.6131626268856	25.530146321818098	5.0	153.2083070811868	23.025118415383815	14.0	1.1572966272326641
500.7525731276434	20.0	5.0	748.3328306542099	25.82261017681755	5.0	150.4671536806816	23.910179503145752	14.0	0.7291411526120268
542.2077165088521	20.0	5.0	817.3484926663955	25.37532475370089	5.0	175.95414996954813	25.465675647563916	14.0	0.18768186306340803
454.47933729475545	20.0	5.0	790.599669702727	25.303212028807593	5.0	193.4723897979456	25.58172405424282	14.0	-0.9867311264311659
361.9250138413351	20.0	5.0	741.1428773766505	25.331847306528545	5.0	197.679909358325	25.221296226832493	14.0	-0.9672286966666244
351.752365101248	20.0	5.0	734.2783134147169	25.96218307790366	5.0	181.8841859044331	25.16817277062472	14.0	-0.6385674105427676
373.2131563650612	20.0	5.0	826.8719896470448	27.061883051088326	5.0	185.05993747508677	25.32759720499078	14.0	-0.4201481975583946
352.6740779770121	20.0	5.0	913.7308598170756	28.04239176005289	5.0	200.66704313003007	24.878730608413747	14.0	0.01988812005748506
364.2615650046616	20.0	5.0	923.0104406378163	28.70580294875197	5.0	216.33391736226753	25.217601013301035	14.0	-0.8503196642487971
373.14031037508795	20.0	5.0	960.0712582114309	28.79578721969314	5.0	231.53561528428185	25.573489029689924	14.0	-0.6927400948599428
372.494074203761	20.0	5.0	990.9088519470974	28.563811407579706	5.0	251.34270841758328	25.580343284082577	14.0	-1.4443158580081392
328.4766663309371	18.344846437072167	5.0	988.8138558941945	27.851199145018793	5.0	215.0375274756222	25.973885035614487	14.0	-0.536334226058266
318.5668332744053	18.082704602583114	5.0	859.0178902750342	27.08588316134754	5.0	192.40667670334625	25.572515149986167	14.0	-0.239063939725392
355.2801003958966	18.53426015864569	5.0	830.880287650703	27.093383230230756	5.0	195.61574107358285	25.1137148269379	14.0	0.1392189584459326
343.1974368909271	18.058596316586105	5.0	968.5214698865527	26.92264302323105	5.0	213.07697557917118	24.681660604691213	14.0	1.0174288963530562
342.3548944804333	16.75420723737901	5.0	1115.9332493436627	26.218556712514633	5.0	224.10266825169086	24.272017280764715	14.0	1.340867718025252
401.68130034154035	15.846787923178914	5.0	1268.635132849819	25.69701547124361	5.0	238.64950893754647	24.39960597247042	14.0	1.3007588619672494
457.6853586735561	15.455959663217795	5.0	1387.29972401154	25.227205609012298	5.0	224.2786159029754	25.560003195488374	14.0	1.3367308691015862
681.4076583851548	16.277420484666774	5.0	1330.022938176898	25.251772549586924	5.0	206.583500389066	25.851260060134614	14.0	2.09314041522146
779.9876670727328	16.47464380775753	5.0	1339.6034528950388	24.683943151764122	5.0	245.95419753098574	25.58185927974827	14.0	1.3493758869128953
857.1431649297532	16.65359758978008	5.0	1322.3605606934502	24.220308738920462	5.0	295.8967220290293	24.752398901166174	14.0	1.7398746687003648
866.4608779166036	15.827456691446304	5.0	1323.1896319141863	23.62788961277362	5.0	329.4405999511423	24.883084189497378	14.0	1.1695063943608555
1022.6798456948454	15.209230824608216	5.0	1349.3830174324914	23.715526755451734	5.0	380.981179340166	24.936025600198786	14.0	1.4285909919586461
1189.1169895882888	15.074301124081028	5.0	1219.8736360735934	24.01925731238754	5.0	406.1857414392691	25.21128214414679	14.0	1.0431416297698224
1290.1760825193294	15.105282550893445	5.0	924.6552286261312	24.19851164444262	5.0	384.93160020738134	25.509584817184297	14.0	1.7359382203494576
1232.7544759550071	14.592875751729727	5.0	758.2895939907925	24.058303127691797	5.0	364.078654967231	25.15026105004661	14.0	1.191260159618463
1041.0234547487123	14.610776105050736	5.0	707.5297251234743	23.886669081541307	5.0	335.21988371524293	24.75210747322062	14.0	2.1345833718189295
1112.4276479037849	14.589500426577123	5.0	618.4986936735969	23.685398794126872	5.0	365.3953469682163	24.5965539320272	14.0	1.8378389823849477
1165.1482050454467	14.697043147266292	5.0	501.93982622741066	23.862238672757645	5.0	356.27818531530016	24.446735338164984	14.0	1.1846709190297802
867.9537165878147	14.634075293688449	5.0	417.8615106461331	24.392632016891493	5.0	327.27220134933884	24.939592600575292	14.0	1.8354514020676802
844.2504801266692	14.887985503828508	5.0	401.20521367460805	25.000117017232398	5.0	317.7382672233187	24.781514012739375	14.0	0.5989694206145272
