amplitude_0	mean_0	stddev_0	amplitude_1	mean_1	stddev_1	amplitude_2	mean_2	stddev_2	amplitude_3
609.0987233122844	20.0	5.0	169.7586175627671	35.0	5.0	934.093438025774	19.168361813959343	14.0	4.332193525708983
685.4374568419535	20.0	5.0	208.63897994946785	35.0	5.0	880.2517226570642	19.54652915618058	14.0	6.545091203370051
595.4299226070652	20.0	5.0	166.79046762592975	35.0	5.0	872.0065841380257	20.265966540291625	14.0	8.175181823567115
784.419847434355	20.0	5.0	231.0137179810418	35.0	5.0	853.2335254550328	19.998309495785772	14.0	6.469833855924361
826.2241087240272	20.0	5.0	302.94165309537607	35.0	5.0	848.6529370971518	19.928965339209935	14.0	6.903965769759124
737.3174158458045	20.0	5.0	217.87185096574834	35.0	5.0	943.7044393358534	20.919696433733662	14.0	6.909037276475021
770.6854311130952	20.0	5.0	278.8387951390715	35.0	5.0	898.9154048469592	21.028008085665668	14.0	6.9938303041745
541.0219831671144	20.0	5.0	229.69244465188382	35.0	5.0	1032.0600040064742	21.532620881663497	14.0	-0.33745457813543084
689.3004330824847	20.0	5.0	289.5720075833488	33.81564970935634	5.0	970.918900109687	21.66725913187954	14.0	6.582520135026264
609.0006340269841	20.0	5.0	285.4580404567961	32.95609500713411	5.0	1081.6831865165198	22.03811834397994	14.0	5.0991477300609285
651.8278005146547	20.0	5.0	328.2043897180483	33.04412030548409	5.0	1034.6335666451141	21.713679833788902	14.0	5.711963763284588
693.4602104451992	20.0	5.0	385.8163568078075	33.0654850943871	5.0	980.3759811050035	21.431237105406602	14.0	5.335385309706193
651.5380943751945	20.0	5.0	341.53186459835274	32.254479641454495	5.0	1034.2054473588848	21.671496186763353	14.0	0.14023754938781405
666.4144417854181	20.0	5.0	296.08248022312176	32.21205042144494	5.0	957.5903633612602	21.331344929755495	14.0	0.7312909381030789
667.5135325817998	20.0	5.0	262.27015461548007	31.670583963246756	5.0	935.8291938293675	20.16700637024878	14.0	-0.23918441925129233
717.5830142239312	20.0	5.0	247.64535179548287	30.444662705721793	5.0	903.6403728584021	19.975711477492727	14.0	0.6805650779056682
750.6645493415809	20.0	5.0	232.30606053731486	30.780838281335328	5.0	843.8717524835616	19.73020701035848	14.0	5.125843610395252
766.3936948187433	20.0	5.0	176.89274506793416	30.302458958329062	5.0	822.4061169164489	19.572163768684803	14.0	1.1648478329487313
882.9943154476757	20.0	5.0	200.43322062334434	30.961598904559356	5.0	780.9976564909698	18.95807000448974	14.0	2.2724970911986007
833.3298782720811	20.0	5.0	178.50664557482799	31.28728848091155	5.0	778.5996216904925	19.090110632957927	14.0	1.208856224230376
803.6659372776099	20.0	5.0	191.32158854763753	30.63635306613479	5.0	782.4874567336688	19.177736234233556	14.0	2.9262294905603583
757.1657398087588	20.0	5.0	219.04039703825066	30.517394431945373	5.0	806.3060901630331	18.91163272902717	14.0	-3.211391982484317
789.2162968453853	20.0	5.0	266.89869503706467	30.64796970368917	5.0	812.8570998371212	18.81228244520694	14.0	-3.673676060609091
768.1750817273698	20.0	5.0	271.9906698535037	30.78992702417918	5.0	806.8737130326477	18.82501346986711	14.0	-5.045069713895925
849.817510558248	20.0	5.0	264.41897225422554	31.412743579527966	5.0	763.1172465987781	18.9291521461338	14.0	-2.5450867702553954
702.9670841487095	20.0	5.0	337.7851190199052	29.829262212987967	5.0	800.6505588875328	19.01324681221323	14.0	-3.1958592017968748
763.5083700864695	20.0	5.0	345.6482128013219	29.464286701427213	5.0	763.8265376270015	19.094039042853176	14.0	-2.554046622360473
808.7956208736426	20.0	5.0	383.5593763436908	29.298365616496685	5.0	704.5753885350258	19.10908126692507	14.0	1.4307609181322303
789.719958924215	20.0	5.0	431.77843744759866	29.238231727344832	5.0	691.794655320464	18.92887987661101	14.0	0.4999679677333995
787.0038431586033	20.0	5.0	492.417764582297	28.617663753454327	5.0	686.5664757890739	18.85143917779205	14.0	2.4316456635653054
721.1055215194561	20.0	5.0	519.4463034718124	28.046067449112073	5.0	642.7443762436787	18.820035173934528	14.0	2.493497833073772
756.9932950752845	20.0	5.0	464.4709181007454	28.146543192338456	5.0	667.3999522790264	19.38013567948781	14.0	2.823310235833879
638.3670938658859	20.0	5.0	520.3778209124565	27.426327907618315	5.0	704.993115510806	19.174019470412134	14.0	-0.6871477422607216
560.0621890675754	20.0	5.0	563.7979713730896	26.72644423302323	5.0	728.6049244701021	19.199289765979827	14.0	-0.8154353723550096
492.11566167193234	20.0	5.0	656.9144370738837	26.43364313487522	5.0	738.8332194768358	19.12122794378519	14.0	-1.4070370680930577
330.57379746983935	20.0	5.0	766.7840849436773	26.367080645019854	5.0	779.8117695266809	19.111497088903672	14.0	-2.4343659938952142
332.5491553790981	20.0	5.0	721.7075941861114	26.404550971066428	5.0	800.4661717331877	19.13349687015574	14.0	-7.320138119746371
314.9424428529884	20.0	5.0	935.9285505792323	26.288566858634535	5.0	817.519705860753	18.93709853195004	14.0	-6.063958466222098
396.58546851947483	20.0	5.0	774.3590530433503	26.78937615180841	5.0	815.6657884958267	18.944758422761655	14.0	-5.648327341714359
467.7567836050224	20.0	5.0	757.786727429957	27.391380543345512	5.0	847.7014673755127	18.848217625253977	14.0	-9.415998849834303
352.1565675858885	20.0	5.0	800.2066019040113	27.081146558605077	5.0	880.3958178220901	18.882013622953618	14.0	-11.359006037034726
385.0464602933503	20.0	5.0	646.8510153299414	27.125396948160784	5.0	892.35163072251	19.106088321900973	14.0	-11.411014574596972
369.8822311263673	20.0	5.0	664.6621083971589	27.161766334489503	5.0	867.7050706077549	19.116665081126868	14.0	-8.094583196744894
349.78137622356036	20.0	5.0	520.5453672820336	27.389476517822327	5.0	942.2268052113584	19.072902356664514	14.0	-8.71043324615305
243.47782666697918	20.0	5.0	575.6886470001118	26.489818378037047	5.0	968.2223029424929	19.06988812034817	14.0	-11.448521173834685
237.5007166647993	20.0	5.0	461.4357263792803	26.907987559287463	5.0	974.5467891991542	19.34779272110658	14.0	-12.505815964531397
198.38288255265232	20.0	5.0	403.5172036836326	26.608722477715965	5.0	965.7279858537961	19.402351435683915	14.0	-10.887608240582209
54.11999050333505	20.0	5.0	437.143438682897	26.748056898141762	5.0	1015.8894334386904	19.060192156819486	14.0	-12.27790744165638
99.72031324710416	20.0	5.0	364.48067336100456	27.192182740825537	5.0	999.4997214283075	19.087486373791045	14.0	-15.83647507790695
0.0	20.0	5.0	432.6640842725818	26.33042341633706	5.0	1037.4654866396675	18.98457492253549	14.0	-18.97789237528664
0.0	20.0	5.0	413.5425056196184	26.674581829892034	5.0	1063.8131115616354	19.237535132481845	14.0	-18.293577489514238
0.0	20.0	5.0	348.7392090576283	27.250129254331313	5.0	1061.7763121207367	19.216357620211646	14.0	-21.388892368324882
0.0	20.0	5.0	323.7695739242856	28.277194966730082	5.0	1056.9192502765206	19.184498277364717	14.0	-20.10114107971027
0.0	20.0	5.0	320.64529376556186	28.2951229134048	5.0	1045.2783752493226	19.215512652563202	14.0	-19.501002601382275
0.0	20.0	5.0	293.6882391557624	28.031875087570135	5.0	1016.9381377973275	19.172480293066354	14.0	-17.874119263717322
0.0	20.0	5.0	312.450571200379	28.70041398690524	5.0	954.5633952378419	19.29603756365097	14.0	-15.646918575812526
0.0	20.0	5.0	273.37808151471165	29.93256748215714	5.0	973.228286577396	19.036970959278555	14.0	-17.352597552145923
0.0	20.0	5.0	319.5296355079554	29.767521266305597	5.0	922.5513539880412	19.03713210585475	14.0	-13.739053226483518
0.0	20.0	5.0	328.74347038090497	30.046448471012148	5.0	894.2964992019453	18.830956299086505	14.0	-11.228097907147722
0.0	20.0	5.0	332.4945691354259	30.39935823466829	5.0	902.3455528808566	18.55664648713036	14.0	-13.37494598088075
0.0	20.0	5.0	309.9145332230699	30.412542357410686	5.0	890.8504640181764	18.616405107224832	14.0	-14.939852454504466
0.0	20.0	5.0	310.56401345516247	30.43822784767157	5.0	907.0686285815071	18.339475388160757	14.0	-16.55083369427144
0.0	20.0	5.0	268.6167370125767	30.948617441991136	5.0	896.8977619932244	18.32062372778122	14.0	-16.40695677560979
0.0	20.0	5.0	274.5347377002072	30.662983935014182	5.0	876.6034340077337	18.37224045110235	14.0	-15.033493914449517
0.0	20.0	5.0	75.6335228375621	35.0	5.0	920.2414541538711	19.2683273793867	14.0	-14.758316292266548
0.0	20.0	5.0	85.48527148178474	35.0	5.0	886.7082613577832	18.720065100961726	14.0	-14.040367014715045
0.0	20.0	5.0	94.80545539073066	35.0	5.0	855.2713240536074	18.567003059438584	14.0	-14.433260482397817
0.0	20.0	5.0	64.77548017913146	35.0	5.0	849.84951929907	18.54893806566073	14.0	-13.174719567467456
0.0	20.0	5.0	67.4761462358122	35.0	5.0	835.5487702979956	18.578062812902477	14.0	-13.956684518497116
0.0	20.0	5.0	83.25793299617733	35.0	5.0	825.3305454790466	18.46834680123089	14.0	-13.75058464906462
0.0	20.0	5.0	82.26334547105263	35.0	5.0	820.1903327660914	18.26480390263518	14.0	-14.207029625229854
0.0	20.0	5.0	129.48654644006433	35.0	5.0	780.2724675108261	17.83119450896358	14.0	-13.805941996259044
0.0	20.0	5.0	146.2601656058144	35.0	5.0	752.2334839842384	17.48566591265343	14.0	-11.744685987432126
0.0	20.0	5.0	132.6346243287381	35.0	5.0	783.2645356377818	17.479184097220184	14.0	-12.044281089104754
0.0	20.0	5.0	163.63162948612154	35.0	5.0	758.9250439776985	17.24364701048978	14.0	-10.893725736371037
0.0	20.0	5.0	188.10221316917534	35.0	5.0	749.7462495593996	17.419081982724006	14.0	-11.810030661706213
0.0	20.0	5.0	171.61416641681245	35.0	5.0	754.4139117661002	17.67543269680667	14.0	-12.122948929880994
0.0	20.0	5.0	172.157056906244	35.0	5.0	769.1178997152018	17.793639202062916	14.0	-10.824648819911424
0.0	20.0	5.0	192.1223887965705	35.0	5.0	768.8705837350503	17.80239321645962	14.0	-10.369217962469941
0.0	20.0	5.0	158.14817669070783	35.0	5.0	783.4927810722867	18.469087153856012	14.0	-10.370779490199014
0.0	20.0	5.0	127.8118412942999	35.0	5.0	810.9336022719954	19.06267390575567	14.0	-10.439807811424863
0.0	20.0	5.0	92.94875767662718	35.0	5.0	801.161505470137	19.46198492910556	14.0	-10.323738821913341
0.0	20.0	5.0	64.16469536336719	35.0	5.0	812.8110983985887	19.51932014345303	14.0	-11.333529437722486
0.0	20.0	5.0	87.45405435775838	35.0	5.0	803.6023960635221	19.352511136858425	14.0	-8.531840973461485
0.0	20.0	5.0	81.66064980033525	35.0	5.0	797.3317270003608	19.616351250596214	14.0	-7.248495677573967
0.0	20.0	5.0	48.868508222720145	35.0	5.0	797.9079589317768	20.272788412470913	14.0	-6.863825926989972
0.0	20.0	5.0	68.70427856990312	35.0	5.0	798.7094787532544	20.258166145270156	14.0	-7.9079067384595145
0.0	20.0	5.0	71.76824739538081	35.0	5.0	830.5665362528111	20.441205503600354	14.0	-8.52873026348202
0.0	20.0	5.0	90.47222689171028	35.0	5.0	841.3149185292941	20.91171687897953	14.0	-8.569015431173499
0.0	20.0	5.0	161.04263706876432	35.0	5.0	816.305491668794	20.762215214083835	14.0	-6.938287850071489
0.0	20.0	5.0	183.25719709278212	35.0	5.0	825.5635896201102	21.040293439837537	14.0	-7.710782415117995
12.837121760827547	20.0	5.0	196.7270949041601	35.0	5.0	847.1805742219368	21.15455549708958	14.0	-9.717134805451282
22.275294377235554	20.0	5.0	290.9523155134042	35.0	5.0	825.1082630985999	20.886301713199515	14.0	-10.545253916606177
25.901488461247098	20.0	5.0	297.48045031147217	35.0	5.0	817.010625090134	21.13235456993595	14.0	-11.28921882725202
29.20505234408744	20.0	5.0	318.1318898022395	35.0	5.0	828.0865527811013	21.086617477615405	14.0	-12.444958364249985
40.53600766841446	20.0	5.0	379.569689754651	35.0	5.0	798.5936325261205	21.26904971553854	14.0	-11.319219604706625
41.891149909707416	20.0	5.0	449.1157910194234	34.54357510614968	5.0	770.5903332101077	21.587406493230052	14.0	-12.722081996782189
57.903980885955455	20.0	5.0	444.1535749789198	34.24676651380166	5.0	743.9725111073241	21.48021906821775	14.0	-12.92283783688918
100.81010654352892	20.0	5.0	570.4517420267009	33.41015150842994	5.0	671.163178763652	20.788078652230606	14.0	-10.307492056454223
145.2844575157167	20.0	5.0	708.4808015699163	33.05634914369108	5.0	632.0178834967236	20.387086525597088	14.0	-8.453908140363628
31.325883755677914	20.0	5.0	777.8280864079334	32.53084902614244	5.0	659.1447415920059	20.507487063039346	14.0	-10.45254711314099
55.48655806355118	20.0	5.0	919.3658084761679	31.89618135571346	5.0	617.2755996278901	20.255794502536354	14.0	-9.448855947283262
60.275776608818546	20.0	5.0	983.4903218989233	31.288346848551353	5.0	586.1509879442657	20.062465420958024	14.0	-8.167731350944708
0.0	20.0	5.0	1123.0606551901383	30.433522991671694	5.0	571.2714937926777	19.770385840844174	14.0	-8.257724357102727
72.4776523545763	20.0	5.0	1175.1854540092636	30.46440194990386	5.0	539.2295891256599	19.74088091479961	14.0	-7.7353557484221245
79.88969270053528	20.0	5.0	1442.852025774033	30.219113225904785	5.0	512.3471178241418	18.894188115483225	14.0	-6.5298800923115365
46.49319249121118	20.0	5.0	1440.3404656927269	29.622181971950205	5.0	525.7563272281881	19.521174350146936	14.0	-6.407819265700118
115.18060532523475	20.0	5.0	1396.08006119469	29.7758487283665	5.0	507.66336780430385	19.215168347135183	14.0	-4.751532586013134
39.400015246725644	20.0	5.0	1413.927494358479	28.870180982742696	5.0	559.8771180597533	20.512003192828143	14.0	-4.512471649282717
154.99924403654003	20.0	5.0	1391.9369292425151	29.00299759290353	5.0	515.5090150248906	20.59171225441869	14.0	-3.8791268043642018
236.1023150882821	20.0	5.0	1267.8168855513063	29.049299862445086	5.0	499.2248125057875	20.482203179762273	14.0	-1.0458545010879026
156.8464461314666	20.0	5.0	1332.8057648759598	28.809197578955168	5.0	501.07169083210636	19.700350307167685	14.0	-2.89369064358932
240.94585345690476	20.0	5.0	1288.228576664285	28.951831490656847	5.0	451.7683753291708	19.89436100266876	14.0	-2.1823501579929165
401.1393305815137	20.0	5.0	1166.5686048966024	28.840346781697505	5.0	422.0144401016632	20.432487156978794	14.0	0.35615342682826984
420.65306412133845	20.0	5.0	991.1383975758213	28.434650529095485	5.0	436.0829999340257	20.816078159161624	14.0	-1.7053321349869577
537.1768331389367	20.0	5.0	915.6854766441836	29.233796322328566	5.0	409.9413429421243	20.67816214996062	14.0	-1.031764188363463
638.4674881692846	20.0	5.0	890.8282527723678	29.666768312807005	5.0	385.31074545150864	20.708741757584757	14.0	-0.21621262698935728
694.0797442432838	20.0	5.0	961.5069140460547	29.852142585329222	5.0	355.6213843669436	18.95981491743324	14.0	-0.3067375272491032
638.9591836503162	20.0	5.0	994.9272481596663	28.81889074067763	5.0	395.5992376277631	20.146017730979406	14.0	-1.5198890278339003
593.7242414510716	20.0	5.0	1059.7379545090316	28.3342202474547	5.0	428.0787906752477	19.7790749804881	14.0	-2.2680328847545908
783.6321411556521	20.0	5.0	1019.3921886208884	28.520915966430422	5.0	409.894413944698	19.20137263062037	14.0	-0.7915146552099995
820.3154151212769	20.0	5.0	1022.7671558231776	27.988976901872938	5.0	435.8697645321578	19.679416907396483	14.0	-1.0725912891112046
794.5373886556237	20.0	5.0	1051.5031180653662	27.815484473708974	5.0	430.0666278824092	18.737056320110653	14.0	-2.307889134888948
792.7620479033872	20.0	5.0	1051.0687725393311	27.570316192706184	5.0	435.16507212358226	18.16855904811467	14.0	-3.7203738227899024
803.1120821204952	20.0	5.0	963.8983906240106	27.07531454317443	5.0	449.6067283066764	18.351501518316923	14.0	-3.721577575754954
666.4015886949596	20.0	5.0	912.7708184973175	26.09971624693491	5.0	476.8195161544697	19.2327813483076	14.0	-5.407984767110298
658.9184353429013	20.0	5.0	853.5646600775383	25.087407990917217	5.0	453.0158088529941	19.24719850621123	14.0	-3.538008042966065
822.3662654008466	20.0	5.0	768.700457875205	25.213081687245577	5.0	380.81785587750744	18.62764397307261	14.0	-1.051280891480437
912.1687668534602	20.0	5.0	628.7897791420944	25.472320719598372	5.0	341.49707446428397	18.404095049966628	14.0	0.3992982040457538
880.8357598193669	20.0	5.0	586.6622883764536	24.72283789303272	5.0	300.3997483910957	18.423382105525175	14.0	1.7805716131633846
96.82801838411822	9.124289852297094	5.0	1253.427272809017	21.668052703243625	5.0	241.37985607676896	20.55569553650022	14.0	1.7681162131302774
125.70304910395669	7.9935877860624025	5.0	1177.1295530706334	21.325212669265337	5.0	195.8497356181226	21.161490538641686	14.0	1.0981335956744744
130.99577969000285	7.933699798970281	5.0	1125.3374828145124	20.863144061161858	5.0	196.59472767568627	21.27391418957002	14.0	2.189366919237429
142.4137188439344	8.382384726480682	5.0	997.5966619562989	20.652054001142915	5.0	189.9353398914086	21.345668998678878	14.0	2.2906702308257074
132.05951626665004	9.404430463126847	5.0	829.7994605411815	20.176055674150316	5.0	200.31974095149081	20.83563224570539	14.0	0.8517972717894373
153.89494289300248	9.648006092208954	5.0	741.7568711086014	19.803109974898433	5.0	189.47206523094187	21.044206776270308	14.0	0.8628390518430173
178.0398794514222	9.017918547819548	5.0	738.1414615867199	19.36415117598926	5.0	171.91913148684054	21.499591334629493	14.0	0.6798837999405635
203.8093536331151	8.859556430751702	5.0	728.83697692219	19.284652993713323	5.0	160.11677699207098	21.359713739745	14.0	0.855906894320431
202.58184610801464	9.838796445803082	5.0	708.0195486006543	18.95498567979505	5.0	177.36901024047063	20.733715791815346	14.0	1.8797610624543093
191.95432512984013	9.5529659337987	5.0	753.3629051512675	18.471545453657725	5.0	190.7688465424293	20.989446618067387	14.0	1.4434248607190687
271.4879105817978	9.153114562787074	5.0	795.0418500115983	18.658998325909483	5.0	159.60322687177205	21.856894898786084	14.0	1.8866330813237149
316.97270141301203	10.699752855625992	5.0	719.1006942993595	18.64859411835952	5.0	184.09953570677348	20.27438192207941	14.0	2.2533145885135717
288.33527152466473	10.288899204191146	5.0	798.8388539120349	17.910042348459967	5.0	198.21664940368598	20.05302447640793	14.0	1.2098110066192287
282.0146954296328	9.671047482568937	5.0	916.8875328582773	17.4963496492491	5.0	205.56211695524433	20.00507176527858	14.0	1.4530682556992274
272.0870926424104	8.765113312251524	5.0	1063.8222486267812	17.261966609437174	5.0	197.68259792650295	20.662796656582984	14.0	1.6097499173416163
271.1456470679444	7.625972266920208	5.0	1055.8625039754404	16.96446633599918	5.0	184.17750174351738	21.30858226360038	14.0	0.5690607185538101
281.1907416342519	6.9854091715526	5.0	1136.6492056308084	16.72168000150791	5.0	170.7259783987522	22.008077662413385	14.0	1.5000582054122222
283.2788425278812	7.3646315290050355	5.0	1129.0555270466652	16.498640220622228	5.0	196.34028074178008	20.372214942696285	14.0	1.7918578888856473
281.6077881219354	6.380677049774083	5.0	1131.7928149869133	16.016250342506787	5.0	196.190445116334	21.263334135926915	14.0	2.739887777442045
312.38164807237337	5.708656643620055	5.0	1349.6207664031808	15.901174890564386	5.0	169.92645419388367	23.372596179735286	14.0	2.3550211707521096
313.30848438851626	6.25720761610737	5.0	1287.8753249033718	15.567974786224282	5.0	200.8499273791107	21.582504876186217	14.0	1.8259025668499607
423.6584927840989	8.620061165620374	5.0	984.3523528274278	15.598865718528002	5.0	248.33794896936126	19.49530349741131	14.0	1.145976350370638
816.4326740474742	10.576546073263502	5.0	670.8493234149139	17.288474345183857	5.0	241.9797784620813	18.8303010836777	14.0	2.695071916548614
771.8924082614741	9.459144406488637	5.0	815.0646438352202	16.46933252939309	5.0	220.03926996025328	20.354545686382053	14.0	3.208733990074489
569.2331474265476	8.80453263232308	5.0	997.4663169312757	15.0	5.0	247.85868513638312	20.23434734273424	14.0	1.4969959814930183
824.4167857173377	9.7339013223108	5.0	913.430351277944	15.307247591299909	5.0	258.89681185132235	20.207173113662726	14.0	0.7365814164992247
1463.7036646058164	11.015313979390784	5.0	405.8712424239426	18.243825040072295	5.0	248.97441030090226	19.789982642173385	14.0	2.816317554434291
1580.988602385253	11.225140094446019	5.0	280.65212096979235	19.507449437045537	5.0	251.89226103581808	19.54473851928578	14.0	4.355958465923847
1599.0184236104667	10.633009027085194	5.0	423.6653329422729	18.127410332280185	5.0	233.6388343921258	21.89469547253052	14.0	3.5416527792115313
1536.5550881031068	10.439189765868932	5.0	529.1079073466796	17.398532164231465	5.0	234.11952684537795	22.779439576410113	14.0	3.273421860692922
1438.1612378401776	9.819291279924634	5.0	756.0967691621871	16.16662965626029	5.0	240.77588497717116	22.79274529195456	14.0	3.498758246198732
1660.2721835379725	9.828209475169547	5.0	691.8976318686357	16.5122369474955	5.0	248.1555883434902	23.084359103345523	14.0	3.2355102920314733
1673.3591350875545	10.03678502839908	5.0	605.7421033115421	16.39147295599283	5.0	293.40303536892475	22.22607336028859	14.0	2.808657714652767
1498.558986120356	9.46149552848351	5.0	788.8408464855554	15.39621609880354	5.0	312.37400555234876	22.513403087127777	14.0	0.9583706890924258
1409.8615047606727	8.922763292603113	5.0	987.6091973825997	15.26438110975602	5.0	294.22990836904444	23.165175666200685	14.0	2.1515087213249005
1286.562377938383	8.5491169602835	5.0	1141.937654874547	15.190425633966958	5.0	302.37181224971937	23.226508443518913	14.0	2.057743499268109
1231.2490749344133	8.183825777619248	5.0	1147.3408971819072	15.152349175958442	5.0	326.8746369551871	22.968747100088002	14.0	1.888274759091529
1126.9728239549154	7.68385923181369	5.0	1213.0411852364962	15.0	5.0	335.66587101863854	22.474146835720564	14.0	4.336859837249597
1064.7613776248863	6.866541527757119	5.0	1299.4312420885028	15.0	5.0	323.7884229306793	23.144259103111853	14.0	5.2477928854033475
1055.6596137413296	6.452571123312753	5.0	1262.700489023831	15.0	5.0	342.1071969874961	23.002265925351786	14.0	5.644112545711696
1061.3807877005956	6.167104757964464	5.0	1286.336114874163	15.0	5.0	364.2796716361718	21.811307971684258	14.0	6.8198235208172795
1110.6346880795525	5.773639075870566	5.0	1343.7660726445179	15.0	5.0	349.1471203044016	22.18622031105305	14.0	6.582967018516658
1129.0390848574382	5.225047804706213	5.0	1448.633111704575	15.243381096442803	5.0	336.3460447566505	23.532101743624526	14.0	6.3277190183751735
1095.3921146145778	4.607870637998135	5.0	1541.2291172502355	15.180053361975617	5.0	348.2517338890405	23.77828841806178	14.0	6.9688377805904995
1030.70062280326	4.247655019582621	5.0	1596.6377013217282	15.0	5.0	358.51050445248273	23.802053252576584	14.0	8.449770180906476
996.3784508858828	4.400047041446828	5.0	1665.7223289410083	15.0	5.0	361.746673448933	23.294535791478708	14.0	10.922685488346113
1092.8852261553027	4.535644802008765	5.0	1702.8230926196118	15.0	5.0	364.9317568168649	23.262676276619075	14.0	10.10564646777417
1087.7705873832094	4.016086544958089	5.0	1810.0691792745988	15.0	5.0	359.2544134023971	23.642025334767787	14.0	9.057533763761962
979.2916697612295	3.3915444894434015	5.0	1928.4545401355451	15.0	5.0	344.320630685381	24.9698862583093	14.0	7.05154328617995
962.1444614848225	3.26078342718075	5.0	1907.4017738817358	15.0	5.0	363.45616446529516	24.7272164977194	14.0	6.720118649688172
902.9577517193206	3.1436843903874885	5.0	1848.7469574373504	15.0	5.0	418.0151298158859	23.13765082676653	14.0	8.645680600671605
910.2533902857693	3.3121344211770936	5.0	1883.0933495275387	15.05913428242124	5.0	385.9999541400483	24.827910165977165	14.0	10.033066955376091
859.2459243097354	3.2913271848622747	5.0	1975.3972495396843	15.0	5.0	372.4130331300297	25.777765733654046	14.0	9.629177782604817
658.3498849359372	2.851933284594384	5.0	1927.1275312957769	15.011422158291438	5.0	441.1386112269419	23.093263044010236	14.0	10.84445873224844
571.5793935385702	2.885565864005962	5.0	1945.933216710988	15.0	5.0	441.8049510183147	22.3834117489744	14.0	12.15758409079333
579.4264076636935	3.3661330008788357	5.0	1963.0245790612883	15.0	5.0	406.2860283803824	23.51070962034752	14.0	13.908191022028191
513.0163794289464	2.8204976389938206	5.0	2000.3736175979427	15.0	5.0	395.52308534375067	24.367569178233126	14.0	11.765686714198935
480.84016223828496	2.6792816106142885	5.0	2111.6326643513844	15.0	5.0	369.6619566992385	25.34582867237178	14.0	10.961852336923785
418.117915960058	2.3267069847993906	5.0	2104.940429710245	15.0	5.0	387.7312950324678	24.296223817611516	14.0	10.839731800365907
422.16834866561385	2.873836844801272	5.0	2151.2249131299136	15.041239233452577	5.0	369.6693298733474	24.85173361057877	14.0	12.032450736497557
382.90525810484496	2.888742097183346	5.0	2135.1287233844687	15.0	5.0	395.50251459922765	23.629151357475777	14.0	11.939660589061997
369.86418237553914	3.1781731797054635	5.0	2072.107675333405	15.0	5.0	432.9767708980756	22.6253126595401	14.0	11.743663449732283
275.74552931513796	3.514548077280145	5.0	1913.4975701066046	15.008819775668552	5.0	505.6547822616385	20.57494688384253	14.0	10.078395092892467
499.6615811036515	9.03925671134882	5.0	1502.6631091340391	16.31431737233495	5.0	590.429688001904	18.15073375757389	14.0	9.790597992842363
591.2462629436143	8.164327419217646	5.0	1561.3705335126383	16.773902898031338	5.0	580.0544904442403	18.757915868320804	14.0	9.469703424531351
641.3977351235992	8.460958262498686	5.0	1446.417394605693	17.603359729424767	5.0	632.5293053314333	18.435931300796884	14.0	8.585624412559017
854.0556786888822	9.691581250931655	5.0	1303.5609984478574	19.08101450676034	5.0	649.6951850694446	17.86710074106208	14.0	8.221808462885932
768.6750383839491	8.904987427312202	5.0	1423.208166536299	18.96200284450258	5.0	685.9240082751435	18.33150120954636	14.0	6.812990549951018
755.4682360994607	8.17876907516833	5.0	1598.3020689847854	19.11253870256184	5.0	664.6064749879581	18.700538145033512	14.0	7.159484135902709
916.1212766997992	7.425999579322286	5.0	1840.0958534067333	19.30164207393792	5.0	584.9349184914176	19.837610540848708	14.0	8.448652048211349
1045.1681759416786	6.990569194578243	5.0	2057.392210550191	19.39566162927986	5.0	506.5609209335701	21.697172835416424	14.0	10.044473207513466
1126.0059093275968	6.795905721314889	5.0	2302.5966681251552	19.401365301678016	5.0	460.2788950382241	22.88562501011324	14.0	10.857698696808248
1288.6490769683471	6.556909982272533	5.0	2427.799651084275	19.43052198775435	5.0	434.78614808439715	24.09593722474753	14.0	9.534892764569982
1367.8510029091308	6.5300199059246955	5.0	2694.054288356087	19.419701913472217	5.0	378.69573527511363	26.52265612174784	14.0	8.568136726821077
1437.660496433204	6.424053299264454	5.0	2967.3490556563343	19.419697717485263	5.0	333.5996064378642	28.78168781831764	14.0	6.321295824670151
1538.2693669962398	6.545446053208641	5.0	3019.0682311308824	19.524055347435368	5.0	315.22173059851684	30.274925624604414	14.0	4.944592388722387
1623.5817644651754	6.880910819519934	5.0	3156.4838924551354	19.628265082915775	5.0	301.8328350845934	31.212257265257538	14.0	5.475415082613424
1633.978219849165	6.980709376324719	5.0	3156.980204371675	19.500169039129734	5.0	335.6793270643069	29.994378857034345	14.0	5.337435413202954
1640.1169017180418	7.1764884740194015	5.0	3108.228870788554	19.488181350372848	5.0	398.19729040447237	28.170811305667353	14.0	4.6390139961067405
1629.8040772322577	7.424468061176095	5.0	3133.5941259994197	19.33799564987699	5.0	422.5192067542636	27.629117382996597	14.0	5.707732265794647
1636.4479182853247	7.690874362580694	5.0	2989.8377072201242	19.362162517827656	5.0	430.6980335195046	27.314054212939315	14.0	5.148235748000178
1696.226025598032	7.826102364953828	5.0	2956.8291225579705	19.50070918414565	5.0	407.6160304705797	27.826414228084715	14.0	5.186262498325915
1690.8729680532765	8.081319134372386	5.0	2849.083405871602	19.597917532811	5.0	414.9554413153215	27.606311584285322	14.0	5.882464668029826
1748.4418889084222	8.645802692544121	5.0	2662.260878887739	20.0075138031858	5.0	401.1530160503485	27.78688550043504	14.0	6.0972640559935805
1823.5391267159666	8.662607520831534	5.0	2594.9285241621874	20.171181996423798	5.0	375.2192387000349	28.2186871989664	14.0	6.85612547819629
1873.1042403744648	8.798644710561181	5.0	2423.3507912636583	20.269089565147006	5.0	403.57493986929506	27.84762619203261	14.0	5.263097236325
1932.2212757809812	9.15503529905824	5.0	2260.391761905477	20.38842514703298	5.0	406.7560338168284	27.74635024573136	14.0	5.943218485290961
1919.5374596297233	9.101922135937574	5.0	2228.843739194906	20.005027527059237	5.0	418.87279145379466	27.552818174886852	14.0	5.810387825506882
1953.1009984615148	9.264026823335158	5.0	2257.027603947781	19.69875622449746	5.0	422.04921590241713	27.46252561293155	14.0	5.276442933038763
2031.0626115042294	9.293169965584472	5.0	2396.8763568857294	19.294264253025645	5.0	377.19761381478077	28.63201945114317	14.0	6.688328192703703
2039.9851025024182	9.352737703134743	5.0	2556.122608971034	18.865856602782763	5.0	354.31703633672754	29.326016388990006	14.0	5.518427558714125
2115.2787826297003	9.816604867231215	5.0	2583.1360599891786	19.015229855795702	5.0	361.1647052249626	28.29300027854051	14.0	7.109054652709894
2169.2073424065356	10.339251042079432	5.0	2581.098754816799	18.94935612225784	5.0	438.7711059687854	25.110741456727514	14.0	8.686306691086134
2239.523875259404	10.685087059250808	5.0	2700.4081771858796	18.890878611896493	5.0	465.1841007417815	24.099060557694465	14.0	9.091723789273656
2362.4973566042504	10.697941823877368	5.0	2919.6969979091687	18.99223754787308	5.0	449.2721238220649	24.65973351875669	14.0	8.519998728802662
2228.8100506336696	10.558795237472003	5.0	3134.915451665702	18.661441931358997	5.0	520.1786992674622	23.766763363493585	14.0	5.988190422175535
2260.121093496013	10.6704063262278	5.0	3194.3684159331533	18.642488513802164	5.0	555.0714265554017	23.23156242051257	14.0	5.492677841426863
2488.750516015955	11.168440132698782	5.0	3041.529595609803	19.052430688812912	5.0	562.9198909510703	22.529683504349602	14.0	7.2305373401229245
2375.3776083596817	10.728842678581392	5.0	3236.1480541639144	18.792099000354334	5.0	534.7784443729869	23.46816585173609	14.0	8.110094210008402
2258.8629929589547	10.200683936860482	5.0	3345.11997384075	18.41296778838186	5.0	529.8834536970273	23.913461216869973	14.0	6.985914725956541
2135.5587540385477	10.088631080732068	5.0	3324.52649232286	18.279608368218554	5.0	530.4433013683137	23.844676828991336	14.0	7.550076055303293
1865.1404222615365	9.649541451127122	5.0	3435.604905951108	17.87483020284823	5.0	519.2208643396623	24.397172432060156	14.0	6.831953720473859
1674.3614126213142	9.419278329080791	5.0	3492.5135947228764	17.50955218189841	5.0	514.3683473148209	24.25052436471497	14.0	7.481247621529567
1378.079796510009	9.265613936977191	5.0	3572.722566670465	17.127349154995912	5.0	553.4190844141317	23.580264951963972	14.0	7.245011043265331
1230.2401040511068	8.46092874559023	5.0	3888.3458778006816	16.896885994739772	5.0	527.724922749542	24.961791199070806	14.0	6.681153468807639
1138.2506774009144	8.009254203583827	5.0	4177.8810654666095	16.781603881438247	5.0	529.3958120157517	25.555136271944843	14.0	6.585427359060355
1089.0746950469716	8.245342715524584	5.0	4192.569172611092	16.775183998261124	5.0	592.2680999644875	24.260730573324924	14.0	7.721447497140817
1143.5447092960374	7.891296611705374	5.0	4293.914125721682	16.821904096879273	5.0	616.9039366849634	24.500877676477725	14.0	7.1507865785256115
1178.290028234902	7.4520636281008725	5.0	4336.960927483407	16.63611797440204	5.0	660.1545890828754	24.608844190141564	14.0	5.731719804932179
1285.2203626060475	7.408882229197954	5.0	4385.9712250419525	16.525642921721676	5.0	647.6331273400882	24.978869976451413	14.0	5.663940238625126
1506.8420012314293	7.912436074887274	5.0	4414.409723059923	16.706341430862373	5.0	597.2447221621048	25.707174001366674	14.0	8.773892548100761
1715.0343330534	8.067019223304406	5.0	4185.303152914102	16.88184340105956	5.0	634.0704069545274	24.979448628737416	14.0	9.420522658765567
1700.5855870245823	7.864863053624635	5.0	4175.007549346714	16.869345389727414	5.0	625.3032320960564	25.173248868140757	14.0	10.167147942277433
1866.6134044472306	8.20600666421732	5.0	4073.7289862440466	16.98544106054653	5.0	636.7008199560639	24.47800677003208	14.0	10.662323287039621
1902.7947935286277	8.800154213706985	5.0	3691.6645833597036	17.201764245205602	5.0	777.113209938572	21.82297325559667	14.0	9.676656591393813
1952.602314317609	9.297709198453015	5.0	3404.726830909574	17.500178035135715	5.0	859.9374226164359	20.63245657691809	14.0	9.966346215642824
1765.6583412203315	8.926107375290274	5.0	3403.7409667178595	17.367675194080153	5.0	966.9068689804084	20.120730484969677	14.0	6.788134816349346
1735.6033230453215	8.781619380956798	5.0	3373.7026929170006	17.740639622149313	5.0	1008.1780459072226	20.10626858300556	14.0	7.961097195752356
1840.8330567203552	8.68032731370545	5.0	3384.7685407902645	18.320856415605512	5.0	990.7751121007886	20.394224374215167	14.0	9.30344871283483
1956.7139354508163	8.609620700029701	5.0	3465.819024479562	18.835154971238357	5.0	991.9160526411856	20.5502362558719	14.0	10.996895609997276
2238.278651621347	8.669318268077477	5.0	3564.758824669142	19.527704407356545	5.0	924.0808737338662	21.327144048230604	14.0	13.802398241496448
2482.359781554373	8.671831065359118	5.0	3651.4085749293845	19.89483310058767	5.0	877.7775986930975	22.212503908893446	14.0	13.795611762146123
2531.3169933937265	8.287138014284434	5.0	3924.5504204083686	19.936847470873083	5.0	905.4267472581404	23.010231491063465	14.0	12.239524782666814
2571.9853998847116	8.215655978036274	5.0	3898.9736224683506	20.088637872716497	5.0	1025.6980630849087	22.771792271321942	14.0	8.357714303655179
2570.4683579403177	7.970484591599723	5.0	3745.290673939533	20.375533829009445	5.0	1153.6311514762504	22.249924296199534	14.0	8.426552999563723
2513.1456022709062	7.597653074627582	5.0	3662.62501411589	20.48719583453987	5.0	1219.674942557173	22.688843724260646	14.0	7.803100207089371
2412.507074372947	7.383861964743558	5.0	3349.959525957274	20.46517442126091	5.0	1382.6200764394462	22.906938891682945	14.0	8.763045748095134
2318.9766308878484	6.795418231190208	5.0	2952.0654231537733	20.337646611441993	5.0	1548.8120009015395	22.929629807282968	14.0	10.921890191412613
2336.5599436953685	6.37007871404814	5.0	2706.245163355091	19.958309641530875	5.0	1527.7098567824787	23.371975832079677	14.0	12.534968787279633
2354.56226959541	6.167081311504864	5.0	2576.445652336188	19.82923850593702	5.0	1436.0534198019536	23.556426274094115	14.0	16.549121179268003
2425.653123819855	5.838587143862326	5.0	2553.868288097684	19.64627438284739	5.0	1297.0920364383692	24.122178133436062	14.0	15.24138504285288
2534.987059391168	5.787185304383182	5.0	2452.8300574998425	19.482916365140028	5.0	1118.5205470349754	24.185793496004678	14.0	16.08221262480293
2667.4578680129334	5.832592830823387	5.0	2437.424597011945	19.683521682647406	5.0	920.2934574579205	24.75202806464433	14.0	17.26647752064018
2835.3559858933595	5.855513260401192	5.0	2599.783124280134	19.924959746889705	5.0	699.9720166540712	26.911406122585895	14.0	17.222979821211013
2987.0465262961648	6.018745058275776	5.0	2694.5627437337434	20.12657573138942	5.0	569.3964348861763	29.14694199507799	14.0	16.368244375700364
3044.4803285483727	6.210510355157414	5.0	2628.91988512084	20.317639996560192	5.0	565.5860204806366	28.769716248290848	14.0	19.799847494494525
3220.030924867121	6.462129907746715	5.0	2691.5666944303994	20.586962040019216	5.0	519.907602432195	29.890867672297436	14.0	21.71447856854171
3381.899781207924	6.82415616160474	5.0	2799.828215309474	20.841906543907275	5.0	485.42393730268594	30.7083401238064	14.0	24.182927850079814
3429.466991217454	7.156666090951352	5.0	2729.383182214555	20.81877027111962	5.0	535.1532408154394	27.70946722395832	14.0	31.359652484879977
3271.7232882608814	7.395451249275788	5.0	2589.0771812828	20.813482296259227	5.0	702.2509791999208	22.851621486548204	14.0	35.72830348457293
3122.396817827477	7.8623926193876	5.0	2602.3076303873213	20.89362724245798	5.0	830.4654926599776	20.5959814172717	14.0	35.45607888568958
3025.839655677494	8.379920571807903	5.0	2743.40647960342	20.858491830368223	5.0	918.764243153466	19.882877754463973	14.0	34.486307929166934
2831.7857264507325	8.924392243353003	5.0	2927.2853355644424	20.79224451284146	5.0	1047.0585410760716	19.417301666983892	14.0	26.97387048340985
2658.6015921037874	9.447505389819353	5.0	3391.5708674560697	20.628251234464443	5.0	1088.8890153412672	20.025770970752774	14.0	22.67550581776995
2598.6153739305255	10.011645478355739	5.0	3884.537799948706	20.72275537612041	5.0	1032.1461388989346	20.776465602141037	14.0	19.846552489761713
2528.542670262822	10.707606285150133	5.0	4137.0778734229025	20.896969107494307	5.0	1055.333613020978	20.9684882634363	14.0	16.03868688079214
2415.4529718759923	11.26356902684168	5.0	4275.183201099656	20.874410040123628	5.0	1125.7889606814886	21.226194942317996	14.0	10.389488499933961
2440.571467049057	12.087303783936926	5.0	4109.878133891878	20.739093611248585	5.0	1147.9567278574834	21.038429538063106	14.0	7.905430418564933
2441.194981262383	12.12175490859596	5.0	3956.725166797829	20.36189049774674	5.0	1118.6481996355026	21.46540844221189	14.0	5.799722007890961
2554.135435728399	11.999665170331319	5.0	3860.9346219580716	19.924850926898767	5.0	1044.1628827733127	22.005346414114996	14.0	6.425567469848287
2432.742468220468	11.357497058367748	5.0	4240.248050583423	19.246682240692817	5.0	893.1198241817938	22.938837745197684	14.0	9.235544528537977
2562.3504387216312	11.13102037226135	5.0	4431.07480295428	19.051531803359016	5.0	769.2169340005383	23.830189384375494	14.0	12.805784395166903
2600.6608435510684	11.10873523675354	5.0	4586.495240059218	18.838803358583394	5.0	710.5514136712839	24.706599549636596	14.0	16.240333395515517
2528.603701025588	11.029542223658666	5.0	4833.354217268036	18.627855659358193	5.0	690.0593010111255	24.774505039224323	14.0	16.821089779745723
2928.112877469584	11.443813749251238	5.0	4627.442386140651	18.82236083293414	5.0	689.8092778632321	24.65698857491312	14.0	16.39647120355482
3018.689131382431	11.367319625656512	5.0	4673.871445910044	18.781694243670984	5.0	677.286469189308	24.92724796400728	14.0	18.18729739460714
2767.144666952774	11.238680264841804	5.0	4959.180565535139	18.349988700482033	5.0	756.9498944555118	23.953191503437143	14.0	16.272068427515062
2837.8541163452655	11.32435305990249	5.0	5010.987858273719	18.011290520614917	5.0	820.5960343149512	23.56371827845868	14.0	14.192726829310901
2508.350297578503	10.574780520157715	5.0	5725.828020476058	17.348884391832232	5.0	799.3787789740404	24.1073578906546	14.0	13.999249075210436
1847.4100882939263	9.093784235133697	5.0	6897.244648259608	16.768935915420155	5.0	741.1086060095979	24.70392472493242	14.0	13.799770339931372
1831.966447816235	8.828328399532513	5.0	7320.930193942345	16.646349926730622	5.0	678.3843503984056	25.885163303859887	14.0	15.747763267706375
2224.2305970382745	9.14711547288822	5.0	7284.586812245633	16.687381629609682	5.0	622.5622797234602	27.00946526020529	14.0	17.490066480235573
2244.690483971039	8.781956564488675	5.0	7419.133467577289	16.743803452997703	5.0	581.6036124117502	27.798655032647265	14.0	16.746633686376494
2413.0672762148756	8.675218447627786	5.0	7223.191765287659	16.74559748683884	5.0	586.2110345036338	28.276441256671696	14.0	14.336930770840283
2524.290558325859	8.827548256077925	5.0	6781.892326561275	16.73069727658305	5.0	621.7889795095812	27.904264092134877	14.0	14.261566311859536
2511.967494238902	8.887634482395157	5.0	6391.426167070177	16.713959006731265	5.0	623.996173955064	27.77658111781486	14.0	15.69917858582066
2325.849840820371	8.47296319691132	5.0	6416.418549125545	16.478845115236275	5.0	622.2489793890063	27.726844778417597	14.0	14.95169880713768
2047.4747967241408	8.177181029970235	5.0	6474.559782509415	16.322713295759815	5.0	617.247445566425	28.525624987493504	14.0	13.489702981754384
1903.1231602003443	8.080992264878063	5.0	6213.519123265275	16.30297295524745	5.0	643.2174348374608	28.42512493998213	14.0	12.751971749881877
1896.400713370267	8.260817075958066	5.0	5960.483210596027	16.32999240049526	5.0	647.8807166084396	28.76634682722629	14.0	11.489829832652928
1861.7466207916923	8.50451234340703	5.0	5701.106067921053	16.40837544554245	5.0	658.6587130564685	29.175017324335123	14.0	10.607204163814469
1953.2896698789887	8.86277539111891	5.0	5355.9259497583635	16.574590952490595	5.0	662.4732969741109	29.198198851602793	14.0	10.941876787607834
2193.1601954652447	9.229970018556509	5.0	5068.115370257824	16.80837754087851	5.0	641.96513215427	30.22128931511657	14.0	10.065455145711699
2268.199889806914	9.365778429398425	5.0	4839.151207434247	16.960016310891522	5.0	677.586332594475	30.328257281106104	14.0	9.41500804617147
2325.152572962861	9.238165750379295	5.0	4824.69265689808	17.006686479472936	5.0	693.3080237179594	31.17491752117969	14.0	7.585674185028687
2362.802082306062	9.34415777276625	5.0	4720.89485790478	16.916532562516664	5.0	746.3437227519553	30.358842751461754	14.0	8.372612077400614
2426.534773478958	9.611155607070875	5.0	4714.770479633132	16.93836667198472	5.0	730.398328136449	30.690066174201	14.0	10.400232113365107
2285.0584969680194	9.371009679800565	5.0	4935.547730022016	16.781991851629343	5.0	717.8573333800533	30.635177704752763	14.0	11.033150716636966
2178.8878659941247	9.203904779313348	5.0	5172.284447824872	16.634845149008257	5.0	732.0419861994098	30.692937345881745	14.0	9.16670794561274
2189.094877085871	8.968451062723705	5.0	5352.473412678521	16.693575483904823	5.0	692.0472376868756	32.02034686879598	14.0	6.636016131914735
1985.1510940435107	8.452684812753121	5.0	5642.730755373512	16.56078764123726	5.0	696.0658014849204	31.854571708273365	14.0	6.997779958292439
2158.2331396983004	8.885243803418458	5.0	5558.758332034157	16.6330216138997	5.0	701.9127619025078	31.48245699469669	14.0	8.918643919082914
2276.7051892445775	8.92689102141217	5.0	5577.4743295996295	16.85163168338651	5.0	690.4275225594079	31.101809898165637	14.0	9.640413569153363
2192.090849061708	8.615374809987129	5.0	5817.349080017487	16.988920952935395	5.0	680.9392681072101	30.975545453070136	14.0	8.660491897190695
2330.499516928498	8.724574857042818	5.0	5704.586089225318	17.28779101885135	5.0	640.6727813805479	31.927925311479807	14.0	8.530296392373705
2417.445800152736	8.606735313271649	5.0	5755.767030143949	17.604528688265145	5.0	582.2969169964992	32.95703265979493	14.0	7.364140278703073
2357.4232412220085	8.27871344301529	5.0	5842.216365962687	17.82184830526663	5.0	529.7458029940645	33.41265721895125	14.0	9.547889834537841
2292.3769690771105	8.287810725964686	5.0	5645.01793262808	18.033717508545287	5.0	514.0736771994563	33.68565324540826	14.0	10.556395964052335
2318.7352964170923	8.15929039213585	5.0	5335.4251395522415	18.189795318583247	5.0	534.7909313099672	32.65033862040053	14.0	11.643371933734505
2372.2789722388234	8.033150409682788	5.0	5215.011070619239	18.413529092792597	5.0	501.5604224808068	33.66963086807621	14.0	10.953309770158485
2420.603692543633	8.27092638931962	5.0	5008.252374621671	18.575943787361506	5.0	501.4151890780275	33.903597744804635	14.0	10.924254487487932
2457.563875443881	8.369248213759166	5.0	4872.012904325589	18.777945438490185	5.0	497.0116282302156	34.45691617690977	14.0	14.084119462887802
2409.5722416458043	8.281434895716854	5.0	4738.922640409133	18.857805021314856	5.0	514.7831986206387	33.75467544995585	14.0	16.769906362427747
2322.6840019516685	8.209613647503502	5.0	4665.575382652496	18.836313276685694	5.0	534.876566584944	33.91271891183205	14.0	16.734456479071696
2306.7663906997095	8.215179867651834	5.0	4631.826848245301	18.942482702786677	5.0	544.625100069724	34.233106401539956	14.0	17.029549082502857
2295.216607898934	8.345717412658395	5.0	4628.15348058719	19.107767495914896	5.0	583.1084720434935	33.36437504543791	14.0	18.588796768595916
2282.3164108680585	8.336633683001583	5.0	4731.892120537873	19.02330272323147	5.0	593.7779089005744	33.086499260175536	14.0	18.23067823844783
2258.303858876467	8.549283232363482	5.0	4780.007590088278	18.85692096002035	5.0	612.8307648568288	32.32142773810437	14.0	22.299995698994223
2083.618180524781	8.706282070578725	5.0	4850.62911227279	18.52443112895943	5.0	645.5248116928778	31.767189046160542	14.0	24.090949555131136
2019.2019961158799	8.54207001738312	5.0	4992.5244528088915	18.180987910146683	5.0	614.3629815721242	32.548146458504995	14.0	24.65080342943481
1980.9718432131585	8.623613194403028	5.0	5054.12297649962	17.90560578878403	5.0	586.2500969437247	32.9363474335778	14.0	27.98212355654358
1921.4130528822686	8.457883420521577	5.0	5057.6074687584105	17.73659847812606	5.0	548.0624854741353	33.710220585306715	14.0	30.65708657329176
1749.7078425724228	8.214337667744651	5.0	5095.187103380164	17.442530639726638	5.0	546.9108353061451	32.97791343485511	14.0	35.91646666777012
1581.2369908485452	8.456347666341463	5.0	4881.68244319749	17.289924225166533	5.0	602.8851078263053	30.088694052608805	14.0	45.668138872305036
1299.5646882613485	7.857881582264204	5.0	4805.226421289847	17.05107000488644	5.0	650.445245503133	27.34527233522619	14.0	53.498870602897775
773.5276624087012	6.396043875173825	5.0	4588.75312285328	16.776623648248197	5.0	879.7857035335048	21.88773288371483	14.0	59.87197956880441
594.2662805412139	8.066495506247422	5.0	4170.560380448945	17.281202233794755	5.0	1041.649871128408	18.967324145245783	14.0	66.62852477925365
275.6031631068649	8.005298404544732	5.0	4106.6384956295615	17.294484977481275	5.0	1155.720803709858	18.098246150285554	14.0	71.63290156755043
3517.355039485358	17.101526716419272	5.0	648.7806619125972	19.488989998049657	5.0	1186.834961552704	17.62391546038252	14.0	82.8124658793841
3811.2255556177433	17.65288302793892	5.0	412.4156302894173	19.981430922944085	5.0	1125.5158300457808	17.95476646530688	14.0	102.10595194111465
3697.662592772287	17.631023738309853	5.0	887.8755993900634	21.372616018433813	5.0	983.8143021568044	17.994998967347836	14.0	125.48596051706129
3097.6830125562687	17.51996835520618	5.0	1742.9483122695794	20.878713371149438	5.0	937.8756392165826	18.085409109419103	14.0	145.20437195088732
3148.463052202914	17.785267745619823	5.0	1788.7886588995223	20.993228194926907	5.0	920.1403528642483	18.987846472358225	14.0	159.55515349280688
2874.4616350098295	17.551079239064954	5.0	2168.377291972453	21.651359049813053	5.0	883.1584240528146	19.293959225524414	14.0	169.97272104168565
2504.053539524834	16.962323137788406	5.0	2814.0943042344124	22.20783691350965	5.0	751.569390028014	19.91351701797545	14.0	183.60416827954464
1938.2663833991332	16.551209543809048	5.0	3210.160912320547	22.403176703506595	5.0	733.4057960577426	20.25783806048621	14.0	184.6232731031016
1786.4288044958885	16.34428888406968	5.0	3242.4967393663633	23.07284750602094	5.0	666.4387110765623	20.593077369906304	14.0	191.23685063964905
1751.9569609791872	16.408847241351328	5.0	3295.632070561916	23.65463566383883	5.0	596.9830603653382	20.91871505454861	14.0	194.40594337971558
1800.8700956227694	17.00527465515825	5.0	3188.296596493139	24.1948003742878	5.0	567.1212893123319	21.09893328604873	14.0	199.31672859459403
1910.971717302977	17.647541257383846	5.0	3066.22908364299	24.690512995949206	5.0	512.7340592234522	21.628102833213404	14.0	212.00777834204754
1767.8627046226225	17.50629619790603	5.0	3260.44766644275	24.70817188122533	5.0	474.2491225611768	20.887568357280784	14.0	225.79387853675874
1962.3863774597958	17.992893025549343	5.0	3063.160464441176	24.632165360984253	5.0	446.11289209913133	20.952817721748023	14.0	242.96074742612151
2583.4297120424167	17.826890876255412	5.0	3106.5930415247735	25.03344598695488	5.0	10.575231518337096	40.0	14.0	307.12370921906677
2261.8805664542892	17.11808540291312	5.0	3311.29716653435	24.218105873300463	5.0	0.0	40.0	14.0	341.35306222932155
1723.4263871755038	16.721857367490017	5.0	3318.530556303738	23.071524584835505	5.0	201.78231072587064	19.98390860027143	14.0	368.29618632311144
2017.9209260875668	16.633377167939525	5.0	3221.2680312107395	23.074620691926164	5.0	0.0	15.0	14.0	444.7219844092389
1869.346359978796	16.66378861188104	5.0	3124.1553814627837	22.39634399562257	5.0	0.0	15.0	14.0	511.5016154257358
1574.8599333749937	16.127800077237172	5.0	3267.009994084422	21.708581615017575	5.0	0.0	15.0	14.0	581.9651959508541
1680.6517119605196	16.17587115209851	5.0	3139.461901439228	21.399992094097975	5.0	0.0	15.0	14.0	651.4252881909005
1724.4687385075583	16.1815484874428	5.0	3085.3969225731903	20.86051834243092	5.0	0.0	15.0	14.0	724.7749473872915
2736.082255586433	16.84771546593602	5.0	2193.88744027754	21.38120565106851	5.0	0.0	15.0	14.0	783.3500928904264
2891.8565101497225	16.57506111439467	5.0	2237.1572894926067	21.2130547624212	5.0	8.242643336009564	15.0	14.0	801.076968388553
0.0	12.33938624011327	5.0	4400.170446746425	18.289918435496777	5.0	534.3327501158179	15.0	14.0	743.8082524312748
0.0	12.33938624011327	5.0	4275.366597539668	17.90402368074203	5.0	881.7222871203516	15.0	14.0	644.5252870243805
0.0	12.33938624011327	5.0	4353.490357817184	17.661721869834626	5.0	1105.1669253162222	15.0	14.0	551.3710504045494
0.0	12.33938624011327	5.0	4422.0207637371295	17.555067571924702	5.0	1290.7169162837345	15.0	14.0	465.2366296860123
0.0	12.33938624011327	5.0	4328.0818480190665	17.7519136444948	5.0	1529.1167860672501	15.0	14.0	388.4906634842465
0.0	12.33938624011327	5.0	4366.313011688756	17.902862442832536	5.0	1674.7896773321704	15.0	14.0	342.9897114692453
0.0	12.33938624011327	5.0	4276.758031930338	18.060210964789547	5.0	1894.1310249413352	15.0	14.0	290.24676903739004
0.0	12.33938624011327	5.0	3996.625669304175	18.326917501799294	5.0	2142.056361133971	15.0	14.0	256.8710143692216
0.0	12.33938624011327	5.0	3521.6775766239653	18.50020091307314	5.0	2438.514755089391	15.0	14.0	220.35010075959215
0.0	12.33938624011327	5.0	3050.8070009228754	18.74388135692861	5.0	2658.718985861744	15.0	14.0	190.8991365955812
0.0	12.33938624011327	5.0	3096.901276544243	18.931542027978015	5.0	2651.743072102889	15.0	14.0	177.11732003972693
0.0	12.33938624011327	5.0	3087.194484979619	18.94984020546827	5.0	2567.069073332673	15.0	14.0	158.5942765252296
0.0	12.33938624011327	5.0	3179.8885970968704	19.063602887561654	5.0	2369.563135139917	15.0	14.0	142.63057705870457
0.0	12.33938624011327	5.0	3836.215154346001	19.006095588575022	5.0	1987.4415702126316	15.0	14.0	133.99953537318632
0.0	12.33938624011327	5.0	4382.693924733081	18.86876651534896	5.0	1605.2267213613004	15.0	14.0	122.79426824120476
0.0	12.33938624011327	5.0	4742.591041851069	18.876322529815322	5.0	1253.8254757003092	15.0	14.0	120.47740146675949
0.0	12.33938624011327	5.0	4938.2214266268975	18.827381419176334	5.0	1047.5247053213125	16.542823984435152	14.0	118.68778364397653
0.0	12.33938624011327	5.0	4909.2988230573765	18.63825698119503	5.0	934.787016656485	18.817068908653436	14.0	111.34492593799202
0.0	12.33938624011327	5.0	4879.494864888037	18.59884802153278	5.0	830.0968782738992	21.081592365213883	14.0	107.84223231714833
0.0	12.33938624011327	5.0	4787.16618219177	18.65471683446703	5.0	869.3333216625609	22.085086942851323	14.0	101.29812838509922
0.0	12.33938624011327	5.0	4685.038495689414	18.78089718072603	5.0	941.000146088614	22.299629088210573	14.0	95.78380037582846
0.0	12.33938624011327	5.0	4605.9549175068305	18.878488253300528	5.0	996.0661250425422	22.877581281367053	14.0	91.61455791326532
4589.74105560311	18.889182036072004	5.0	215.51358069181853	29.0806921226575	5.0	902.9038831570695	22.109149832876348	14.0	93.27686817036427
4543.322330861928	19.185865413017048	5.0	146.7465510109382	30.33807304435683	5.0	923.0495312941202	21.877447115404546	14.0	85.40339824468852
4589.457729955782	19.10928187149859	5.0	233.8844293734184	30.64928802964537	5.0	887.582580775733	21.63624793953079	14.0	78.6759384131251
4572.24703837708	19.08845408052682	5.0	204.89889762722513	31.405917636069475	5.0	923.6448003207832	21.792157495305	14.0	68.82110731880574
4351.765214628514	18.939574674581202	5.0	244.82047368564957	25.77885268875906	5.0	1029.5349575951961	22.53257514386612	14.0	56.5843057830882
4355.418741146043	18.857979403577062	5.0	320.2852377610544	23.726169689870034	5.0	1038.9327410586184	22.266935118247485	14.0	51.35764274421665
4753.442871709707	18.978121154233136	5.0	40.17834875487597	24.793060034929972	5.0	1030.1293907872869	22.56631740564739	14.0	48.56352026339749
4720.931734142916	18.766362893901743	5.0	130.93330798608258	26.073414737469463	5.0	1002.8903484421319	22.69931620691803	14.0	47.45479394764316
4652.946454253886	18.452554903348368	5.0	228.22134183142364	24.62605536961552	5.0	940.9171894599465	22.549641407046945	14.0	46.03475083760021
4415.489946537267	18.40486960794609	5.0	485.49092651487246	22.134092600511288	5.0	945.2699162972805	22.295494854527178	14.0	42.27982260957869
4667.166505338314	18.68461451648784	5.0	106.3446663413913	22.38816190176893	5.0	930.7807530510862	22.496355344175146	14.0	37.91375018038277
4674.709555531661	18.38175582226215	5.0	51.81570444741867	26.126502692646596	5.0	892.9833640663742	22.68984109114057	14.0	32.72225408972774
4759.60806127897	18.350386167063064	5.0	25.629753514210165	26.220459816033962	5.0	855.1676558849528	22.647385952598505	14.0	31.41244933458944
4526.411219418854	18.03772593681909	5.0	286.0912989817367	23.080537190716804	5.0	812.4686801071475	22.85618263353447	14.0	28.87427014482654
4611.192596757631	17.934951310004543	5.0	306.27489000221027	24.749642137315327	5.0	783.3141141819107	22.946661554983137	14.0	26.6762639540612
4728.672339857981	17.922720345926944	5.0	392.49839336873134	24.80271082767791	5.0	749.5004259775072	22.857252613779014	14.0	24.781846229432407
4539.546152521504	17.475069348494806	5.0	722.4208626482175	22.739581320436653	5.0	751.01721293557	22.813508767442848	14.0	23.08785020983752
4852.799912829651	17.42187267910472	5.0	553.225714765132	24.143886354375464	5.0	764.8176353450208	22.500266071740022	14.0	22.24984390072073
5065.8558859309205	17.291874054013796	5.0	647.9799353267573	25.41494682187162	5.0	721.2396921389942	23.29325779723646	14.0	22.983396779884536
4847.799483170346	16.90945869774105	5.0	994.6193121604948	23.718677200253047	5.0	748.0246430933174	23.529579097081502	14.0	22.383725254067752
5017.511704918009	16.98082000067887	5.0	940.1181460408106	23.797557704087343	5.0	779.6513061261805	23.195214484411537	14.0	21.547807987524003
5124.271231394127	16.945780672450137	5.0	978.5211459930579	24.199788197206196	5.0	752.899087279961	23.38798584230672	14.0	22.158671705640973
4952.52357263519	16.906446832584393	5.0	1123.7538854319425	24.07275992072469	5.0	830.496984944768	22.72336438899525	14.0	19.948916026389004
4748.985298378471	16.71365252172839	5.0	1346.0812502708307	23.0957140433715	5.0	818.8185343030242	22.78868106851004	14.0	20.537674051836028
3961.1337232353408	16.369230186879467	5.0	1968.1138479986353	21.53891378321534	5.0	870.7601749899462	22.677767633700835	14.0	19.08802589397501
4308.9079561195185	16.824243376243643	5.0	1366.5014148370674	22.55294205352477	5.0	930.069917830311	22.21058619547763	14.0	15.818408349220261
4425.418769841211	17.016661750347193	5.0	1132.7314030916266	22.984148007287448	5.0	866.9587904220223	22.414899375528044	14.0	18.446863019895677
4264.28629324269	17.117834007185564	5.0	1107.7229625565358	22.39149678849861	5.0	877.8299720585974	22.044932394435232	14.0	19.43861228514976
4232.565698048137	17.158411080431907	5.0	999.2620563842094	22.793181341057036	5.0	914.5425431781426	21.51939517855424	14.0	17.3633028554632
3290.8835769904085	16.557037406010203	5.0	1830.148287205455	20.98220522134779	5.0	895.9821942434675	21.17276714100937	14.0	17.52489727337951
2958.126911103328	16.337241815662775	5.0	1999.6379570390563	20.516619972274338	5.0	926.8987586045014	20.88851184543059	14.0	15.615366079042447
3920.415058135859	17.19279672142777	5.0	831.1248746862855	21.822252640341194	5.0	979.202380930316	20.68135977687665	14.0	12.397549323581272
4047.706940087776	17.27428622247994	5.0	533.527231101203	22.43250544595956	5.0	983.2872487346266	20.342806747609465	14.0	13.14998997441741
3827.080174224908	17.00028649156518	5.0	727.0317700151877	21.485664984920845	5.0	937.8941156418847	20.385176918638898	14.0	14.020199335758015
4022.6501598721607	16.923506852265408	5.0	473.23721985918286	22.59654598879773	5.0	884.907573141713	20.67239281019346	14.0	14.957938206487077
3584.927428662656	16.43143488483235	5.0	741.5321414809947	21.234763312025184	5.0	923.9932371620781	20.613064061554237	14.0	13.880723767385165
3544.884051274146	16.51129984041029	5.0	737.9632275938325	21.04524022062879	5.0	886.5010944872354	20.828482005881266	14.0	16.790552397502537
3896.922639361885	16.692703132173804	5.0	312.57898079597095	23.62524431928457	5.0	827.7184351091227	21.007251091251373	14.0	19.700639849136223
3504.2306804955615	16.28400811709906	5.0	571.3835863070223	21.63674044533266	5.0	823.7585996500887	20.885417718006167	14.0	20.734435149413663
2940.4722327160935	16.112881605492447	5.0	977.9505682896383	20.551294186227125	5.0	806.7560873033152	20.68023983531583	14.0	21.588872593801746
2539.274792835893	15.986798907007914	5.0	1115.3509698394303	20.081559255186896	5.0	849.2184154739031	20.453105517787968	14.0	20.530277676629826
2840.8300999896755	16.46322343173307	5.0	560.7906183632695	21.03156772848983	5.0	878.3474673693427	20.520591455906743	14.0	20.7098190184532
2286.030090305063	16.31478236020242	5.0	961.3235939956235	19.47845171334976	5.0	853.2021075224153	20.280733339367533	14.0	21.960705491671774
788.2706516279604	15.24401691783544	5.0	2341.9922735323757	18.027332251002647	5.0	852.0977296588429	19.504923382373594	14.0	21.086196892644406
1576.6379552591438	15.588527917278723	5.0	1476.7878296956003	19.027847836990933	5.0	883.2655416678857	19.639018083609542	14.0	20.678199209894796
861.0762232141724	13.679515716061651	5.0	2199.829114871716	18.283004547950423	5.0	872.5868388418542	19.134323043339673	14.0	20.57984125169895
438.80383706799034	12.129526471818613	5.0	2646.916469402422	17.504605842752063	5.0	884.874112186355	19.162651049036697	14.0	18.76388588742544
905.0496600378282	12.800828773620195	5.0	2243.0777780739604	17.897863234155544	5.0	906.0661910617597	19.77017604799585	14.0	17.904527889167912
1020.161938925571	12.893682034127316	5.0	2125.708964392075	17.976514204038466	5.0	922.9287756684754	19.759378584877393	14.0	15.710546626251476
754.11540080622	11.412352233959759	5.0	2580.5506413927956	17.356228145519704	5.0	843.1894803038464	21.084410046026427	14.0	17.899569387506524
1314.5336410984446	12.95862578034955	5.0	1952.9529057203474	17.99762987483222	5.0	884.4893638071258	21.22345671420277	14.0	17.091343511635543
1449.0677503382844	12.683804835440492	5.0	1888.330579502674	18.434755474343294	5.0	860.4207904300878	21.34343185932617	14.0	19.0276083248559
1097.4161692125892	11.237512164871008	5.0	2261.4222778856843	17.90690346239337	5.0	851.9773397482232	22.037010298212422	14.0	18.878005639835212
1193.7299954423263	11.500166178310986	5.0	2070.7100596646023	18.415410905930557	5.0	895.4969527198513	22.014423808509882	14.0	17.287600491821593
1209.1752887524156	11.09172569879448	5.0	2213.468389348228	18.58451219855618	5.0	841.9068313059519	22.14562781670122	14.0	19.07592640144909
1269.8145215415755	11.588197882825511	5.0	2090.0984096812963	19.004974142647725	5.0	875.3654370791415	21.574871207764442	14.0	18.317499187508503
1205.9330654127577	10.957507254799447	5.0	2294.4331157253346	18.855582706155502	5.0	813.1934316816971	21.87725579950034	14.0	21.530731738131966
1226.7799064278659	10.259680775525991	5.0	2477.1585045537786	18.787463051257433	5.0	751.7351690895048	22.917210564748927	14.0	21.4917141640512
1264.6404036312863	10.429608103171873	5.0	2474.8149762798803	19.03540600078661	5.0	766.263839645092	22.35084700358708	14.0	20.326062959828185
1277.589578491011	9.86818997720563	5.0	2571.7941766424774	18.817403179777727	5.0	730.5941930512975	23.220929654390087	14.0	21.421378157765062
1107.9180750764167	9.684585228059923	5.0	2578.4320428469478	18.677698952110955	5.0	824.3460292095858	22.071165057296373	14.0	18.056569450992413
1035.2854770150004	8.939615967065295	5.0	2719.8269296694916	18.693983414208116	5.0	796.0094447896681	22.607691244608187	14.0	16.939767599750887
1115.4664272369919	8.93930374518046	5.0	2865.0775127862894	18.72413646692156	5.0	676.4022896311251	23.53024491945011	14.0	21.279753733281726
951.6154358641854	8.655709181282504	5.0	2871.3951981533087	18.51280223707386	5.0	752.3693172224158	22.809622267252344	14.0	20.49992417833055
903.3512274675052	7.825539795248679	5.0	2967.9582558829284	18.3650050961225	5.0	717.3493488733283	24.01093192137887	14.0	18.01372284221417
841.5925200822741	8.537410112039423	5.0	2856.0146118904377	18.37926722964154	5.0	772.1072783956325	23.063388432919815	14.0	18.343772743911185
604.8132645905139	8.364069575830015	5.0	2863.6840908301574	18.050346478374383	5.0	823.7756421270497	22.124506483055427	14.0	16.65095834459978
511.68928601500795	7.399403766709087	5.0	2977.2666823811246	18.04052265547564	5.0	785.842425512801	22.799825030000072	14.0	14.490063228350088
664.0594363950695	7.702379921241542	5.0	3007.4692590279506	18.18463297398479	5.0	680.4564237672128	24.629103441875053	14.0	18.726362787094317
654.678651582632	7.317794753491971	5.0	2962.316890894496	18.024943119944894	5.0	660.7362643852674	25.64101580946196	14.0	17.242966730892533
548.3167962090479	7.888720367027696	5.0	2793.178772998969	18.0827819553418	5.0	679.0336946567276	24.417902656662935	14.0	19.28758577984226
526.9002670573591	7.89216878367717	5.0	2725.5936990139094	18.06856973609736	5.0	682.4912857133696	24.462324531410772	14.0	19.111247459307343
473.06948912211124	7.116164104390027	5.0	2575.118079512061	17.833561430056054	5.0	689.3121038165734	24.5047725149266	14.0	16.99996540632702
526.184819056017	7.8746088479511025	5.0	2444.7989156297504	18.013041460111285	5.0	667.6921202166628	24.40646989186243	14.0	16.61159829267553
581.267555353233	8.597359383631222	5.0	2324.0819768723404	18.212244834238437	5.0	646.271705711581	24.617159140030015	14.0	13.335309773367689
576.6565272360349	9.797872197240505	5.0	2088.8226833540534	18.51724892462416	5.0	685.9163495088362	23.287327505634302	14.0	13.832408799253187
450.7020060386575	8.360680444820773	5.0	2321.34939735733	17.939365616481286	5.0	689.7476414452672	23.487753887113602	14.0	11.368003093143354
501.33300520220774	7.977239682102188	5.0	2577.311037319998	17.81696831800007	5.0	589.0541347123285	25.217173772117558	14.0	11.509366960779687
645.2219448507889	8.964199983747566	5.0	2675.1561707989126	18.10217822648109	5.0	563.5873309387434	25.582830421833656	14.0	14.318423237051075
652.949395671821	9.48729894372772	5.0	2773.612271292881	17.86193002219697	5.0	605.0527899208838	24.92844566313388	14.0	14.714786785513102
682.3647590803009	9.478997160602834	5.0	2933.7847233484163	17.7671736397319	5.0	588.6271735743255	25.542856018253328	14.0	12.327048738506118
622.5005818038728	8.790919500815269	5.0	3085.4665622585953	17.619016466595813	5.0	555.6550078535766	26.389978664903616	14.0	13.407034859107036
594.5969947083059	9.596498444140265	5.0	3050.079864252756	17.394922096645292	5.0	651.7490656698062	24.8330377056991	14.0	12.360907697992882
605.792874788974	8.960603666685397	5.0	3093.3519744410237	17.258481861920064	5.0	593.3748192714453	25.708801160460045	14.0	13.87866119296139
680.4824932729402	9.366410278553762	5.0	3030.7662079679712	17.25336938509955	5.0	598.2202827723346	25.796449162404713	14.0	14.519001175405533
882.6433574522177	9.3336284628981	5.0	3144.9529849180453	17.59229378364489	5.0	538.1478127349817	27.207879465054706	14.0	14.332010478330366
853.2882986846175	8.91323792693207	5.0	3192.4316031524436	17.483605890809947	5.0	558.053014824379	26.35711123157705	14.0	17.11077030410551
922.8335354376707	9.11500481657464	5.0	3145.666749505261	17.72009012224262	5.0	589.2626444610495	25.489597214764405	14.0	18.37571886844741
1143.100545230798	9.966435272723325	5.0	2982.3130820375995	18.250896974403677	5.0	585.9287095417284	24.862779537506412	14.0	24.719925935764376
1176.9685663910839	9.531724133252599	5.0	3124.9461930161638	18.33979021695244	5.0	518.9730538176437	26.37114288895566	14.0	23.895101704185947
1098.1070974229592	9.244677615296215	5.0	3030.4242220062547	18.396036342526664	5.0	543.8994148477432	25.557333872494294	14.0	24.57379217591272
1201.6153063780412	9.787047287850976	5.0	2889.699036792864	18.713703840130954	5.0	558.3722290461329	25.119450692350714	14.0	27.63930204160036
1200.9762784285438	9.518051157580626	5.0	2987.493009325848	18.653437106140537	5.0	546.8555523451512	26.76801553432977	14.0	25.94680177522424
1319.3491657019595	10.205772134908335	5.0	2721.2781438806037	19.055584700033123	5.0	595.931291873504	25.6364705994764	14.0	27.135568884640126
1296.7850701201812	10.546207143838124	5.0	2661.6439969449093	19.338737480493478	5.0	601.0360748107696	25.683502485615335	14.0	28.649478730205775
1450.6958885320184	10.748929303831439	5.0	2599.468262646938	19.441496450282376	5.0	586.731444876867	26.58311350169673	14.0	26.709388750562912
1675.867398521668	11.531657776010093	5.0	2298.6657544521654	20.09751504598553	5.0	607.8644629362985	25.66846150728745	14.0	28.194487148624408
1481.1128275617307	11.014522173492587	5.0	2301.6578826067584	19.8277240448271	5.0	597.529013056991	25.588164213856725	14.0	28.376507742479685
1415.2068430832396	10.75846908281093	5.0	2279.196862012639	19.598716331675675	5.0	629.3587505464632	24.86422560142271	14.0	28.913803447270325
1505.3103853993177	11.582538841150425	5.0	1852.617135809718	20.10246625712572	5.0	732.9976392495746	22.860271978540656	14.0	29.939903282836816
1224.3299129824452	10.890769063129563	5.0	1914.2550769216805	19.715131131446967	5.0	769.8917135448778	21.697392697207608	14.0	28.80174267748194
1078.756308514212	10.066641611626038	5.0	2021.3375413920025	19.377979974916734	5.0	815.503477751718	21.188497998302573	14.0	25.16157441297039
1011.0095215486402	10.618123368445588	5.0	1971.4093038989051	19.319958120147653	5.0	905.5922883913037	19.65812729853513	14.0	24.086977191835242
948.9027547605793	9.95776812697491	5.0	2123.5300913238925	19.237495837440825	5.0	941.1848788982361	18.8263035646761	14.0	20.193445744578664
928.1811576694321	8.330746832370552	5.0	2312.0329276146344	18.82515543716284	5.0	902.2416747531319	19.32377435846439	14.0	18.061700140200237
1167.5420890011083	8.86259224771101	5.0	2273.4981205582853	19.300119029643948	5.0	887.1057235143313	18.90277583207813	14.0	19.235692590999545
1145.7777090129382	7.649681090808639	5.0	2316.698367621292	18.927900529012373	5.0	887.1695720112111	19.998264610232873	14.0	13.666911682076138
1139.9095386479648	7.080261787726177	5.0	2247.615050074026	18.764686288757225	5.0	883.47191104544	20.310478166376768	14.0	13.679361427768097
1112.7744657118649	7.520839260112786	5.0	2042.2572989425805	19.173346646149867	5.0	988.3798428330572	19.827045722973686	14.0	11.521850681498774
1124.944868621194	8.40510740672038	5.0	2147.105853453505	19.846589050931165	5.0	921.1245094131577	19.646246404528767	14.0	11.165566020919092
984.0663835742341	8.833326325095182	5.0	1823.4448372772122	19.475314603913098	5.0	1050.7508589975241	19.295589103023577	14.0	3.3951912139312537
1086.1502876603897	10.432325264307657	5.0	1570.8546847130403	20.856170581997883	5.0	1041.1395745484529	18.24412507085572	14.0	2.5363962288559962
904.6087436614548	10.23283850960472	5.0	1609.7051204650134	20.35483265935127	5.0	1051.1910865050943	18.994926743681727	14.0	-3.361449172134748
913.447436357758	11.149516569466142	5.0	1642.0687866498688	21.622941736294624	5.0	1022.5816187458871	18.91691139194505	14.0	-1.4787877543887735
897.9232462501722	11.648936282540571	5.0	1503.2249803014768	21.507965366075364	5.0	1007.0181076893192	19.361681392489483	14.0	-3.2410121672341954
1127.7769135640733	12.641779997600752	5.0	1307.5698647645934	22.37511989253976	5.0	944.3940574338228	19.391615021480114	14.0	-3.857249455406512
1294.4571588587569	14.813167500399821	5.0	948.0764682581568	23.931431097955837	5.0	953.3767017305322	18.39163593151582	14.0	-1.9444792896104974
1295.7987403800225	14.035935460180928	5.0	1003.5767667732038	23.80284588310673	5.0	908.8656984029932	18.77317349074612	14.0	-0.8553743247556543
1083.7241026982626	11.823129778605331	5.0	1302.9867203247786	22.157354563887974	5.0	883.8083449796779	20.26250436953138	14.0	-1.1191602164887537
1244.5695256281774	12.516437747810789	5.0	1249.8094000900583	22.9089099151684	5.0	826.430090212273	20.066359306575265	14.0	2.022019056237663
1175.8032842901735	11.751631249795148	5.0	1374.674299242488	22.152915556577153	5.0	797.6792682881047	20.920326487023257	14.0	0.7064461345787826
1234.7471637137057	13.078195040730938	5.0	1037.1791656232608	22.885738711635376	5.0	873.8167345336802	19.781618937909847	14.0	-0.5015709289610698
1060.5939474056631	11.530321760800986	5.0	1287.6777269825468	21.724708112178952	5.0	821.5015396075569	20.750384787013342	14.0	1.012727185352944
954.1279433051376	10.123231286829977	5.0	1339.742500163833	20.35782564624566	5.0	764.2188407828423	22.013061886012462	14.0	-0.8158061229350617
1127.3663520185244	11.942251840642744	5.0	1071.9429642894713	21.882217671615006	5.0	765.8209275755286	20.566487498194082	14.0	3.5924694714555367
1001.0531650817757	11.500578176564357	5.0	1247.521027840756	20.927015676025324	5.0	763.6654580131068	20.879437028325942	14.0	0.44881087140214015
1039.2210574507956	11.822825281479815	5.0	1070.6390414260693	21.27265833383669	5.0	764.1801456247325	21.023541808599944	14.0	2.4126045204891104
912.0812687349242	11.076180310758913	5.0	1279.1629613363452	21.433825439210036	5.0	738.1598207445963	21.687637304661536	14.0	2.7388508195090546
999.9038583794953	11.061738948774249	5.0	1159.2933665277958	21.491624773808777	5.0	736.3603440768633	22.074078952069094	14.0	3.9227937676010063
872.0593527298167	10.688095322139272	5.0	1256.3530724991683	20.745599604489456	5.0	771.4141978924481	22.34296005109366	14.0	2.593542001137992
