amplitude_0	mean_0	stddev_0	amplitude_1	mean_1	stddev_1	amplitude_2	mean_2	stddev_2	amplitude_3
471.19035303393844	9.551033089091941	5.0	1310.3459524049497	19.871139694012545	5.0	181.41631962237236	25.61793265740473	14.0	3.3797566225777005
505.1376174931015	9.102790042121098	5.0	1335.4981799161872	20.06937622260238	5.0	160.41713830688224	26.347937652185554	14.0	0.9875958856498936
440.76231647880775	8.483482096873743	5.0	1362.5630222909165	19.87340070315148	5.0	168.8448694235064	27.201831194118125	14.0	1.7640779339313015
437.51021525702225	8.827127504264228	5.0	1385.5554927287933	20.072127306017624	5.0	139.7121257764107	27.68662435547865	14.0	2.7908867108542945
417.36646177011266	8.397154321639379	5.0	1378.66742378039	20.097722540104673	5.0	141.27324484046665	27.046761738196572	14.0	1.4050875536659144
429.86905532580903	8.299078501618759	5.0	1415.8695806812852	20.01126434362622	5.0	120.23891896213429	29.68007077141663	14.0	2.5594386593890746
407.05898884339143	8.256799135490665	5.0	1362.2067279124149	20.1764583328251	5.0	125.26983233759594	28.396597558790937	14.0	1.146560494792699
424.81722161713947	8.681434898925488	5.0	1355.6263570072852	20.505624093723718	5.0	144.18151200108437	27.280930435994048	14.0	1.8175326738892923
389.35605407111757	8.536079375850834	5.0	1332.0681312401032	20.200751615646837	5.0	155.0104546054386	28.255410857437308	14.0	1.2358735550937452
397.44666095101206	8.727202732358762	5.0	1312.8296617887695	20.476352250995756	5.0	131.70497966985616	28.81638491724126	14.0	1.3353774654358423
359.7655805850775	8.254227512888622	5.0	1309.804598940622	20.098314127696813	5.0	144.15937785859524	28.54606680659236	14.0	1.3639452201832523
346.0617759228789	7.7553059919287515	5.0	1402.4781037201685	19.80181123646949	5.0	152.14899154537818	28.67180103976323	14.0	0.40354914093164446
351.79384302643723	7.888048827112535	5.0	1471.9059462122063	19.944753303657038	5.0	137.184423651486	28.799295255114668	14.0	0.5185640337891558
336.0749509212674	7.787971730402687	5.0	1393.0068969677372	20.01863897928452	5.0	159.3886314188146	28.484731637236283	14.0	-0.2825110692601487
344.4314434126259	8.252055332981282	5.0	1343.9929826191	20.36820066911671	5.0	181.51086352958737	26.346531378393557	14.0	1.058315565615565
388.97666816123893	8.799118677814189	5.0	1366.4891302068495	20.49314639565131	5.0	173.10891313658146	26.665317914104975	14.0	1.9170769760317319
409.9691439256234	8.836223834100313	5.0	1321.965991834432	20.593383483519336	5.0	189.00162875861162	26.743881562296227	14.0	1.7576901520636488
348.62715513144036	8.272921945149253	5.0	1369.441180994132	20.272077239119504	5.0	213.52775979330542	26.43701864271034	14.0	-0.12724692395708023
369.46049594271045	9.361152860837123	5.0	1299.364461350429	20.433903249924555	5.0	241.41902283092864	25.439078626916473	14.0	-2.4900476130689677
422.59757765403856	9.277357942270667	5.0	1264.9853407496007	20.786677901275873	5.0	194.81965615009545	26.12941089113149	14.0	-0.21714815462370635
409.7679140198877	9.107707258181021	5.0	1342.358618077858	20.47292449769073	5.0	201.13433970648362	26.122326166407323	14.0	-1.1339977005373774
351.31205624892834	8.974500078372253	5.0	1338.2702152122288	20.27709374595076	5.0	191.73142870600583	26.561286900334704	14.0	-0.6976229737244034
403.3490779667304	9.290773839777032	5.0	1342.7726090814178	20.60617950093799	5.0	168.79767009752328	28.054039862469683	14.0	1.1499817873139635
384.7295075572821	8.661973729042021	5.0	1391.9255277948819	20.29683451452503	5.0	170.5198775231973	27.170295789420074	14.0	-0.6057507041362571
416.47191358187524	8.643789469999017	5.0	1442.991302612403	20.212146468130207	5.0	156.97303689194294	28.039297140634183	14.0	0.5586667174173905
429.12252968941243	8.372303524662719	5.0	1597.5122004730208	20.199488445941288	5.0	123.3667015152119	30.65711517513396	14.0	-0.9284100327768096
460.38186280943785	8.402432060616995	5.0	1665.9627433264677	20.484865723760898	5.0	106.92115827864842	32.86035480647374	14.0	-1.0799062938981865
408.82015552564695	8.449038881981055	5.0	1701.8493303694424	20.411969726713544	5.0	118.52641414028906	30.06318867426016	14.0	0.008370106890212406
408.54191678162147	8.098963800838852	5.0	1772.5783834778526	20.38528411490956	5.0	113.49187559147704	31.660601190417168	14.0	-1.5523300223683438
365.80444581894733	7.842899127082218	5.0	1706.3799189532515	20.291820168602644	5.0	159.98658148137545	28.06991253321853	14.0	-1.2841069647034147
402.7200327945414	8.08673659881126	5.0	1842.7884520215457	20.331060718411685	5.0	132.29519729956704	29.350777878845673	14.0	2.06539926699054
426.72466470320313	8.402532191061843	5.0	1815.9478782719539	20.60830354653963	5.0	122.80467410527982	31.009974068053626	14.0	0.13937606212031176
412.28725409231043	8.195215651314493	5.0	1892.440586554131	20.66390200034334	5.0	119.07898439183695	31.775978397774313	14.0	-1.4550409495101393
377.67329392305527	8.370259007228677	5.0	1899.3510710171663	20.57370159723214	5.0	154.04323724845847	28.92933433649068	14.0	-1.1674839047534282
370.4928568716874	8.570166530595072	5.0	1862.4690992510295	20.732905663376425	5.0	155.83879610300934	28.7099961630456	14.0	-0.7763259215766871
382.38313916618034	8.326430760109874	5.0	1938.072640130191	20.687123352023487	5.0	130.99912573258155	30.778627529625325	14.0	-0.16078791740452003
367.7341804598052	8.326101966633205	5.0	1865.708639154152	20.489121945703182	5.0	175.58665638574834	28.586636482547803	14.0	-1.0611358654211105
386.21556641411377	8.374486363713602	5.0	1849.6491868592132	20.15922706102686	5.0	175.78358051424598	28.890827845544376	14.0	-2.3397974870575164
340.42757671459015	8.361597059046323	5.0	1857.4762370888322	20.0184001434663	5.0	188.23743050247413	27.28857630738607	14.0	-1.5846543119307737
321.7178466046705	8.429800851030413	5.0	1825.83724074866	20.110457802669075	5.0	195.36003318385306	27.015563007817466	14.0	0.20111116325901462
346.4997740761428	8.696324243519669	5.0	1869.8226366033502	20.06137814839159	5.0	172.19744895937157	28.017995947094658	14.0	-1.100013556876877
370.1642750768625	9.321485677619018	5.0	1789.6265059076163	20.09149791238737	5.0	190.6480117777699	25.83280524054267	14.0	0.06159573613193226
316.9965766656336	9.70887058462665	5.0	1691.8200340266246	19.724861167221036	5.0	251.39121532388032	23.594037172357528	14.0	0.13872398328842214
307.89676122383764	8.752916553192776	5.0	1778.751737924573	19.534188028925012	5.0	232.59408069239464	25.054493415980037	14.0	-0.3642558015727792
296.4620923926372	8.480597392623247	5.0	1818.1165205243085	19.435661390867555	5.0	242.6650606228298	24.57985510219073	14.0	-2.1331346945532634
279.48477546199905	8.935892466781029	5.0	1705.9138853710408	19.275309865524502	5.0	251.75039848201865	23.846581678270958	14.0	-0.629598924614349
241.71033283334455	7.972608631634831	5.0	1796.9838315575826	19.12625127539724	5.0	249.8135282254033	24.536071248928263	14.0	-1.4388045290304843
259.57519959294643	8.044427533835755	5.0	1752.029156133882	19.157470791932266	5.0	236.16802244909036	25.214278280741674	14.0	-1.24320694909735
331.8444211913522	8.539773667877633	5.0	1734.8424595863796	19.240640189370524	5.0	218.00327728997775	25.297779273199552	14.0	-1.4086911762730663
400.15313204313685	9.385223303839682	5.0	1677.73546466419	19.448309673945744	5.0	232.6081544787553	24.49910884818025	14.0	0.4358020310120807
402.97413863605675	9.810406495162336	5.0	1690.5396681241536	19.32399183398253	5.0	257.6655642667585	23.376695851666966	14.0	0.7971391182175122
381.36624846233775	9.49881802662645	5.0	1754.1392963528212	19.105572725025592	5.0	257.29432166874716	24.229143384006996	14.0	-0.9394747150962937
347.95554484644174	9.540495969454893	5.0	1810.723765274937	19.099426649703037	5.0	276.7136804567315	23.95458266422681	14.0	-1.1925331921569535
273.80972295877746	8.869374308135537	5.0	1815.9571517410145	18.659471115786598	5.0	318.06363700132033	23.196964678869634	14.0	-1.6546547825395526
369.8226860709337	8.713428136017566	5.0	1906.3023646243935	19.068375127779888	5.0	270.20844970285196	24.818808979807507	14.0	-1.3775671495012356
412.3579790818412	8.8695415796834	5.0	1923.8182541643284	19.307951538297313	5.0	268.5720591293175	24.993945022966443	14.0	-0.0724853675257301
382.25939460425633	9.64284054978594	5.0	1935.8372926048116	19.02707377479699	5.0	326.9811191565301	23.31984771606775	14.0	-0.14768563124986506
432.6823018951149	11.127649009060667	5.0	1892.7721914180925	18.9814582060917	5.0	358.68300492946514	22.711615970748323	14.0	-0.07768792319472284
402.38571232261984	10.841445563152922	5.0	1923.5205518137793	18.867448791897687	5.0	409.5930290461884	23.310587411934073	14.0	-3.935486972629644
410.79535923531296	10.956541785662239	5.0	1915.4746477966005	18.5739491305687	5.0	411.90650486816827	23.599985989036366	14.0	-3.570888813915633
513.3439797915139	11.161391458168954	5.0	1969.8872703396466	18.87678475247103	5.0	333.72703496120914	24.20624476206773	14.0	-0.5530473203789629
546.3829965285998	12.080685510807927	5.0	1844.8828783790677	18.916229811293405	5.0	337.0916420199526	22.677790526991608	14.0	-1.8921012902594874
491.9486511053288	12.333526413213976	5.0	1813.1190057343433	18.850362826895186	5.0	334.30820575874276	22.006337525651713	14.0	-1.1213416286521183
464.8513565676603	11.03779040754624	5.0	1874.7544657694189	18.951208164047955	5.0	277.7568568372084	23.39978828739568	14.0	-0.01932642004150703
369.2547951149292	9.939396725201162	5.0	1946.1455121185506	18.85000619957613	5.0	267.1117682399079	23.872791663369945	14.0	-0.7707939081198548
370.71390930534267	10.202541497271092	5.0	1918.9151686844534	18.761279010024484	5.0	253.54211658034222	24.359749906652397	14.0	0.08318069269369478
467.5701845506201	10.752530670115545	5.0	1793.0596146353132	19.05774550769856	5.0	250.56251410063095	24.360584504662885	14.0	0.6136930004376364
503.01241517357505	11.190399908668905	5.0	1639.857248556836	19.23480408709272	5.0	255.9160169551072	23.689631438850682	14.0	-0.14957023404972397
409.72014960250567	10.613825889484861	5.0	1701.8900776240384	18.826147754607714	5.0	271.93774774609545	23.460511358856966	14.0	-1.4210482081458835
475.7717137170186	11.011874721546459	5.0	1617.1008898772432	18.74461236761704	5.0	272.23484628366873	23.327459748244358	14.0	-1.153722980962863
522.5828070953348	10.9372953086621	5.0	1643.3447119349992	18.819408444106866	5.0	267.40549963144343	23.307633394181323	14.0	-1.3141451037631187
590.5305921062005	11.396916779425798	5.0	1650.1507767828716	18.75000090398841	5.0	262.8994945785821	22.987417588363247	14.0	-0.2615997136531436
454.46174403972424	10.412601608508464	5.0	1742.529892442891	18.362654455015964	5.0	275.3529248162785	23.32673739352511	14.0	-0.9288579786097321
486.92203608995055	10.855363374622756	5.0	1659.9261193073758	18.67621463258007	5.0	303.32228460014085	22.79632335714543	14.0	-1.7503137447640633
588.9333463881842	11.818056244590636	5.0	1491.1311988579594	18.91883475939341	5.0	333.03396725644967	22.35874708646515	14.0	-1.9672148267360083
787.3187545793852	12.916311547406574	5.0	1288.0037173904102	19.124261451070318	5.0	344.98926728312205	21.76474523689106	14.0	-1.9143464711607303
807.9923633158699	13.207521041148356	5.0	1226.9871968173645	18.884413650512286	5.0	353.11983391288317	21.49454925040762	14.0	-1.652700853010134
622.9248152218768	12.173374600143218	5.0	1366.2520959735327	18.159777238786955	5.0	353.0071778766313	22.09711148013428	14.0	-2.2475725220033262
412.4465803536377	11.130936286974153	5.0	1598.7179765079445	17.692667835961235	5.0	348.80266551475637	21.555202542705892	14.0	-2.00242625865567
189.8598399433308	7.944635689451408	5.0	1925.610477644309	17.15326695598908	5.0	366.96600100698976	21.796414323359887	14.0	-2.821237712058368
206.43385355946836	7.817423053541019	5.0	1979.686816263354	16.988781780673328	5.0	347.5487366039418	22.38055696984439	14.0	-3.1090766266903813
214.6831804794685	8.109991015912488	5.0	1990.0403895288027	17.049905022072863	5.0	329.29102558073134	22.37025778061561	14.0	-1.2071559777773455
219.70260500990153	8.379134641231984	5.0	2066.9571390125275	17.222811073321257	5.0	325.7427760922426	22.16738437623303	14.0	-1.7807999614893948
171.13774012111702	7.594051018372739	5.0	2108.4483494098768	17.00453780041671	5.0	343.9852349388159	22.004412327777093	14.0	-2.4108343056636383
143.53597512626837	6.434174230660653	5.0	2157.2680172461955	16.888706242940295	5.0	344.6080252272089	22.49605444533165	14.0	-1.383707468869317
176.96511972991146	7.493791815826679	5.0	2101.221056612976	17.097395758776315	5.0	357.68984842344486	22.10882159709228	14.0	-2.2359593147686567
152.37508089305575	8.090884090603343	5.0	2037.6014697008957	17.01014176269898	5.0	380.0505389001502	21.643438316268448	14.0	-2.6276070512222387
176.0186736567256	8.057794660346598	5.0	2092.9421954346444	16.954788186652436	5.0	365.01884208185663	21.72133218308769	14.0	-3.3334007954076537
246.93007416245936	8.304878814103121	5.0	2152.3108973847425	17.06250356231269	5.0	343.64415664865504	22.262613352348783	14.0	-0.3272128653933582
195.73811343566467	7.197160558630588	5.0	2194.1949626266105	16.801037805344826	5.0	361.09854870491915	22.350093584750777	14.0	-1.749897986283469
200.34325019756858	6.7261357052613615	5.0	2289.6130227835056	16.637762329300273	5.0	360.53023039033195	22.323029856380742	14.0	-1.4268776968192298
211.2782863569702	6.104034077465895	5.0	2462.9315440351384	16.525846612395952	5.0	326.8212633854365	23.639867993686206	14.0	-1.3164226138612845
151.78045943872064	6.8239317827499235	5.0	2412.090266909114	16.315373653760563	5.0	388.2169941358082	21.797713471031322	14.0	-1.450058565542681
164.16862866749304	5.311549084525422	5.0	2615.618570809664	16.22816557328213	5.0	341.544240615757	23.13100933873717	14.0	-0.15403074865351252
206.41703397808794	5.786723301036646	5.0	2796.690255399139	16.279940448414674	5.0	346.9433879921224	23.528265387241415	14.0	0.8479661468542831
194.73000096360246	7.791206001243693	5.0	2983.950781683808	16.277963869301693	5.0	434.4607187817439	21.867433818598734	14.0	-1.079033788539487
300.3940397742155	7.78698388178133	5.0	3406.8603004890806	16.358540067793246	5.0	413.6032395770519	23.439636157958784	14.0	-0.8775463215141932
461.4359154737835	7.938237664743303	5.0	3512.023084874023	16.492548832380496	5.0	406.99383571868526	24.21113894166602	14.0	1.6293849127238336
543.5717265984595	7.46637821677253	5.0	3555.277888821409	16.623659632166746	5.0	436.72192138061996	23.064890414987318	14.0	2.124279787100943
575.9165145798834	6.326306410105262	5.0	3716.5437153480116	16.60476426015055	5.0	427.69223696784496	23.65606707613646	14.0	4.384336168735118
631.9492177387613	4.832431360710861	5.0	3796.66634713817	16.597261653417505	5.0	381.3868325142013	25.413803583555204	14.0	5.551492357957166
569.5137946339547	4.002812625246817	5.0	3568.579519285718	16.618753908855346	5.0	418.83695448776854	23.719472775777874	14.0	6.370710503841071
437.081936771829	2.9688706429856944	5.0	3276.280067117593	16.59109728488459	5.0	481.0726325166825	20.7920569245377	14.0	9.477261722998582
366.811949138868	2.1429264245466206	5.0	3018.4784821972803	16.589969961898316	5.0	504.63129909745913	19.462409980152625	14.0	11.4001551466065
331.9279274355757	1.0509065204100279	5.0	2876.4642008261844	16.5965923347673	5.0	501.4032758504559	19.351203320995307	14.0	12.583184841468833
289.55833520973306	0.0	5.0	2744.0960643623007	16.6448205989063	5.0	536.2582632549596	18.239774079593126	14.0	14.28726745414456
220.4661183239777	0.0	5.0	2677.522067143384	16.832153632130503	5.0	575.4420475712254	16.87797270343381	14.0	15.30609599279665
141.4332817565565	0.0	5.0	2508.0757899114856	16.879787896329503	5.0	616.3715397166628	16.107844908762132	14.0	16.095018290048817
0.0	3.0216325670626896	5.0	2267.4518282705644	17.107381283323654	5.0	738.4562497692497	15.0	14.0	13.220483979315002
0.0	3.0216325670626896	5.0	2203.846593945746	17.19552438276496	5.0	765.0597711028898	15.0	14.0	10.261718508254257
0.0	3.0216325670626896	5.0	2092.5544361007937	17.043443837246272	5.0	768.3886232043307	15.575246448794589	14.0	9.979760257083074
0.0	3.0216325670626896	5.0	2024.1149741135202	17.049181429583236	5.0	782.2697629866333	15.773967810437062	14.0	8.483809092864574
0.0	0.40137041583627003	5.0	2006.946951118849	17.042668273058116	5.0	766.4541508135557	16.034143995332215	14.0	9.724677962518737
0.0	0.40137041583627003	5.0	1962.993227295665	16.80411572513434	5.0	740.7801260574141	16.053163381500845	14.0	11.000661958423375
0.0	0.0	5.0	2023.7461796505092	16.72306348206996	5.0	744.8676246116113	16.29099678628304	14.0	11.010304347527606
61.958929648591194	0.2898797643640818	5.0	2140.2020676322277	16.47848282090854	5.0	703.1216153794037	16.92924069908694	14.0	10.21329774749
95.19135746431998	0.9509864585609954	5.0	1966.4693685140658	16.312232357455734	5.0	620.3038949144942	17.519611547568182	14.0	10.821987399612476
185.49573749522034	1.3704718857487823	5.0	2052.316397137015	16.54974218300431	5.0	490.46708821606586	19.14472457387673	14.0	11.803451647510055
240.84010836366485	1.9167258868658632	5.0	2151.5561286675957	16.97223240220424	5.0	481.1378824805883	19.59103096413847	14.0	13.459504832973458
199.51868324671193	2.5281976514011113	5.0	2092.1406701487444	17.217661258851756	5.0	534.225872929199	17.987203062845442	14.0	15.136308829300775
191.9640132725665	1.9986043754268599	5.0	2075.819589236046	17.048284149866937	5.0	558.4644913338325	18.11145600858759	14.0	16.77181338641429
164.11370231607995	3.499050137599041	5.0	2030.2447489797796	17.284171480833976	5.0	591.5388476590301	16.95811871895486	14.0	18.174350650428334
164.0711471124581	3.8632603343800285	5.0	1963.625417101169	17.41923855653598	5.0	565.8154324382477	16.896093396728364	14.0	20.52052092945541
285.93997651677466	3.035095423061385	5.0	2012.6143274453157	17.31256441052456	5.0	447.33075788676234	19.416211761057415	14.0	23.07977443562657
355.54296024008084	3.818147685075126	5.0	2048.7747275661623	17.355309227270162	5.0	407.19530546316133	21.446499468094082	14.0	22.086684145542037
388.70198896006815	3.8356792966230695	5.0	2151.0817193776556	17.311067864326436	5.0	381.764942405844	23.62315925645381	14.0	20.162514596834882
433.7526331612554	4.326116649354316	5.0	2122.309219424423	17.395497952973482	5.0	393.9511999645942	24.324623627799358	14.0	21.824695332615107
469.29519917928013	5.260367097801923	5.0	1872.483319809191	17.388505986014348	5.0	357.5350537126342	24.81693829056317	14.0	22.249509041544176
457.94300436029073	5.622782337353762	5.0	1775.8488505931857	17.312516733592744	5.0	337.537623979841	25.608541753069193	14.0	19.94608544385449
393.9415286772385	5.824506712834426	5.0	1794.7282614486758	16.998593757547656	5.0	378.69832334675704	24.91669797414077	14.0	16.934944644935694
394.34919370258285	6.106288218737603	5.0	1772.5826607366923	16.861030489037397	5.0	373.9164226301197	25.132819991240826	14.0	16.00225399804452
456.6784269480544	6.687175487963285	5.0	1735.134226582161	16.859262484984413	5.0	382.6640455293958	25.44687695955691	14.0	12.51498425883438
401.3519199599544	6.578690752114477	5.0	1671.8174730715477	16.64646122874053	5.0	395.5348916683722	24.658375693631886	14.0	11.257422199981622
354.1216976789759	6.659437620642398	5.0	1616.3769720925864	16.761182207480786	5.0	385.28338350376083	24.421836308802	14.0	12.55796443510454
329.5205312305961	7.0295682014890275	5.0	1590.4894125142714	16.861486504787692	5.0	417.8646828224645	23.866547972109412	14.0	12.948032686868638
368.95262409041254	7.60736917909179	5.0	1567.9175408874155	17.2239143185669	5.0	421.2407714137874	23.78121217180194	14.0	13.218424105952636
408.26429035689387	8.863625036838346	5.0	1411.8852177605029	17.59662852805463	5.0	441.41679077976073	23.261388634856463	14.0	13.45645383899982
525.9379839680616	10.709992189783268	5.0	1232.8116012248634	18.321103965629717	5.0	462.67170694462004	22.802974709778407	14.0	14.775968899439745
435.7843765485592	10.215556855874716	5.0	1307.2068753335448	18.19454075087636	5.0	471.9703521008498	22.646677624941855	14.0	13.53430871559567
396.50461250221656	10.147419133533528	5.0	1279.7293916386836	18.27013657962391	5.0	478.0883071224755	22.7968269851513	14.0	11.87635428863415
396.43047641993877	10.391093770864936	5.0	1228.1138235276198	18.45001639442487	5.0	483.7080557762832	22.88737227267788	14.0	9.005330684654611
449.88917396913837	11.185761063362964	5.0	1085.5649842847947	18.781833057742407	5.0	485.75141287209095	22.61298350618814	14.0	6.484070964392316
569.4664136210199	12.263782410310263	5.0	908.2290891701197	19.793887137374938	5.0	474.72862611497635	22.527126592613556	14.0	6.237406933756621
533.0594881885368	12.34645383591742	5.0	825.0047993017691	19.97207518163504	5.0	497.2910870502867	22.219606526391573	14.0	2.782584742672836
697.0525920457313	14.650065310452888	5.0	494.5737787432769	21.446161852446842	5.0	543.2767220393413	21.388571756336308	14.0	-0.02326533329546055
589.7401549279563	13.707007563699337	5.0	620.3702527689995	20.645093867965983	5.0	535.4026679126086	22.01520730838114	14.0	-1.2365638874926634
535.8408293846237	13.175091595567322	5.0	709.7876345833216	20.414077328349077	5.0	518.5328510116824	22.266509460047565	14.0	-0.19117249911517234
657.0198008750267	14.19938428971382	5.0	522.2230053482346	21.685542197591648	5.0	543.7348469511362	21.663070465438686	14.0	-1.3039896953381909
723.8228657523428	14.510967258959717	5.0	522.1431210894649	22.592060956152363	5.0	528.7292989150486	21.578380320665058	14.0	-0.7754727353482493
693.9339665543365	14.778368601687388	5.0	514.8486306951218	22.282438413945453	5.0	549.1876706676501	21.77425339644648	14.0	-2.4858020055133396
662.885527328743	14.893953439818743	5.0	490.84173585007244	22.463780270964694	5.0	552.7889103953707	21.635745138460393	14.0	-2.2071341052414257
777.0876299328465	15.635701542728954	5.0	411.1071495508047	23.566558494091584	5.0	533.0419681745115	21.707870861648942	14.0	-1.2481725414539715
794.8642881891055	15.751110121846603	5.0	436.54186264222534	23.57057820304127	5.0	541.4763708422421	22.059190400578068	14.0	-2.048108867638411
788.5002151183787	15.562168396984678	5.0	479.505034129333	23.30037117812201	5.0	521.6105380605514	22.326530936891622	14.0	-0.755182133227319
791.1758616317522	15.485372991724804	5.0	501.8480115686677	23.364408115160195	5.0	514.6011214064672	22.355502514218763	14.0	-0.7075951645650108
929.1347587637125	16.144753369807653	5.0	454.70570375470476	24.745258249093446	5.0	522.8631609705678	22.058267224098962	14.0	-1.5275623958972306
983.2661913621032	16.172366816329575	5.0	459.2889416191102	25.017480502419364	5.0	545.7853694798317	22.28359750394559	14.0	-1.2266880075256654
982.0847999091546	15.957663278364377	5.0	502.231734439372	24.705099487489626	5.0	577.2388977410764	22.644731472965084	14.0	-1.3371055546706876
1056.6193689378126	16.237025070020124	5.0	531.7351049783078	25.20421333464231	5.0	601.203853213911	22.878426343223698	14.0	-0.11992036279288786
1068.5702724540934	16.017157580926504	5.0	624.0956909400359	25.361789711255252	5.0	620.2057407410673	22.96935116778543	14.0	-0.3883970026513693
1160.1803765716227	16.087929102949232	5.0	624.3720749148572	26.070694945022716	5.0	624.5952983241689	22.843443045622514	14.0	0.09963244511667656
1193.750491029811	16.02563537192847	5.0	641.0282165130978	26.072803879823343	5.0	602.8696551792746	22.963842409548413	14.0	0.726454070921034
1171.9366814678629	15.80695713174067	5.0	665.5056802086224	25.687495354071054	5.0	573.925958595843	23.427997185384957	14.0	0.7916978783048232
1232.8073764359503	16.242672018525838	5.0	608.8795051636356	26.694000195507265	5.0	550.7392363708567	22.634711208001654	14.0	2.4955299946570726
1283.3114982973195	16.409859825353593	5.0	668.4058055703539	27.214049278592626	5.0	529.382746966132	22.56908694566557	14.0	2.8214451409025294
1373.7572400113763	16.452519926015764	5.0	887.3289680264206	27.67706107586031	5.0	495.0819512139061	22.11666994853299	14.0	3.2358777481096936
1446.2248744127512	16.306764153116497	5.0	1187.53221291669	27.724875134427112	5.0	465.1954881196314	21.8824221478951	14.0	5.053815146209016
1521.7042987030147	16.476695748497047	5.0	1435.355743771821	27.66773614386042	5.0	468.6216033460546	21.66377068855576	14.0	5.234656479372973
1687.2481392442348	16.471435281518037	5.0	1790.482427731476	27.707958124757358	5.0	444.6742217958381	21.847974563688176	14.0	6.027927406833099
1791.872802195724	16.907639016970325	5.0	1998.1219797818053	27.886522252932252	5.0	462.3705044090611	21.245853195906186	14.0	5.422216016706296
1975.075725944885	17.345463983251246	5.0	2145.908515177186	27.972683770030358	5.0	468.3189816870165	20.552798473073207	14.0	6.505098133437733
2184.906360178017	17.327836884169304	5.0	2530.6391844289788	27.543921952130603	5.0	460.6683132090439	21.491622038084746	14.0	8.558786758406319
2298.544187816497	17.538791905524956	5.0	2873.7180730481095	26.95550930622802	5.0	543.9824459337798	21.788918377294472	14.0	7.06041180155112
2755.6964374771223	17.990994607758815	5.0	3173.539712889024	26.997499986430558	5.0	593.4170758278954	21.511037752343697	14.0	7.610764684041354
3178.062448703263	18.14588467764953	5.0	3581.8582675141065	27.041157829567844	5.0	646.2020120937492	22.003268241575803	14.0	8.6905969227534
3600.9175914577195	18.39208498354817	5.0	3659.12227755172	27.122188501219217	5.0	695.5759164144083	22.33962162307574	14.0	8.545087166453165
4110.056407512621	18.53643444435057	5.0	3704.346180194145	27.40363624691994	5.0	729.5777796771428	22.34063824294351	14.0	8.89919678114463
4460.856529830872	18.68824145665404	5.0	3749.3117113952558	27.17513933919081	5.0	819.1139963559141	21.978059332844747	14.0	6.123399423854336
4672.772872595468	18.59893598816963	5.0	4177.709513167781	26.87376538213535	5.0	768.1407701194946	21.408058949611956	14.0	8.118167727488927
5011.550980875665	18.525259111406466	5.0	4504.599726223516	26.743569613120325	5.0	703.0228093334287	20.770137940664284	14.0	10.517467143824794
4979.683913731344	18.603123339895685	5.0	4964.344927087187	26.46831238571065	5.0	737.9110230584214	20.30867789016074	14.0	8.792300149700084
4424.738709272811	18.01090333658398	5.0	5926.882056854309	25.998395410695434	5.0	694.3515315250739	20.550820268764184	14.0	11.194906862145793
4521.442611962239	17.85179041219394	5.0	6383.914911087564	26.1083957999192	5.0	575.6852948582688	19.892542965221075	14.0	15.105081908474341
4424.646184453164	17.809241119705202	5.0	6908.916020128712	26.277055324895894	5.0	482.1281152876895	18.298658782284	14.0	17.10231800359446
4199.2352557149925	17.56272207073812	5.0	7333.944200933843	26.16350893972171	5.0	464.1617918683327	17.879733546306436	14.0	16.87355020689035
4019.2420978172304	17.35484535013082	5.0	7852.954797432935	26.159165175879124	5.0	426.1276151680088	17.248105410346803	14.0	18.42709816309112
4029.193341937598	17.155487574047203	5.0	7876.3716989314125	26.31883146504374	5.0	405.96654901021816	17.407480599617493	14.0	19.236137628893694
4189.105600518951	17.229507258578714	5.0	7538.923694579266	26.51145650154394	5.0	419.2721497824243	17.403932714466997	14.0	16.78823552781931
4026.5249254743544	17.222091811286496	5.0	7380.7592091876095	26.439470804079797	5.0	443.67837962330555	18.127552778993866	14.0	17.17024957399813
3941.272657601708	17.34057251527453	5.0	6961.595577637124	26.255985062334293	5.0	537.9019822398844	18.89979674959198	14.0	15.461957161129689
3930.7264861549907	17.404984217776985	5.0	6781.525824074746	26.01394874494279	5.0	589.1021403788562	19.115783430729838	14.0	13.036087317564945
3758.59687445554	17.126718120728253	5.0	6949.722994347738	25.52000257665701	5.0	589.6755661249856	19.993683276432556	14.0	14.189028264526542
3379.6564639919156	16.560371518402253	5.0	7359.056817325978	25.01624430159165	5.0	579.2895933613291	20.50956573826303	14.0	15.388495553066413
3356.4225366528626	16.696297676685095	5.0	7229.82130318514	24.783675859429987	5.0	594.9102523251099	20.188394131249858	14.0	13.9437459567352
3114.446829202365	16.27327007781403	5.0	7498.774530196814	24.53214524064045	5.0	529.601531098053	20.08561846189097	14.0	15.633904200864997
2836.138994102748	15.52193106268393	5.0	7959.161327041999	24.365979187406637	5.0	439.9315038029299	20.55909601367479	14.0	20.15939552966596
2621.0677640587824	15.253587800805802	5.0	7998.201545862886	24.272121954089883	5.0	431.84836707874535	20.786158076175482	14.0	19.641454542262366
2629.9586786122186	15.213629315406028	5.0	7999.792932797798	24.412310200728747	5.0	371.27473634349855	19.717587459445458	14.0	20.741703837951754
2418.1219056430114	14.764781478612509	5.0	8419.974671421152	24.37276176009074	5.0	310.36309918803266	19.76689874293666	14.0	23.421056466128803
2292.2191610300856	14.69058404467834	5.0	8462.378213377655	24.366373144943335	5.0	326.51838906804034	20.090206769475532	14.0	21.821212452719532
2373.1271021263	13.989235220384385	5.0	9253.421470203175	24.29402459524679	5.0	124.36510022138182	38.25096035949275	14.0	25.367957362461453
2298.6767480944804	13.64072682120898	5.0	9924.24177803118	24.30054798400855	5.0	131.90093872922915	38.62677153844698	14.0	24.30184314033201
2363.116568279088	13.476861015590798	5.0	10537.023643788418	24.32919343364665	5.0	131.62967781150184	40.0	14.0	24.488754467252907
2241.5777800748965	12.929500917959231	5.0	11386.893585523001	24.343119489891812	5.0	132.05202944678695	40.0	14.0	23.023137623934847
2258.7887437318036	13.001901702317092	5.0	11778.739290226928	24.477650909340625	5.0	140.7657282905693	40.0	14.0	24.374353471672755
2277.2825628201913	13.133622193123031	5.0	11801.644362449226	24.478958718286897	5.0	211.37736662494584	34.39256731155398	14.0	26.38193724093318
2157.7895181741883	12.936606546845988	5.0	11962.217317823943	24.445065470322795	5.0	267.25059428049076	31.70188290782334	14.0	25.556551552720176
2030.5162709222152	12.51002224873075	5.0	12315.201163641226	24.31994962944288	5.0	252.11323733523432	35.086204449236256	14.0	20.57360762597912
1945.3363406825645	12.348586039280471	5.0	12500.577421490554	24.173001931681604	5.0	290.8959541742164	33.73875479393744	14.0	18.56792311991754
1853.8067579408103	12.246258137759526	5.0	12743.536156875924	24.006381166613068	5.0	304.3307950591054	33.23762352680842	14.0	19.667771743339795
1859.3927477504471	12.206008126177087	5.0	13123.516417010604	23.922946981782356	5.0	243.9278032482036	36.37257511096477	14.0	19.71904417306015
1810.9551226096335	12.133854005021615	5.0	13245.79941370567	23.915558172823737	5.0	259.5195141127651	34.84265095423991	14.0	22.289716876260282
1697.3993242517245	11.954141818852037	5.0	13037.327858305855	23.885802105003336	5.0	351.0132540664251	29.567107119324035	14.0	23.736376168679996
1596.0826304519942	12.741028025732078	5.0	12790.238236047015	23.963488971498208	5.0	493.907503825523	23.422370349077188	14.0	24.51211232440161
1562.8115841773688	13.008765054653395	5.0	12530.372772793009	24.036999515329377	5.0	568.0415317224977	22.915934178131177	14.0	22.11730740041042
1429.742705260027	14.09463027398435	5.0	11677.220542419993	23.98845831071359	5.0	834.6919438375755	21.729266853861716	14.0	10.492735019914194
1910.2610768219945	16.61525753579712	5.0	10358.709463466588	24.266147495972938	5.0	957.889698388913	20.449900647241165	14.0	6.365131190960992
2076.0225410088897	16.547369922230995	5.0	9850.79666957955	24.34806382569734	5.0	969.9033896458085	20.624960636429382	14.0	5.883693420462091
3628.702673309722	18.58831171464129	5.0	7756.32055657844	24.98712140867447	5.0	1076.578317802827	19.890567542631878	14.0	0.8905155062294464
4623.841683205124	19.0573023734339	5.0	6377.023729135846	25.537645278249485	5.0	1122.2552045105947	19.779195484993995	14.0	-1.0552099967958513
4655.514119005084	18.663814859039185	5.0	6276.961122832091	25.692901137256808	5.0	1126.8794776665318	19.929263258260455	14.0	-0.8544915000715189
4842.990086716829	18.53069843365453	5.0	5986.712089698529	26.049223180965505	5.0	1089.9594177992983	19.6756316457059	14.0	-0.1640170915136626
4695.911426749161	18.19340842212331	5.0	6134.9202211816555	26.166825604935074	5.0	1011.0593558124114	19.22248660612147	14.0	2.4722485840345945
4669.116251452141	17.718171648768525	5.0	6047.45919482574	26.371362882866688	5.0	913.6820717788012	18.644227214669268	14.0	5.083573770827579
4645.461214896666	17.43238258245914	5.0	5778.486237104266	26.49283187122981	5.0	889.4465265719259	18.454740421383487	14.0	4.7052508507564
4122.839486217679	16.991719791218607	5.0	5557.284445896309	26.267970711373824	5.0	965.3209685125886	19.22497755105059	14.0	3.6569422889505065
3741.5285956074476	16.66684714197014	5.0	5154.136543511811	26.115844863800536	5.0	1041.513061044251	19.735324281790607	14.0	1.2785732122059712
3709.9941812946054	16.676266400305366	5.0	4802.932946633991	26.11146932141286	5.0	1063.8245141548339	20.14936882362327	14.0	0.5698776934855218
3456.037798658662	16.703228912072554	5.0	4618.462431494671	25.9535385943932	5.0	1091.1940931415086	20.72278270552216	14.0	1.4755140465920438
3118.889925251608	16.716504767623274	5.0	4578.822383598506	25.82290386061865	5.0	1140.4053231072046	21.145619405581094	14.0	-0.4381768424757314
3052.780273605112	16.73165402431986	5.0	4522.584269740838	25.87928027236177	5.0	1114.6977645854847	21.517839183601282	14.0	0.9469739547744715
3131.644962349851	17.038100628312044	5.0	4210.668878906093	26.024922497501255	5.0	1104.126043414553	21.435316199514016	14.0	0.27824320603084596
2992.9400737840483	17.086343476117754	5.0	4061.820854335903	25.846479758319298	5.0	1144.5266924127031	21.830968562913807	14.0	-1.3321082929564059
2933.5203123071014	17.090657080485652	5.0	3906.5268047599598	25.719587324725417	5.0	1098.953983775841	22.083932455547632	14.0	-0.25253267503056476
2910.16596197525	17.384762798249383	5.0	3668.918269491321	25.756047926322836	5.0	1085.0596452401687	21.80879651065167	14.0	-0.35830321729609366
2657.3575243935247	17.223130579207343	5.0	3615.047497657408	25.533852915172965	5.0	1137.4537877546961	21.836606741143473	14.0	-2.8115261594658545
2614.401980713452	17.240897887969748	5.0	3445.842630344958	25.57298532732617	5.0	1147.1225431351168	21.721147576851163	14.0	-3.840970926665777
2620.254244158764	17.10171579674021	5.0	3578.753277284312	25.5932973027017	5.0	1087.2475982987035	21.66966822450324	14.0	-2.601905174442875
2607.1893107280994	16.713881521755734	5.0	3585.838127923407	25.561609860544106	5.0	1062.950089554881	21.958290931172176	14.0	-2.6006350972570753
2572.58709126774	16.593894853968298	5.0	3459.6090288698992	25.567776514260128	5.0	1086.825395166972	21.929068376333387	14.0	-4.635631122026741
2579.291137686441	16.865081865735878	5.0	3451.240392703292	25.596312191431867	5.0	1131.6837236039974	21.663149032833683	14.0	-6.363271807893216
2583.6835625283406	17.18639891852479	5.0	3216.3536158025613	25.632682341745838	5.0	1233.8169605727107	21.656974727054333	14.0	-11.8079279288737
2845.141162836837	17.99028019803513	5.0	2787.9427711471726	26.082161297592876	5.0	1320.6142427585578	21.276677716478293	14.0	-15.68869679134519
3474.17136207622	19.259838125845928	5.0	2239.8845722188003	27.218267706550304	5.0	1413.456110821749	20.744084367876624	14.0	-20.36426067952343
3632.5775076526297	19.45202057124063	5.0	2226.466239897482	27.33542425854319	5.0	1427.5015782592343	20.83472321451271	14.0	-21.23333135917355
3467.1252069716106	19.06877715481584	5.0	2446.776160908342	26.665614569710492	5.0	1408.073186762082	21.266102241077288	14.0	-20.413528151834896
3290.1184122336276	18.914953565717845	5.0	2529.4073446009625	26.191377814421397	5.0	1398.6812883241457	21.390282060381324	14.0	-20.84873438601086
3489.710826882488	19.100228000359756	5.0	2411.566750841199	26.65371268451849	5.0	1323.448776711463	20.978110542885616	14.0	-19.261217457025538
3177.171497501573	18.54247980951772	5.0	2666.369102412834	25.89712543476465	5.0	1276.4871810990198	21.3370649459645	14.0	-17.606065363625852
3301.468700724302	18.226647932868087	5.0	2671.376972481251	26.073202001915764	5.0	1188.7537374937308	21.220960558173292	14.0	-15.055248047319093
3780.6641072631887	18.012378147114173	5.0	2635.9888458911155	26.86562914419659	5.0	1022.0457949953449	20.91109718328474	14.0	-8.125315682522713
3881.4265988970224	18.0009727865458	5.0	2583.523854255925	26.98425964721278	5.0	1010.2656703981964	21.007596396132204	14.0	-7.058397636804314
4124.913482261451	18.099952270929066	5.0	2413.119285021261	27.631199121388953	5.0	917.8410298419809	20.88853430893296	14.0	-4.374161466243897
4230.249857285492	17.976498231930304	5.0	2308.088289871507	27.81337707755026	5.0	839.0120761590381	20.90075570603171	14.0	-3.5339155652204397
4106.625453369595	17.702806168716375	5.0	2170.0228378617026	27.67747945459726	5.0	821.0860384612585	21.25513303079497	14.0	-3.2552358010942957
4053.2568689728987	17.505978440021636	5.0	1990.8551504974528	27.935177616654283	5.0	733.6415707156843	21.384460957826835	14.0	-0.5221791060045197
3479.9958430774464	20.0	5.0	570.5769371798556	31.339045531465448	5.0	1576.7394937412485	19.201903608572362	14.0	-48.23711966771238
3355.2624673323435	20.0	5.0	468.09227483157593	31.591194396362052	5.0	1687.8684219291122	19.18213987682104	14.0	-54.241816824318946
3454.77673809886	20.0	5.0	523.9319652307115	31.641853897955755	5.0	1657.412893188344	19.07936956994234	14.0	-53.361217236541385
3374.798551876199	20.0	5.0	542.859042100187	31.744066041146933	5.0	1693.4231015238986	19.073747498989878	14.0	-54.96226415285311
3144.086855814412	20.0	5.0	579.063773026187	31.446844878389463	5.0	1722.280901557989	19.10301414741628	14.0	-54.795943843527915
2890.3854600120144	20.0	5.0	685.793841619454	30.866208567538486	5.0	1706.742964379159	19.156559024576573	14.0	-55.26792103516967
2762.5760187699952	20.0	5.0	870.6137868924302	30.451090430921603	5.0	1610.5524766927144	19.01766983377188	14.0	-51.165467364749155
2679.572852457078	20.0	5.0	1060.734353513903	29.91278887683487	5.0	1501.1273722415597	18.86783174518093	14.0	-46.64084232757254
2483.01958397548	20.0	5.0	1155.4308571077247	29.41023771509664	5.0	1460.3115237306806	18.939137672852404	14.0	-45.93624443775999
2324.926884639003	20.0	5.0	1301.820827888314	29.056508036559276	5.0	1354.7342482856232	18.84151874512195	14.0	-40.39776059599113
2090.5163749210556	20.0	5.0	1499.108738913082	28.660133820148776	5.0	1223.5199624578763	18.67544970381864	14.0	-35.54003046518644
1820.8757108035572	20.0	5.0	1662.9003598037268	28.320944026428613	5.0	1089.9755429442866	18.58329854399758	14.0	-29.407466079262097
1679.6075669883744	20.0	5.0	1757.0291066643836	28.4370577501095	5.0	980.8258877528071	18.511075440365698	14.0	-24.59702986474146
1538.7616522729631	20.0	5.0	1809.9995264386869	28.38426986024196	5.0	943.4832887278362	18.42759266334599	14.0	-23.091165545324294
1365.8266077787678	20.0	5.0	1839.5114769248116	28.346579910584953	5.0	945.2369707278186	18.458302577495846	14.0	-22.364221211905956
1198.1651214054293	20.0	5.0	1878.0801864335842	28.295179398852433	5.0	948.0550513695291	18.556619883754585	14.0	-21.273378625183643
1078.9062848016465	20.0	5.0	1857.5373970866044	28.132214341812315	5.0	964.0479805947183	18.835522200815664	14.0	-19.834065928391798
970.3293874229806	20.0	5.0	1766.9184768418315	28.225018546988196	5.0	938.3624680469774	19.009246006353084	14.0	-16.918670843495203
859.3669706312986	20.0	5.0	1695.8907044872467	28.295828057653345	5.0	852.4807027795149	18.954628127230045	14.0	-12.410943457076085
840.7051521791803	20.0	5.0	1569.6135686290613	28.479836078164706	5.0	786.6717407517842	19.07923479448054	14.0	-8.139913927954852
897.5449457516054	20.0	5.0	1445.3562473722316	28.746911039841	5.0	689.1111176215268	18.939869124979516	14.0	-3.6761138875611725
864.7742301463827	20.0	5.0	1374.220273443398	28.856344602916373	5.0	616.4621217357035	19.067520685792946	14.0	-1.5490222302288368
919.3696084077737	20.0	5.0	1377.8635551814311	29.256309822322798	5.0	549.9074010404854	19.08793524312011	14.0	0.4949752195440025
1026.2981226137663	20.0	5.0	1424.3041786204617	29.904844239456562	5.0	492.0309957545	17.904847500944726	14.0	2.838913188156667
1045.661320877659	20.0	5.0	1518.5090523870942	29.96714986972835	5.0	496.6056483214164	17.455745729247436	14.0	4.860756805250578
1210.3959577070416	20.0	5.0	1761.3829121876126	30.408780298720362	5.0	458.93745874683776	15.463959867897382	14.0	5.4827843688995825
1311.438772912697	20.0	5.0	1879.1742351598225	30.496820629998723	5.0	473.19524274405995	15.0	14.0	7.547736699222066
1413.6460011617035	20.0	5.0	2006.9215563057562	30.215275598801636	5.0	482.37313092196666	15.0	14.0	12.606461748518626
1512.2371292085857	20.0	5.0	2172.8754493591928	30.178352582246323	5.0	486.0118434692005	15.0	14.0	13.442113189649174
1700.510197025041	20.0	5.0	2331.7967984882175	30.286889513424274	5.0	466.83583571149103	15.0	14.0	15.295902534455328
1862.7228424274288	20.0	5.0	2515.3933561752997	30.06763735355457	5.0	451.47455618827195	15.0	14.0	16.679388308328914
2001.1215762202733	20.0	5.0	2759.387910949448	29.89071239173363	5.0	416.4523064225367	15.0	14.0	19.34487446967738
2150.4823306534204	20.0	5.0	2984.874915962396	29.80945633964331	5.0	378.94159489631187	15.0	14.0	19.808797377489558
2315.355398962139	20.0	5.0	3147.67795676056	29.7096123510456	5.0	326.28056477129434	15.0	14.0	22.54050454636522
2360.1735060919355	20.0	5.0	3296.621707613056	29.726836653812967	5.0	298.60815397914246	15.0	14.0	24.532032315093527
2401.7912627741334	20.0	5.0	3297.033082519143	29.884704419020185	5.0	293.761109433761	15.0	14.0	24.705532047460224
2497.7179536729514	20.0	5.0	3221.8609831552394	30.03514272522355	5.0	287.50825872333553	15.0	14.0	26.330399358429005
2636.312054885235	20.0	5.0	3146.935878881434	30.319302121479964	5.0	274.6167493971021	15.0	14.0	27.893251925821538
2767.703768179645	20.0	5.0	3016.8198727167214	30.663068729274556	5.0	250.89737507168482	15.0	14.0	29.946710392877474
2829.353511133044	20.0	5.0	2953.9477597065484	30.913045606128325	5.0	243.3985434140358	15.0	14.0	32.868910758538505
3023.1530407319506	20.0	5.0	2860.464177471773	31.139277877705585	5.0	201.76996716435397	15.0	14.0	36.55352279134295
3218.449761667641	20.0	5.0	2874.2533161766955	31.16077549857314	5.0	149.88727490521842	15.0	14.0	40.786874416684945
3367.4933210894924	20.0	5.0	2824.0290009131045	30.99611778588	5.0	116.38900424033679	15.0	14.0	42.832951209039564
3443.71096836517	20.0	5.0	2771.9094842534555	30.869664288817418	5.0	98.09525918481302	15.0	14.0	42.62343306859792
3453.359719880227	20.0	5.0	2812.9463304002597	30.51282247965786	5.0	80.4821971273908	15.0	14.0	42.29427784023765
3387.347796714597	20.0	5.0	2848.1437793503947	30.043492649301484	5.0	76.21926175783155	15.0	14.0	39.02101021891022
3275.7170313651595	20.0	5.0	2885.4491704212514	29.88073078534156	5.0	82.83537540659357	15.0	14.0	33.75385715675916
3181.158413962503	20.0	5.0	2946.2704001954316	29.75352283215468	5.0	77.90264235564823	15.0	14.0	29.65408121573425
3126.070603678793	20.0	5.0	2971.6001585131276	29.718428954803446	5.0	77.34465937620516	15.0	14.0	25.948152755184513
3082.166976666561	20.0	5.0	2945.9526411877273	29.77198276826325	5.0	75.82689349823382	15.0	14.0	22.046606838333197
2963.2776026639376	20.0	5.0	2987.3923866747036	29.615881354151046	5.0	86.9839139324704	15.0	14.0	19.628598283652163
2890.2568310698593	20.0	5.0	2940.8199682387226	29.607709913769604	5.0	74.09973474419904	15.0	14.0	19.67153790731129
2698.8247765156584	20.0	5.0	2800.591093281325	29.597134891500374	5.0	113.94193408519817	23.363487969025698	14.0	17.09557281515312
2447.0866227614297	20.0	5.0	2653.5210537200446	29.62497553328014	5.0	124.54592813072705	19.670663212952594	14.0	14.302892206358088
2246.0902798873635	20.0	5.0	2424.7087391573814	29.576956268619245	5.0	153.61804344150602	21.435256542529	14.0	12.88493690104115
2067.8372680947673	20.0	5.0	2347.908591113266	29.481765687721612	5.0	158.01286778980898	22.05467842062019	14.0	11.707040960330355
1766.8381031674833	20.0	5.0	2275.8760008589556	29.205017197960053	5.0	183.44138579772675	22.08294515800918	14.0	9.116082510691848
1569.7992884013581	20.0	5.0	2199.8558522676776	29.0824947983669	5.0	187.81616060325777	21.578240714659078	14.0	9.17635312291425
1411.8547956233292	20.0	5.0	2139.1909426861803	28.882340715526517	5.0	189.09240522207998	21.86612395487878	14.0	8.868959090020997
1305.97195649948	20.0	5.0	2090.8676491128113	28.762076884879647	5.0	186.00319606710417	21.416882264142533	14.0	8.945166319233817
1266.437080208211	20.0	5.0	2063.0503175136305	28.707356988807653	5.0	173.43230304834995	20.949742896292136	14.0	10.999125022413336
1254.9176931358043	20.0	5.0	1899.4264822359658	28.67712225277313	5.0	165.54699940680547	22.594434102287487	14.0	12.117963582437575
1198.521552637869	20.0	5.0	1773.0514807883371	28.684976064724548	5.0	172.81892046294544	23.311180332129517	14.0	10.913015971075366
1023.2179819466719	20.0	5.0	1641.3999813791704	28.21898130700726	5.0	223.94593785805574	24.280256914908023	14.0	6.824828585881483
940.4292285147844	20.0	5.0	1492.3104685234662	27.675324631796403	5.0	252.42900631755035	25.010495359893085	14.0	3.376442781332679
878.8899665070478	20.0	5.0	1407.8389015144269	27.228669601136016	5.0	277.22203701078774	25.140346925538182	14.0	0.9708325875275815
840.9704192305516	20.0	5.0	1359.6830175532525	26.915375748877906	5.0	283.3924898381869	25.263849563285063	14.0	0.248371045186025
860.8224485922541	20.0	5.0	1369.870372324515	26.60941439135158	5.0	276.25384439850956	25.040057190416565	14.0	0.6213959406230187
894.1929596220336	20.0	5.0	1322.4240982806689	26.395273754742114	5.0	275.4899458618197	24.708983517710728	14.0	0.8223212868036213
827.950208962519	20.0	5.0	1305.955075916751	26.00328642896204	5.0	276.1081941313534	24.44075047154485	14.0	0.568437633618175
811.2945678048536	20.0	5.0	1307.7348454612693	25.818675682376693	5.0	250.238181771303	24.127648271094017	14.0	0.6070743350707747
752.3148449617636	20.0	5.0	1283.9024106240656	25.39809167845727	5.0	246.5526562366162	23.584860345947565	14.0	0.7419801000295364
614.9955800676989	20.0	5.0	1361.9522974110257	24.93315761833372	5.0	245.1979592652952	22.879580829920734	14.0	0.22891970869258466
523.9407825531929	20.0	5.0	1437.3738356274034	24.74206341112719	5.0	237.22820606940147	22.528754674103396	14.0	0.5205330742299933
381.9211007191516	20.0	5.0	1503.3460852516782	24.30000786362906	5.0	260.92383235836144	22.580400337091078	14.0	-0.609628324469193
373.4234902224384	20.0	5.0	1507.7764549421545	24.362111112473343	5.0	252.5591380163501	22.040446072394694	14.0	-1.0970719885831577
395.6924188014687	20.0	5.0	1480.6002421715027	24.49604534151286	5.0	237.78670274943113	22.429676040377707	14.0	-0.5822863216985443
395.4294632834059	20.0	5.0	1431.7913412926239	24.39585316209834	5.0	236.64939676483914	23.037862708609655	14.0	-0.48018838857774077
418.4714251803688	20.0	5.0	1393.6032324554021	24.632005854370952	5.0	218.00703989630358	22.210942308072266	14.0	-0.40081250812842484
289.9105699472982	20.0	5.0	1469.4046962072725	24.31980805520448	5.0	217.47911695752308	22.18264765732315	14.0	-0.18881990205585616
234.41732234547837	20.0	5.0	1432.7041231504936	24.227295783092924	5.0	231.45683272637362	22.412081371062282	14.0	-0.802400826011914
284.7615910426627	20.0	5.0	1275.1276099402337	24.513998430866195	5.0	229.17153522306185	22.262502416960714	14.0	-0.8830865394673887
365.3548831076594	20.0	5.0	1119.4530211475264	24.855891331444735	5.0	210.83487781422215	22.42438647241578	14.0	-0.18180664470078378
397.04297847069734	20.0	5.0	976.2753715265746	25.309634766129754	5.0	201.81630334146092	22.643918288580835	14.0	-0.18095972009197603
351.2705277317555	20.0	5.0	885.0563748583891	25.41848797206566	5.0	200.82690284976636	22.367325522892944	14.0	-0.9911031769449585
346.0063874903733	20.0	5.0	795.9316462011499	25.723161933118188	5.0	186.92717613059295	21.834272946936416	14.0	-0.7040650478895499
362.97953986191465	20.0	5.0	663.4216813852771	26.018071822224183	5.0	172.38880319610834	22.132406762932586	14.0	-0.10920506564789276
297.84225245616125	20.0	5.0	605.671249743434	25.522904813963482	5.0	171.70307434028263	22.038946641568128	14.0	-0.45129611415193727
302.8489031115398	20.0	5.0	507.03598484974145	25.715221886097147	5.0	163.67725049710788	21.88684811081778	14.0	-0.5503746019854947
310.1186625802457	20.0	5.0	455.469991142704	25.77357899136571	5.0	145.78108766632587	21.807937848759167	14.0	-0.2976225055033794
299.2998419298458	20.0	5.0	439.28980856565664	25.659286047437337	5.0	143.51472010427656	21.70381369271129	14.0	-0.9506835678200112
296.2071049491509	20.0	5.0	402.13838996234284	25.57882100035029	5.0	144.01184138154977	21.839506154160354	14.0	-0.5933532790067457
309.35231565846226	20.0	5.0	385.8610140459427	25.559272378386538	5.0	137.832704664515	21.62677145777753	14.0	-0.06225446300000861
346.80336112979717	20.0	5.0	348.55222809682397	25.88547610393473	5.0	140.2056240608771	21.155215430106175	14.0	-0.3311951551381899
324.65366140126383	20.0	5.0	362.3756270481821	25.301229590793604	5.0	142.41659731906046	21.330392482586216	14.0	-0.6877487449129601
334.10183651969555	20.0	5.0	369.0751829331407	24.968584574050762	5.0	140.90910427224415	21.71356993199612	14.0	-0.8165670024289164
349.0638832221821	20.0	5.0	395.72872274164246	24.86861285988802	5.0	149.76089342896367	21.873765501776496	14.0	-1.015107833615869
374.65589300379963	20.0	5.0	427.81184122071693	24.741727939468234	5.0	145.56626144347769	21.66599111399702	14.0	-0.5120147513360725
368.852447050934	20.0	5.0	473.350236403905	24.253910246472795	5.0	149.60438254986835	21.6472912665656	14.0	-0.47839288093333854
421.1439826061886	20.0	5.0	485.0343329727627	24.26050675287526	5.0	144.62608399480658	21.19486399625085	14.0	0.22680583813803085
474.7742104041804	20.0	5.0	480.4923932838765	24.33482168093857	5.0	143.62760450175688	21.37241674574623	14.0	-0.39469120842953387
428.2985700068737	20.0	5.0	528.821946068735	24.008579019927357	5.0	146.36733346051685	21.465111179895896	14.0	-0.3268175058929156
426.30756804802934	20.0	5.0	555.837111368471	23.68146400275577	5.0	140.63344451956868	21.400769515166864	14.0	-0.2643114379682597
505.03807162721796	20.0	5.0	461.59420676611114	24.289594449050107	5.0	135.0600106754567	21.189840667415343	14.0	0.15267560119276216
446.1926307821717	20.0	5.0	454.2882397639137	23.837540924431654	5.0	139.85040475156347	21.368344893806416	14.0	0.24528151048766464
429.9701003656004	20.0	5.0	464.27410859370343	23.56299681965602	5.0	139.02969130330587	21.277078434019163	14.0	0.06436471045120971
451.53277546592574	20.0	5.0	417.63236385345886	23.877299589797538	5.0	138.0311457432547	21.328758472234398	14.0	-0.10654564196013608
431.9740705393198	20.0	5.0	388.43008984838673	23.857701269747945	5.0	139.12661600979936	21.341828707270132	14.0	0.20671000536244724
428.1297105149142	20.0	5.0	377.2558377937941	24.03845352752007	5.0	139.47263888617363	21.22925642999145	14.0	-0.6331029777752749
466.02902838166744	20.0	5.0	323.38466515227293	24.27579499799386	5.0	132.33127805887068	21.693344875740895	14.0	0.35550337643727864
397.8298808782059	20.0	5.0	383.8926793837501	23.667634626145993	5.0	134.64519017726272	21.619650524676185	14.0	-0.15993518818997493
223.36372667123055	20.0	5.0	532.7775821517653	22.565134856977735	5.0	147.85541413236714	21.405206673481995	14.0	-0.5287521009016924
426.94781234628766	20.0	5.0	381.84434694551203	23.922890647032098	5.0	139.44281260668026	20.87485915773182	14.0	-0.8378592755804252
422.7198279696441	20.0	5.0	428.0978178026178	23.636597236971408	5.0	139.2887973021128	21.17948960134249	14.0	-0.03578581152219897
411.94300499539673	20.0	5.0	481.8361781864452	23.43467359802206	5.0	143.72051828379156	21.316924055193248	14.0	1.0644051649922546
405.2965447295772	20.0	5.0	565.2190530041163	23.197338404447642	5.0	150.39848914457284	21.21117459178999	14.0	-0.164983527201817
349.9799819840533	20.0	5.0	723.0117293347066	22.678535462048263	5.0	153.37068756180696	21.12553211263036	14.0	0.6340555179884781
392.7984950278256	20.0	5.0	801.677623739553	22.626529535476035	5.0	162.1199362094323	21.544744041493388	14.0	0.5057666970180854
409.91622545553287	20.0	5.0	900.2643751356904	22.640363980371475	5.0	164.53338659487866	22.039326401096083	14.0	0.9757963635982075
256.09153391586614	20.0	5.0	1191.9615784458035	22.254303460665295	5.0	168.88893179223433	21.721519581215237	14.0	0.49571013503050976
282.58695246893507	20.0	5.0	1291.0047058517073	22.223709565271445	5.0	174.2552219129622	22.01139524111608	14.0	0.37677381839027113
469.80819741403974	20.0	5.0	1145.8397895380726	22.728469747943535	5.0	171.43446215900644	22.472319688674524	14.0	1.2773062373458701
317.1102873463269	20.0	5.0	1346.8804385480598	22.720599972220253	5.0	183.16790915403928	22.041718038418445	14.0	1.2273170162932954
544.2974203315955	20.0	5.0	1156.1463691150173	23.1948622158854	5.0	189.41349878698838	22.470129105764276	14.0	1.3714955663854684
689.5091711418074	20.0	5.0	1094.262716402704	23.77485632730053	5.0	191.50333572719623	22.33479973826744	14.0	0.9789609414697842
601.3066696166755	20.0	5.0	1226.4111146487978	23.68288192429273	5.0	203.73384654118152	22.478763707520056	14.0	1.2900613761626518
719.2677494389762	20.0	5.0	1161.9880073924971	23.979571209845247	5.0	206.63838765883742	23.572814110144915	14.0	2.1232156588699542
719.5529207227399	20.0	5.0	1208.7218044833432	24.055246797792172	5.0	213.26053509151797	23.068520554083026	14.0	0.5849141224505567
232.97913095071053	14.405892863745313	5.0	1836.7372129328546	23.188586547737255	5.0	180.45953279787526	25.981930971825797	14.0	1.0455492658999634
340.97995979641195	15.875801192126367	5.0	1816.2379578756563	23.693029682500022	5.0	172.56759095327985	25.427019979146447	14.0	2.4439438036948826
394.705939376203	16.112885290648336	5.0	1853.6008587412034	23.95203275319479	5.0	171.94883174359364	25.680413210749116	14.0	3.2709408233482646
535.1493699593345	17.47767669271211	5.0	1664.0262031041684	24.43653812394504	5.0	193.7427085144744	24.75371513068773	14.0	2.704150610719516
536.94643903161	17.875692526347216	5.0	1599.0473993446394	24.56733613549315	5.0	219.4239315436804	24.36212413097056	14.0	1.739566718087385
582.3865933202117	18.26321748675992	5.0	1554.437048173163	24.863344035063214	5.0	227.45574073580872	23.913197746050642	14.0	1.3400040931869526
667.0049153951107	18.298479575016472	5.0	1393.2248925101183	25.494977176494256	5.0	218.80205880447352	24.055546313131153	14.0	1.1666511138053666
528.6268520637806	17.352792426031876	5.0	1496.7871333489709	25.266109416298566	5.0	225.0092867893243	24.268454249163717	14.0	1.6253617521646786
496.292790846542	17.78156879790276	5.0	1433.2035963046346	25.416304532024768	5.0	244.62565742440637	23.917858628564403	14.0	0.8358797736553925
424.1776003117115	17.29316906574462	5.0	1417.2955139265155	25.42456885058581	5.0	231.23885830625693	24.39891506976304	14.0	1.6809044671449267
427.4160046703884	16.972967548939128	5.0	1394.5656461947774	25.523902729467803	5.0	223.28424352210948	24.890704584815396	14.0	1.1128945854605514
463.75738793291356	18.049398547796617	5.0	1246.9117006651527	25.784111892410582	5.0	235.63860505073237	24.612607616108757	14.0	1.1766574085524222
389.83950575181797	17.26203399536428	5.0	1263.3565898604022	25.723799764104616	5.0	227.68094657855067	24.88904406717433	14.0	1.273196511374322
423.92633350915634	17.268385119841845	5.0	1120.12380410704	26.002765982826787	5.0	232.66983996199588	24.884022375711112	14.0	0.914421252787324
383.12913157647574	17.130311029765124	5.0	1084.87612772009	25.875126165141456	5.0	235.73292109668182	25.254195931465446	14.0	0.8345546365016724
400.04124695245775	18.388934418308537	5.0	947.2126955661472	26.23813678042341	5.0	235.49004798919745	24.26040278357421	14.0	0.3852286147505751
336.6105888504109	17.622166324681004	5.0	890.8413007036628	25.83223865368349	5.0	229.97115873045118	24.942383734238714	14.0	-0.5738371631107576
309.2045427828679	16.731679222064702	5.0	895.5634873027867	25.632491358139596	5.0	195.63946977613463	25.673228503169334	14.0	0.9833625799062009
375.07433669454167	18.30952707099817	5.0	722.4341718671553	26.276306646652056	5.0	204.02899019350647	24.402002153717447	14.0	-0.5082846445436314
295.47672488327737	16.9777846644843	5.0	730.8360990273181	25.434690315815853	5.0	199.46328903248832	25.23786606181034	14.0	-0.6988803198039728
284.91899807651373	16.959053673697753	5.0	691.0055138487725	25.476242786654375	5.0	183.0611241130356	25.107826510273217	14.0	-0.73321425985047
293.5975909072636	17.612846999544956	5.0	613.0054658645641	25.761635468160797	5.0	186.5218230320555	24.64548203757645	14.0	0.07351915799788086
280.63247400757666	17.097817421989106	5.0	589.6195227873045	25.5509986059885	5.0	186.22779162878226	25.593677752409647	14.0	-0.6138370357623929
301.48305910698275	17.326407027069518	5.0	563.906232894659	26.07212321230038	5.0	173.96874028440712	25.580729167634626	14.0	-0.2904105678494058
277.66555550547923	18.0214838742735	5.0	525.1887967583424	26.01305505093937	5.0	193.23853531620657	25.06009526883516	14.0	-0.5341728912392222
301.9100966717123	19.060870226621375	5.0	417.5812769977213	26.636402644542635	5.0	206.63417131073595	24.68080358596603	14.0	-0.9355187483378214
367.60129838108	19.570287632338026	5.0	347.19847006616976	27.99826117879143	5.0	201.8778187836261	24.41352450741375	14.0	-1.8996211636922131
278.36843822123984	18.00318035551195	5.0	399.4091450183608	26.13123815639783	5.0	207.43465701420513	25.58134198284147	14.0	-1.7077769951373973
271.9871331014589	18.4902122002199	5.0	355.9822598248494	26.111150719607817	5.0	210.36164414112415	25.347888907528198	14.0	-1.6174633650528392
371.1395825598045	20.0	5.0	243.97921143328435	27.721108371890196	5.0	204.8329015138732	24.771694713832435	14.0	-1.6408911064219058
345.9642524066157	19.55022683118915	5.0	263.301354807272	26.867301925848928	5.0	194.6701165946769	24.883880194563957	14.0	-0.6113604377027293
278.93692023804283	18.085250459342106	5.0	340.38005120335623	25.84689291056151	5.0	186.87316466372044	25.53089457590047	14.0	-2.0115874935635936
215.57714000955156	17.30760424101387	5.0	381.8308002788007	24.908980013178006	5.0	185.2784904039728	25.40632461870831	14.0	-1.8418858327325789
279.8957741570232	18.322776158570132	5.0	306.6220522885854	26.03632584734343	5.0	170.7282758751137	25.047497246227305	14.0	-1.0093035209269978
214.33160453704147	16.210715629639374	5.0	401.6235297069837	24.978449979291693	5.0	151.50379579516905	26.090891143249163	14.0	-0.9269253852024997
175.39318041400855	15.4889053074282	5.0	420.01230807771645	24.46211954738816	5.0	159.86245073237333	25.961357132091234	14.0	-1.0160685256071817
212.24172507210918	16.366190196807903	5.0	381.8249918403521	25.072914821906128	5.0	149.8812673576033	25.62895422864902	14.0	-0.4888740312298501
252.40085513054717	17.021155524446353	5.0	357.3169476681436	25.891398961367802	5.0	148.10227301357597	25.74643709300649	14.0	-0.5663827762496177
240.5478208795778	16.662285656933317	5.0	390.02450834619896	25.403727271743012	5.0	153.12011963234602	25.92903001472139	14.0	-0.6048887136623965
222.49182546179995	15.690922868954981	5.0	426.7862346496504	25.41927732240382	5.0	140.36850150964912	26.012402575827004	14.0	0.19325605262070078
251.94208056899757	16.004911863434526	5.0	426.5067630013705	26.04311252661262	5.0	143.30291741876528	26.33587336319843	14.0	0.246373864356052
254.89444828935748	16.42839927132853	5.0	428.2926323532828	26.160446867555105	5.0	149.1589476771733	26.263191719796698	14.0	0.807684491007787
282.9132351375755	17.063877023138875	5.0	415.65075258575797	26.552482209179573	5.0	152.18771353945243	25.479495922072804	14.0	0.6210444969265081
300.78259879719917	17.55391196034018	5.0	384.09219114895114	27.061101287719538	5.0	162.8999136275906	25.036875248777463	14.0	-0.6182405561622643
312.13651042029807	17.181277976669822	5.0	386.56458629888107	26.817770462475764	5.0	170.92923595990786	25.569318619315794	14.0	-0.5000436484041121
305.38122676580986	17.029928397594585	5.0	379.47739466812465	26.66395017677899	5.0	168.85775836973858	25.665878473718006	14.0	-0.5860829411169786
311.55690573241077	17.82465769020732	5.0	352.92369179114195	27.277515392610674	5.0	164.55345321063055	24.51542129269854	14.0	-1.1534020811644174
285.78780478401154	16.97395601115152	5.0	339.8649249220163	26.66832358798138	5.0	153.93809232496147	24.981189242104115	14.0	-0.7874549421184164
268.02760822848205	17.119236575793934	5.0	319.4243592304259	26.472005117028704	5.0	138.821755441913	24.32784273178057	14.0	-0.19786004564294918
248.92766013361825	17.083310407773187	5.0	305.90659990551666	26.225974784413076	5.0	126.99065126875462	23.739331741941065	14.0	0.32998913801211266
205.88370267316506	15.781270281721413	5.0	338.8347053140802	25.444865021731175	5.0	131.20775044474803	24.347288759960833	14.0	-1.141851503366343
263.1531680363652	16.1900885768127	5.0	360.62933810158546	26.35434774240668	5.0	104.44089061506007	25.457069950272075	14.0	0.3008375837330535
249.28209893241157	16.571633347284806	5.0	374.9408158079149	26.4645682238581	5.0	123.1482615849169	24.361638645285378	14.0	-0.06493296537110756
264.1628198462775	17.176309080763744	5.0	390.2720427190333	26.78379326137828	5.0	143.20108867267155	23.9093337087601	14.0	0.45984919544358943
285.1968737940211	16.852512426245355	5.0	450.2296380703641	27.054347425121893	5.0	144.2459973159516	24.354270115807257	14.0	1.1027031271018164
273.36415166816397	16.416148069754897	5.0	537.1217340378572	26.956935450004845	5.0	143.94894774802214	24.538522776346134	14.0	2.14357115226998
272.16061396037543	15.532199765599852	5.0	610.9133041183482	26.71960378783949	5.0	146.35006810730053	25.01909954073141	14.0	1.4041407702910476
280.4825225723903	15.27965516013248	5.0	668.7256295889787	26.550104267677696	5.0	146.66608845394938	25.457289931936547	14.0	0.7762019577150971
292.65901284352464	15.773681556134058	5.0	691.0350153125258	26.40879629719527	5.0	150.3931879001978	24.735442646794855	14.0	1.4173631510014626
284.373929214326	16.080122601137486	5.0	647.2268280025693	26.371330409886315	5.0	162.73289443593387	23.639880092457474	14.0	2.5378757734715256
302.8704343165193	16.272978395020083	5.0	592.0970745443669	26.407096761779894	5.0	160.7798934006073	22.918295412553853	14.0	1.1096609472284595
271.6422775447234	15.52192277103867	5.0	604.2273049164819	25.784652706523957	5.0	171.25672524827348	22.555970249589617	14.0	1.5070304403014116
272.18870146721747	15.763526734038576	5.0	615.8201921358989	25.543590272458378	5.0	198.6061689003945	21.710864984547154	14.0	-0.14145185479429603
291.25258296168613	14.8792481958605	5.0	666.7372620911742	25.239270677716107	5.0	205.7515396914148	22.80398558848371	14.0	-0.0883393765242823
305.88083577006984	14.004082839444056	5.0	776.9041841606888	24.917966544739567	5.0	194.77011989507042	23.436035531232868	14.0	0.07844801645546899
388.9619286333701	14.073972793582445	5.0	819.0536069683528	24.973272004603153	5.0	196.87657298299615	22.542760855208755	14.0	0.5486667557861529
399.45013329549425	13.40619872038589	5.0	892.4417110235946	24.4855758718467	5.0	189.7335382319652	23.749009133306867	14.0	1.1654419263723743
464.04995813222723	13.340635902596514	5.0	991.0436523881283	24.433151454920825	5.0	166.79210701832073	25.515615186379556	14.0	2.518772977053331
488.7629104197063	13.050815812575221	5.0	1018.9312550362349	24.236846591012565	5.0	167.45236882224398	26.231338752063035	14.0	0.8945809558816286
462.83940038166116	12.8288079597536	5.0	1057.0626381300387	23.909777817202016	5.0	177.90881419018902	26.235775572961806	14.0	0.6001569581632109
537.499716071663	13.453029861965982	5.0	1044.0807243311433	24.09601774681228	5.0	175.0987912183945	26.054597752736772	14.0	1.116779840477644
557.8481451862089	13.365860931311436	5.0	1046.7326087514405	23.881366136011998	5.0	175.1582877548829	26.949525240489486	14.0	1.5586346492735041
528.3397521687996	13.251425871362247	5.0	1034.7801503437329	23.276278094563075	5.0	203.67945027462866	26.18676986878895	14.0	-0.34604037081371086
560.8383518314727	13.574756977967555	5.0	1001.4412066391407	23.362160994418797	5.0	188.93091232060846	26.536200288505334	14.0	0.056659671313511434
560.1152645490284	13.712416046870942	5.0	901.914421078622	23.655929859730456	5.0	160.8259430414008	27.143554941701876	14.0	0.7213533083284884
523.6227059596343	14.194159837626664	5.0	811.3602381285318	23.360547061263034	5.0	165.09590856563784	26.297579756408446	14.0	0.8472514888709191
512.8998371922637	15.411310353500621	5.0	695.2169844664043	23.438897134102877	5.0	186.5902234967307	24.200318261503465	14.0	0.009786942513043934
480.92383074436503	14.946496732640382	5.0	689.4625271726006	23.325187665126556	5.0	176.88687827330278	24.38309399637642	14.0	-0.32994599030447647
480.6806557178371	15.087367409362372	5.0	654.2184386763662	23.072127107326676	5.0	170.7076651155153	23.981411628095177	14.0	0.22629222119705356
478.83125825053065	15.181625193062704	5.0	614.2544992050574	22.873473150851986	5.0	165.31595886445825	23.944291304580055	14.0	0.8432800694480359
390.74470279953647	14.89969300829274	5.0	641.6820152922256	22.011620681667985	5.0	166.24238929946688	23.540302862961585	14.0	-0.12181589444927797
548.6807072407453	15.815156510630551	5.0	498.431259554346	23.040983051489135	5.0	157.60216579021014	23.887417024782533	14.0	0.2797279951772406
569.5187509972644	16.094328389934294	5.0	465.23547738447036	23.081593054762727	5.0	162.92877293240667	23.75821497006845	14.0	0.12996233013257352
453.023661631493	14.721371041867377	5.0	587.9369334930403	22.189553540542043	5.0	159.3558151225783	23.92288789905268	14.0	-0.4301506168598735
533.1281010469922	15.163734374622166	5.0	497.97245316329327	22.39001963595322	5.0	179.83240313410676	22.904820259417136	14.0	-1.2086233687438008
438.82961977594687	13.981386037405006	5.0	628.7764047472168	21.52076225601446	5.0	176.53242087105863	23.64134774085978	14.0	-1.1793291642509598
555.1198850347695	14.780715570102783	5.0	577.8318046395858	21.999030596978645	5.0	175.63522519853072	23.67100329942305	14.0	0.4198464439200995
484.83179703617714	13.947543829098302	5.0	726.0555640442657	21.422514041355424	5.0	176.09731009424587	24.202944055364004	14.0	0.1646041292235577
408.8569676976935	13.677558231744436	5.0	770.0802916439578	20.828827284516368	5.0	207.61796672681598	23.4062414209608	14.0	-1.9740760468761425
555.9046704780845	15.071661289532502	5.0	592.9077401291675	21.927192818751305	5.0	215.93789432821245	22.823974469894424	14.0	-1.1957956249526758
519.5604428142891	14.357995112617477	5.0	672.0234942169433	21.783035850140944	5.0	177.80417699730913	23.936965510106468	14.0	0.09653951597753309
502.56929285021323	14.679195210814072	5.0	604.3034992022123	21.466559240458146	5.0	213.621938745109	23.37396778845838	14.0	-1.8272004394005648
576.0664072092135	14.632168876530136	5.0	587.7339224059047	21.92458390123008	5.0	195.7215920738408	24.308406159905065	14.0	-1.8731232692176853
657.7461746763456	15.6692028703144	5.0	441.48981183060516	22.503986323308364	5.0	217.54193979956077	23.112820553381077	14.0	-1.6089504377066925
587.6283364727389	15.084702000168326	5.0	507.4409808569388	22.301228754555215	5.0	200.9356569817696	23.478023539145152	14.0	-0.7404146102187221
447.6653430953715	13.71110632325405	5.0	654.7775458082452	21.24636051372767	5.0	194.93795404979022	24.088312965410772	14.0	-1.8949096601758597
591.8587874521811	14.87235875629472	5.0	484.90352322011444	22.61314878137083	5.0	197.1311054509542	23.412961216375496	14.0	-1.2241327401920572
520.624642876153	13.95388105355061	5.0	554.0124212181526	21.95469034416868	5.0	193.3579414816683	24.228373391566695	14.0	-0.15754292061852596
556.6528650963589	14.195222788848078	5.0	539.0201072568071	22.44741917886796	5.0	172.32330505765069	24.18344364889824	14.0	-0.4785205163621557
536.2513450344131	14.00695954726027	5.0	525.1364977797253	22.4556938131394	5.0	178.05319684164354	24.695164352896235	14.0	-0.7074470338294188
577.0212210911665	14.511815218652975	5.0	461.3853509566424	22.598232856345604	5.0	192.29959452509166	23.89394231034245	14.0	-1.2836238535128468
640.2984701849612	14.757070061087889	5.0	426.29045974395467	23.038485046747194	5.0	175.95953742204057	24.573820274147515	14.0	-1.8479082489708978
683.3991542381498	15.163230617549864	5.0	375.2194583005179	23.80354338302836	5.0	184.18125709561238	23.468876784345166	14.0	-0.7928048901204655
639.1314069092042	14.365251913470994	5.0	460.006519504584	23.010633326303605	5.0	183.45760427320155	24.32969360097474	14.0	0.001994007428816619
687.1601411962494	15.02411751049297	5.0	385.8773435084856	23.902900249344665	5.0	194.1413548528591	23.25203726976183	14.0	0.8037272871346663
679.3062725199893	15.173787475100262	5.0	357.93173825560905	23.83023445939755	5.0	198.58462541679694	23.799272544444882	14.0	-0.054894179069357514
657.3955353255212	14.915219712884038	5.0	362.8009888160349	23.758285486209942	5.0	183.78930862600146	24.26924506714893	14.0	-1.012239305840356
679.8964313327853	15.252218295992977	5.0	326.9753607424381	24.409100445221632	5.0	196.00518216555605	22.970823899915136	14.0	-0.26731170496389745
675.8002625382826	14.857431306473995	5.0	343.77629721960477	23.723590268136913	5.0	204.42927796885604	23.437833606553397	14.0	-0.3374069412727906
656.4296174854835	14.161629277435187	5.0	419.92571138425507	22.840503975578414	5.0	193.84876525994216	24.4156211796584	14.0	0.5265344106338147
680.6024687333435	14.412509997870078	5.0	415.21862502999977	22.54680718242071	5.0	226.1709086855029	23.305211828246435	14.0	0.4130739618796117
787.477488782636	14.753285179044438	5.0	363.6516218887169	23.91991437667087	5.0	225.35781475548106	23.085631383587387	14.0	-0.031890941471904403
777.8040351555721	14.834093697539995	5.0	319.33126322262586	23.158982810205625	5.0	268.3602356059578	22.232901099398948	14.0	0.3738203383523335
630.0215463576315	13.228223661121108	5.0	561.341670714223	21.071937724657015	5.0	270.1872603054112	23.670677951791628	14.0	-0.5391903097853653
777.4046565249508	13.813525131212648	5.0	472.85586645361644	22.736710187685723	5.0	268.25674644016385	23.143949897650874	14.0	-1.7214520903558055
815.8681713390863	13.772935999985986	5.0	489.4652684438756	22.307201181678042	5.0	269.714423159929	23.149032681719675	14.0	-0.8373272109997615
768.6882749699222	13.240894962017462	5.0	534.5728611271487	21.385667373221928	5.0	298.6729006745599	23.44284293051947	14.0	-3.6103932787697604
916.2100174974486	13.759143322078405	5.0	474.8583524369587	22.720191664183616	5.0	289.14211811592344	22.837919525290204	14.0	-1.1312838493506512
957.0120888806571	13.849100805433805	5.0	472.6761393186291	22.338942518622016	5.0	295.1279441794066	23.35096647715585	14.0	-0.3354253914079951
1032.5051630708128	14.536548574435884	5.0	380.2305520548819	24.15733754590544	5.0	302.89024449741595	22.74253033833236	14.0	0.4264092093929683
968.4654595924808	14.360128085337724	5.0	432.280214274627	23.071476717266556	5.0	315.26280812251485	23.00847334646468	14.0	-2.8785077974074698
919.2806643412205	13.981272766482618	5.0	547.6683906934097	22.15771485119802	5.0	285.06632532082915	23.57675709169657	14.0	-1.1072567946937693
936.3194416007269	14.027045056622747	5.0	511.69654710094886	22.943830258077433	5.0	275.68120053245	23.973246244791152	14.0	-0.2904800014499167
875.7207965116838	13.6717819648055	5.0	537.77667048385	22.694407860713312	5.0	270.3924135145907	23.910267650015257	14.0	0.865613048644418
863.6015864699343	13.713643433521966	5.0	539.3811369853233	22.74494661893449	5.0	280.79156349433714	23.893182542075817	14.0	1.2992329584793403
764.3906124648212	13.794391797293587	5.0	540.173915913281	22.43600547057218	5.0	283.00813169025236	24.26980229740932	14.0	0.10481211185941806
732.4944209616938	13.650864869551791	5.0	540.5357634865265	22.95194478029474	5.0	244.67520404034562	24.81773304777076	14.0	1.1514671406054495
706.039467654975	13.713838463291935	5.0	497.9106612445025	22.594013465229786	5.0	233.92143013395557	26.149815450553582	14.0	1.0072964471276658
707.3030777916478	14.078080542499078	5.0	430.494289407118	23.32981846219735	5.0	276.52877060793753	23.583295423168693	14.0	-3.002680595063435
787.9743596223375	14.628880465727685	5.0	332.7120426912443	23.783838977024498	5.0	296.80561072249714	23.132987976433945	14.0	-1.8363366717208223
