amplitude_0	mean_0	stddev_0	amplitude_1	mean_1	stddev_1	amplitude_2	mean_2	stddev_2	amplitude_3
647.4880260978127	20.0	5.0	189.58517772091759	35.0	5.0	906.9014318733606	19.34747326685664	14.0	5.4515983574595825
690.0489559431516	20.0	5.0	199.13140851626946	35.0	5.0	862.4651794798215	20.13088664626701	14.0	7.329304840019628
781.646337651528	20.0	5.0	261.1441521908075	35.0	5.0	895.6172893684619	20.442535212162575	14.0	6.987704475823555
655.1621957911098	20.0	5.0	253.4566690953867	35.0	5.0	965.968426355503	21.305893403639974	14.0	3.3412661472115186
647.4597131536274	20.0	5.0	284.24796801595176	33.37327628073366	5.0	1028.1230816278228	21.882636538187953	14.0	5.828654251358742
672.6149055520863	20.0	5.0	357.07025350518114	33.05571020694392	5.0	1007.4601789938141	21.575480106715197	14.0	5.531636261703492
658.9014564221943	20.0	5.0	318.8156365494063	32.235180813397285	5.0	995.8809995987604	21.5075214721103	14.0	0.44538733080872855
690.7188990657869	20.0	5.0	249.38058838212143	31.071542464234355	5.0	922.6552045874764	20.109467680347432	14.0	0.1555386752295934
758.0159000630941	20.0	5.0	203.7641953604795	30.563348776423577	5.0	833.6370000925978	19.659351636753925	14.0	3.1417663300137244
858.1349935485784	20.0	5.0	189.1553801408794	31.11966432685475	5.0	779.9328828573483	19.026371564677625	14.0	1.7379751423952225
780.447255512008	20.0	5.0	205.1923872847336	30.575344110502943	5.0	794.3706853155641	19.042020557262642	14.0	-0.14131665094606877
778.5662784696113	20.0	5.0	269.3383384627252	30.716232939050037	5.0	809.9405468417242	18.819818961113562	14.0	-4.356894318703465
774.8426162991922	20.0	5.0	292.21282456131144	30.537233237448408	5.0	785.8407479020266	19.039214335439457	14.0	-2.925271009723786
786.4062610673508	20.0	5.0	364.61401479662976	29.380684130773226	5.0	734.0896427448458	19.10022562371756	14.0	-0.5574154586430075
790.121759203267	20.0	5.0	461.15012675752627	28.927921713281407	5.0	688.8183022443021	18.889922077738156	14.0	1.483008659335908
738.9471406107575	20.0	5.0	492.0580805148978	28.093599878350837	5.0	654.9829108332103	19.102890115808854	14.0	2.6798035109764666
601.792999840046	20.0	5.0	540.0925340571165	27.08395571205653	5.0	716.4940629652596	19.188569284759584	14.0	-0.7283530047941297
411.3597003641071	20.0	5.0	711.8269379444794	26.397847636576838	5.0	759.3242899748067	19.11628458443165	14.0	-1.920519475254607
323.6397661834149	20.0	5.0	828.7894034407448	26.338507304550014	5.0	809.0344321966777	19.03438608699159	14.0	-6.690480367094688
435.639596551951	20.0	5.0	763.9742510671208	27.108274638851658	5.0	831.0409354438331	18.893627017971404	14.0	-7.495795269114277
368.7610273670736	20.0	5.0	723.5581382226593	27.10224656002862	5.0	886.2736499701808	18.993575625317934	14.0	-11.3772768515927
360.90153682537283	20.0	5.0	592.3901940082009	27.271029217611126	5.0	904.60513656241	19.09110135072977	14.0	-8.389440864029579
240.16594409158063	20.0	5.0	517.9985608307621	26.671945446413993	5.0	971.7051331062203	19.212352214877537	14.0	-11.978076400468955
127.1974661775383	20.0	5.0	420.3582365278866	26.69360827056703	5.0	990.3400227234098	19.22174923852559	14.0	-11.55413428030244
0.0	20.0	5.0	404.5896076925198	26.319457048151932	5.0	1038.8561734345092	19.116910251549953	14.0	-18.525265576217727
0.0	20.0	5.0	380.0716727233948	26.94391483608376	5.0	1063.288308164342	19.230088354933596	14.0	-19.867730279966555
0.0	20.0	5.0	322.1949298315038	28.286561854526408	5.0	1051.1057867566674	19.19997357357559	14.0	-19.80149039946209
0.0	20.0	5.0	301.65139908456314	28.36330270764384	5.0	986.2015821618193	19.240842466214158	14.0	-16.74733162456939
0.0	20.0	5.0	296.3539651172768	29.84652302867466	5.0	947.945828064517	19.037409293007705	14.0	-15.550410037396837
0.0	20.0	5.0	330.2252010169132	30.22477456492036	5.0	898.4308268286476	18.695487519221693	14.0	-12.294560003651018
0.0	20.0	5.0	310.3300703540421	30.42593075928557	5.0	898.9023738995793	18.475456267111127	14.0	-15.739932278447816
0.0	20.0	5.0	271.3456962962362	30.806048814638693	5.0	886.8317018720644	18.347535829693907	14.0	-15.719658968073961
0.0	20.0	5.0	80.82807800125529	35.0	5.0	903.2745753342049	18.996496651073418	14.0	-14.374606332571407
0.0	20.0	5.0	79.79082010926804	35.0	5.0	852.5601939872258	18.557995108187658	14.0	-13.803966937118876
0.0	20.0	5.0	75.38020931787536	35.0	5.0	830.4317448393542	18.523372001713113	14.0	-13.852875828180837
0.0	20.0	5.0	106.05397634934795	35.0	5.0	800.1177481564522	18.051088083714045	14.0	-13.994697166818229
0.0	20.0	5.0	139.448762712925	35.0	5.0	767.7487563148187	17.482332129104996	14.0	-11.894537887189115
0.0	20.0	5.0	175.89712326890796	35.0	5.0	754.3182573280286	17.330390973404196	14.0	-11.350312791808904
0.0	20.0	5.0	171.8884109149318	35.0	5.0	761.7598570974989	17.735132001599407	14.0	-11.472602131479213
0.0	20.0	5.0	175.47080397816418	35.0	5.0	775.9381345818883	18.134840483076978	14.0	-10.340666843145405
0.0	20.0	5.0	110.54289501498972	35.0	5.0	805.9447044616411	19.25899469612863	14.0	-10.371154081633136
0.0	20.0	5.0	75.82353165096198	35.0	5.0	808.1919953183722	19.43627442031224	14.0	-9.930384674206115
0.0	20.0	5.0	65.77703908222665	35.0	5.0	797.3210598808939	19.93755430174191	14.0	-7.028710598982355
0.0	20.0	5.0	70.25349006028328	35.0	5.0	814.6199758373349	20.351321516107248	14.0	-8.215499465967072
0.0	20.0	5.0	125.76621057355341	35.0	5.0	828.798652489972	20.83803477370133	14.0	-7.751654880778664
0.0	20.0	5.0	185.27190228640868	35.0	5.0	841.1238953189076	21.132632551745893	14.0	-8.897404390271728
24.048691725189624	20.0	5.0	294.2091553677737	35.0	5.0	821.0575309366927	21.00881215280685	14.0	-10.912808153479537
34.80912866152084	20.0	5.0	348.7922453288842	35.0	5.0	813.376544070963	21.176821856210374	14.0	-11.880562149806005
49.760784636216954	20.0	5.0	446.2743794252336	34.396822641802345	5.0	757.4699335799166	21.53734218967696	14.0	-12.825062546110185
122.76954922920949	20.0	5.0	638.773470586565	33.21450465604789	5.0	651.9063374681485	20.59981365005163	14.0	-9.373394976162945
42.927675660767825	20.0	5.0	846.0735830406312	32.186453850536594	5.0	639.2580759056914	20.407455063983893	14.0	-9.944965940390059
26.617007047450894	20.0	5.0	1046.222983728311	30.823868214474032	5.0	582.805208508129	19.989529501109	14.0	-8.28807634294802
75.90710136635404	20.0	5.0	1308.6474219755064	30.328538436441374	5.0	525.8409149377109	19.330448312361497	14.0	-7.090217490661673
80.61835352178392	20.0	5.0	1417.8461160737636	29.69713285432925	5.0	516.910143100718	19.37630977147645	14.0	-5.57782518327679
96.9806984375047	20.0	5.0	1402.7156444407394	28.935057232132667	5.0	537.862938080038	20.553011835628002	14.0	-4.199203835962982
195.08170876356544	20.0	5.0	1299.7054378733067	28.92053542935597	5.0	500.80149723012175	20.098464585436325	14.0	-1.9554165725949197
321.7340945448161	20.0	5.0	1227.6794727920515	28.9022776191053	5.0	436.43718444332535	20.143395313725655	14.0	-0.8877391068152444
480.05573674890155	20.0	5.0	949.8474464637749	28.820836818288903	5.0	423.86100416212383	20.784096063956493	14.0	-1.3645729441136745
666.6636853548348	20.0	5.0	926.6130245133854	29.77042222515887	5.0	369.70308203695686	19.847223354160533	14.0	-0.15131553469132578
614.8488778407269	20.0	5.0	1025.4765994125878	28.559404597868557	5.0	413.11576012429197	19.986230044513327	14.0	-1.913107187272214
802.6878134686444	20.0	5.0	1019.344081683635	28.25704250922984	5.0	423.1804004008105	19.462456007536193	14.0	-0.9162792831893447
793.6332003282969	20.0	5.0	1051.0273652591254	27.69279274555782	5.0	432.64313824645103	18.451179299443123	14.0	-2.9973078712385077
743.7606691349488	20.0	5.0	931.3511003047049	26.64481099342032	5.0	462.0006313893278	18.805453466746055	14.0	-4.448371838079001
741.1856526619449	20.0	5.0	810.7406529536846	25.150350558342243	5.0	416.7800229973186	18.96366112577223	14.0	-2.275025027659047
902.3032674907251	20.0	5.0	603.0235370320746	25.149066570395433	5.0	320.41548996225026	18.411442716483734	14.0	1.1232760556296584
110.17376421719463	8.47657024982555	5.0	1214.1551264931175	21.500759824515672	5.0	219.4881495731357	20.80385542911315	14.0	1.4136212189748245
136.44038265350935	8.173291858173114	5.0	1061.043559803509	20.763646188348858	5.0	193.5283213375058	21.300434206115117	14.0	2.235845830683096
143.20038945474866	9.558751556916443	5.0	784.8382088101655	20.003178210800062	5.0	195.17102578835355	20.928537606095183	14.0	0.8527839446910298
190.90275555748775	8.93342261235547	5.0	733.4638870806464	19.324614270839422	5.0	166.0346169243698	21.43155270796302	14.0	0.7679424235654462
198.04551060615694	9.72389114914109	5.0	729.1169123729272	18.712722203513824	5.0	184.38015984120497	20.855397511160444	14.0	1.655280814613636
285.8166025053718	9.827040176061658	5.0	764.4379905824886	18.604386155027175	5.0	172.25536872741063	21.045180356549537	14.0	2.0628450057970236
286.41116358830783	10.011086307978607	5.0	855.677860161495	17.70064382536419	5.0	202.20316140401775	20.002256374377755	14.0	1.3374145494842171
267.7740971395598	8.117563405822493	5.0	1062.643280090934	17.097489693717797	5.0	191.4203644913623	20.976431136227035	14.0	1.0613319067589284
282.3299620101711	7.156406732095662	5.0	1133.4204406459362	16.607715017690165	5.0	183.16457196398198	21.17196837102772	14.0	1.677181934801625
296.0078603697126	5.9915537888140165	5.0	1241.9689412205666	15.946045756942677	5.0	182.75376797411406	22.271418108670623	14.0	2.5963841085800734
341.3674994097123	7.2780358287960745	5.0	1157.4018005243515	15.494671448923077	5.0	226.68497199989906	20.368626374459506	14.0	1.483664158611424
778.0406010024357	9.934764659689694	5.0	757.1654352150188	16.774491557112466	5.0	231.7862590428862	19.59770200800383	14.0	2.9297684943327855
653.6061125260102	9.148717085376232	5.0	994.6918991611772	15.0	5.0	255.65985599785594	20.231583183073358	14.0	0.9123128845637594
1527.1425202770652	11.135848841996808	5.0	337.09717749465705	18.833540986392073	5.0	250.96025824722784	19.654851956195067	14.0	3.577058836511594
1568.6153004716573	10.538089062055521	5.0	474.80134621394046	17.730292546704156	5.0	234.15519403938384	22.338074105657938	14.0	3.406171807747755
1549.7367548354237	9.825016072072643	5.0	723.0342278967581	16.33440331058031	5.0	244.64350896296494	22.933523891725454	14.0	3.3624919505780198
1582.400148808059	9.749348026634573	5.0	698.6227089056105	15.829757537554295	5.0	303.8334023731498	22.3568425841577	14.0	1.848113511564725
1290.1289346718347	8.609536371945085	5.0	1109.1513995659366	15.0	5.0	304.95777286884186	23.03972758394881	14.0	1.686769420840429
1159.491558555541	7.890173251788831	5.0	1193.0885908585071	15.0	5.0	334.273302659748	22.64387986865995	14.0	2.9697337114453988
1059.3608194143928	6.656375528785709	5.0	1282.1009928978683	15.0	5.0	332.8026998714	23.073227732535614	14.0	5.4646584563904
1085.2890731389773	5.962694581059903	5.0	1315.811885351597	15.0	5.0	356.60542832302383	21.992982806443536	14.0	6.723429575701231
1108.8673274612227	4.910546783512654	5.0	1495.9990090228307	15.20227842480183	5.0	342.972167291661	23.623097041090073	14.0	6.681748350770284
1013.9441479463339	4.319757668357205	5.0	1632.1560979265757	15.0	5.0	359.69755052190715	23.57383970974689	14.0	9.671513156465569
1089.519197839974	4.272286256667503	5.0	1757.7292443836172	15.0	5.0	361.78326277674404	23.45934450479077	14.0	9.61487861427268
970.684152774224	3.326280918967787	5.0	1918.013319195303	15.0	5.0	353.86109050340195	24.84599977394034	14.0	6.887969347544624
900.6051371199741	3.192404833598296	5.0	1863.3530610229932	15.0	5.0	405.2667371124015	23.841872024717514	14.0	9.292103573302732
760.4570240726167	3.0931750216659317	5.0	1954.1253214497387	15.0	5.0	404.58682314699547	24.410261560782057	14.0	10.372912262749411
575.0875344877317	3.125633822297766	5.0	1954.3351485034254	15.0	5.0	423.96111850021987	22.91173374993559	14.0	13.100242595112395
497.40701587013643	2.752515936967988	5.0	2056.5914328830063	15.0	5.0	382.16574393304654	24.86081573664939	14.0	11.374603515399304
415.01686437470937	2.5379153287356173	5.0	2125.5817920032646	15.0	5.0	381.7327314164407	24.46054736042022	14.0	11.362954428290626
376.86222659899187	3.0264685624054897	5.0	2104.3185908204396	15.0	5.0	413.7379429396542	23.123103740050936	14.0	11.860868708061828
304.8225432402034	5.858023647927413	5.0	1760.7592714224782	15.407386044208957	5.0	559.2757298614563	19.199266117346934	14.0	9.828502249365878
620.9101681174642	8.363782325574293	5.0	1494.2982066820966	17.191395050023406	5.0	608.3288696726108	18.572284111882777	14.0	8.968729291001662
807.745849543308	9.30762722028924	5.0	1364.7173370546293	19.011967161999344	5.0	668.6243341130539	18.09686301323192	14.0	7.517867845960397
831.8853223849861	7.742007241738606	5.0	1719.5691508117402	19.20356892928687	5.0	626.0346209924388	19.224400972446663	14.0	7.804088882166761
1085.2194624570868	6.887245596550535	5.0	2179.5307144476055	19.39742320190861	5.0	483.53017100838923	22.259358148537157	14.0	10.495341737126875
1330.3282678902247	6.540083384219735	5.0	2562.1088506189303	19.422528174767105	5.0	404.9629513986536	25.286029923714885	14.0	9.197021559532008
1488.9678989885517	6.4880481581852	5.0	2994.2323695631985	19.47271659415684	5.0	323.5480204864121	29.55355772960953	14.0	5.66586133706452
1629.402939510392	6.93160322536506	5.0	3157.1840594925006	19.564614908001754	5.0	318.2835200605897	30.59691936633358	14.0	5.427438439692693
1634.3419136168127	7.299090413567307	5.0	3120.440196104826	19.41182315127298	5.0	410.66914923542083	27.88012071694148	14.0	5.191957361838103
1665.7383519944583	7.758362944584163	5.0	2972.686069757274	19.429863799065497	5.0	419.5835072684081	27.547366129173163	14.0	5.171640504179206
1717.1994249633242	8.371232634447416	5.0	2752.170112637596	19.79600351873147	5.0	409.708791853846	27.622819227100337	14.0	6.102267305249238
1848.0365869094867	8.731444697554013	5.0	2508.8537353738257	20.21809588264458	5.0	389.55740225421175	28.01863677247488	14.0	6.069959364645893
1926.3691932206928	9.132267357354491	5.0	2241.852413784105	20.200592118224616	5.0	413.5770199922922	27.62247547887861	14.0	5.888677425215166
1993.406340750749	9.283016688433504	5.0	2323.771615413719	19.493543249082997	5.0	400.0501637370569	27.992399758874424	14.0	6.038357436175124
2074.3076198470458	9.579668746572265	5.0	2572.705136463109	18.935040847114546	5.0	357.72580068935423	28.8128407601599	14.0	6.338355468857779
2201.1861492734856	10.507736150067108	5.0	2643.2760452364014	18.914380535597907	5.0	452.0993138253708	24.589666360230364	14.0	8.915782054106714
2296.8373887676075	10.63603734348991	5.0	3022.377061614102	18.824523164449644	5.0	485.9552950010893	24.137644267683797	14.0	7.2796433398655935
2371.3596294735275	10.924048479563368	5.0	3118.6358436673913	18.84072726980842	5.0	559.8596203994134	22.874695067220443	14.0	6.359076027195106
2312.581238619172	10.463801725559021	5.0	3291.3444261226036	18.59641018663366	5.0	533.7628339534135	23.666308961630904	14.0	7.532702038046947
1999.309425868258	9.882327579035847	5.0	3377.591002539134	18.074449143857198	5.0	526.1031617840541	24.09400173789682	14.0	7.187272254942537
1529.7357149183217	9.359651165090202	5.0	3526.858786080222	17.321310036088555	5.0	534.6228728605479	23.885801536333496	14.0	7.380281780593174
1182.7187157276412	8.240605474079027	5.0	4033.5414720589088	16.83635581964018	5.0	528.7699416918614	25.24832434049134	14.0	6.67664018277449
1114.1149088621578	8.049947571404594	5.0	4245.796406726179	16.79608849164885	5.0	604.5960395477116	24.390500159974486	14.0	7.403265626580387
1232.202463651616	7.431778064618595	5.0	4360.7417537616775	16.58125084152092	5.0	653.9247106645688	24.789097856581567	14.0	5.713972650678931
1610.8766422926637	7.993112889933183	5.0	4299.558361544721	16.79123978718668	5.0	615.7398175113874	25.332961232554233	14.0	9.108164993970597
1782.1264996785355	8.038750219104905	5.0	4125.535975272209	16.925209828529297	5.0	631.0052936411489	24.82314745490424	14.0	10.439827722179638
1922.5621776989033	9.041723705064191	5.0	3549.01979217278	17.339919785665888	5.0	819.8798804602711	21.182029596117495	14.0	9.865488941507769
1753.905935049497	8.865871546173453	5.0	3383.249033647238	17.559675935789965	5.0	988.337239636519	20.104382219853132	14.0	7.3722797758074945
1901.816537390509	8.65842815075479	5.0	3417.1219264379342	18.5885618502072	5.0	993.3387907381401	20.456402480571764	14.0	10.111887218496411
2360.5028967056996	8.673991862580966	5.0	3603.78426598086	19.714639203728062	5.0	902.3669754779439	21.748384052903567	14.0	13.806644033777866
2551.312669945843	8.25173552951847	5.0	3910.765729335996	20.012859188002484	5.0	966.050724119207	22.877062846510892	14.0	10.295866078867522
2539.060674168324	7.783295077839937	5.0	3703.2144891756316	20.42869046232973	5.0	1187.889893173861	22.465238551229653	14.0	8.117081266789128
2358.6219986991086	7.090718988075365	5.0	3148.259382526654	20.400851846301965	5.0	1469.2190550164032	22.890469406192068	14.0	9.847945554856542
2344.4226807250484	6.268574443178284	5.0	2640.2652487468326	19.895028250828528	5.0	1482.6009717377444	23.454205924907203	14.0	14.559353409674369
2480.091846031594	5.812658573360344	5.0	2502.663997690612	19.566536113198726	5.0	1208.1269206246377	24.1481894418793	14.0	15.66312233185062
2754.268661927399	5.843985478223758	5.0	2518.818160891148	19.80533363907191	5.0	808.0627473415603	25.718051301095983	14.0	17.47506230092304
3015.1756362679725	6.114649870809528	5.0	2661.0756937556125	20.21949290172931	5.0	567.9063945292337	28.95071638135987	14.0	18.09174740122747
3297.818646972707	6.644349490553532	5.0	2742.6640662475984	20.712292173021304	5.0	504.3966360459557	30.21254297532875	14.0	23.06164301010687
3366.886130428474	7.265606141138735	5.0	2668.1809581821426	20.79850443240048	5.0	606.7059379091497	25.30053812101276	14.0	34.25085587714458
3064.003930593251	8.116608426160637	5.0	2668.7794297003793	20.873500890916112	5.0	879.929048323117	20.14496403808647	14.0	34.91295104379807
2739.7960064226177	9.172444205093129	5.0	3159.4971686871713	20.69893452768635	5.0	1069.961335314846	19.718757828027275	14.0	24.8046441219787
2553.6314441715376	10.33971591188762	5.0	4014.4095938906826	20.802876509762765	5.0	1046.3333110289916	20.863612647069743	14.0	17.865056632951777
2412.3433272058446	11.651812418221962	5.0	4201.944652689773	20.794684231147055	5.0	1139.4112407776836	21.12171968889559	14.0	9.075259941766891
2502.9133262259634	12.06790884999955	5.0	3900.9266500451095	20.15301465256006	5.0	1082.3706145129447	21.72196233208646	14.0	6.108654042540613
2493.914905666261	11.237722719279173	5.0	4335.320069757401	19.143754571142605	5.0	832.5984630364565	23.330760062325897	14.0	11.018025932832877
2566.9725823767817	11.073726779751823	5.0	4706.726850633033	18.733167038357443	5.0	700.5752077332913	24.733590640163083	14.0	16.539347822957136
2973.0880714974687	11.405122132988636	5.0	4650.404513239238	18.80180152043127	5.0	683.7338483103634	24.785658684083877	14.0	17.295664710595666
2809.305167110079	11.290913041108253	5.0	4975.721850111123	18.185835273057805	5.0	789.6732717072119	23.735138619856613	14.0	15.235430917706138
2123.7559863480624	9.844672454653253	5.0	6346.528164770654	17.01049557136687	5.0	777.2573210479698	24.297272091989573	14.0	13.856681346512643
2024.3196982961629	8.994810554457557	5.0	7305.567949546785	16.664630608878397	5.0	650.5437597644244	26.413600728524578	14.0	16.68429482565878
2328.7026946617516	8.72537155123616	5.0	7321.942274677346	16.744535776743504	5.0	583.7024507329862	28.046827995817925	14.0	15.539266943963883
2517.9790059196807	8.857000214567908	5.0	6586.93281343367	16.72247385724245	5.0	622.8639612574742	27.841978522089033	14.0	14.976679754385998
2186.4593268629933	8.333403359877826	5.0	6445.4023066229265	16.40061651470655	5.0	619.6477836190184	28.12393360230833	14.0	14.269054294426631
1899.2979574558037	8.16956046968863	5.0	6087.492339693927	16.31596958539998	5.0	645.5029391126857	28.59724103701999	14.0	12.129533575994952
1905.880440237014	8.684198234518043	5.0	5529.136748925014	16.488229684274764	5.0	660.8371927640391	29.178492819893464	14.0	10.796367650148596
2231.233699053999	9.299591558001008	5.0	4952.76407006876	16.883077459133865	5.0	659.8608968022992	30.273767238334162	14.0	9.746765430467127
2344.6521146201835	9.291358948750432	5.0	4773.090342086788	16.962699842293222	5.0	719.3916971523815	30.762186771127954	14.0	7.999818322742799
2356.968475255984	9.496480185191453	5.0	4823.8660365874	16.860183132931116	5.0	724.0619351283797	30.66303936614331	14.0	10.742584854339247
2184.1685146174696	9.08185524090547	5.0	5265.306875553097	16.665074572956883	5.0	710.8371778002993	31.37301771862223	14.0	7.924724951813374
2068.364098660622	8.671482024515157	5.0	5603.558065969167	16.595031217317874	5.0	698.9969749336144	31.665112878236695	14.0	7.999951079807606
2232.7355169377206	8.770444350010985	5.0	5698.4307828272185	16.920876104801614	5.0	685.8489367440851	31.034317959750698	14.0	9.16568073496602
2378.9435367593837	8.671503375196263	5.0	5725.850182573455	17.451283726805777	5.0	611.0669684594346	32.431656261317386	14.0	7.991707744675483
2325.9297407056333	8.285145520580297	5.0	5741.8098643667	17.926709654253486	5.0	522.1151881169252	33.53902061325664	14.0	10.069273298670815
2346.8810836416187	8.097755906931555	5.0	5273.975152486933	18.30170930763277	5.0	517.9349832327113	33.14794356531976	14.0	11.344322969185308
2439.1003593877153	8.319955707936463	5.0	4939.157110759299	18.67503611508428	5.0	499.47255203866587	34.16606971105606	14.0	12.523945256150201
2366.0321813767773	8.245873318018836	5.0	4702.33399773002	18.84700855930377	5.0	524.835020128476	33.8352041646599	14.0	16.751900748999613
2301.3830044684373	8.280366640256533	5.0	4629.920059915281	19.02515784378467	5.0	563.6763896608228	33.790934232122346	14.0	17.827108977619538
2270.3053469336237	8.441182422870874	5.0	4756.1317872229865	18.93946701617435	5.0	603.1835035743577	32.702607411718375	14.0	20.27899050120967
2053.92894684998	8.631095228904169	5.0	4917.762553781962	18.35267774098267	5.0	630.1741234770147	32.14025322731547	14.0	24.42598371632347
1951.6322815951596	8.541894935622235	5.0	5055.62052279368	17.821372377623835	5.0	567.0233280215324	33.31505162658201	14.0	29.334614121849313
1673.526198434934	8.328441942178971	5.0	4996.430473288671	17.37419407772455	5.0	569.3831827684805	31.693868760101388	14.0	40.74080418047387
1014.6226554023647	7.133975946243356	5.0	4709.35035559133	16.876578144298165	5.0	763.5911694166565	24.196149307017247	14.0	57.85667137406874
432.2764304902045	8.080505600698624	5.0	4134.397545030892	17.2888931045794	5.0	1101.1693505303394	18.473456855923555	14.0	69.12265281941808
3645.226347846673	17.369599335756025	5.0	548.2425495863499	19.74694289256444	5.0	1156.7948234633118	17.77726766245666	14.0	92.43255112665118
3430.2091967223555	17.594624477966363	5.0	1282.8478935709988	21.099221872324325	5.0	960.863007993116	18.03506972267439	14.0	135.34322893677708
3007.3758299658093	17.66132220297804	5.0	1980.9658823056923	21.35879871799496	5.0	902.3740165590051	19.152461785548606	14.0	164.73639558732106
2214.688903018817	16.77341872931798	5.0	3017.268423979368	22.30797085900381	5.0	743.0395603218095	20.086886526239585	14.0	184.0954927901958
1782.2963113819728	16.39962945393124	5.0	3253.1265204368583	23.383448600588864	5.0	632.8968775333453	20.74906388385005	14.0	192.78021764099458
1853.444468599009	17.329474514796136	5.0	3125.5554955864322	24.43994216368617	5.0	541.6499300187131	21.354766684741925	14.0	205.60817748960153
1857.5237228375056	17.74554154659398	5.0	3168.6991154148923	24.664289989913712	5.0	460.46661895563574	20.924611381180068	14.0	234.36935985359173
2459.933559206756	17.546532892073824	5.0	3173.331964795809	24.67883493318549	5.0	0.0	40.0	14.0	325.3511155600674
2028.1630067950516	17.088155960996627	5.0	3096.295263793113	23.29820270115921	5.0	117.29576660726087	15.0	14.0	403.9840453967132
1710.8255085224391	16.373763301303978	5.0	3205.905031218532	22.039291020430724	5.0	0.0	15.0	14.0	546.8143063413694
1719.2773850485585	16.191396878382385	5.0	3095.357469702523	21.15051771425879	5.0	0.0	15.0	14.0	688.1301668500339
2825.7170028053038	16.70784795391669	5.0	2210.338303521146	21.31423273582817	5.0	0.0	15.0	14.0	792.6349205037311
0.0	12.33938624011327	5.0	4334.544356474121	18.09604499129187	5.0	709.3020765757743	15.0	14.0	694.1375861935666
0.0	12.33938624011327	5.0	4387.551935178904	17.606749551697074	5.0	1197.9846116251563	15.0	14.0	508.31097167751705
0.0	12.33938624011327	5.0	4346.346890714943	17.829338229040186	5.0	1602.4226867035493	15.0	14.0	365.7008953912566
0.0	12.33938624011327	5.0	4134.084307391172	18.19229509711309	5.0	2019.4840509907172	15.0	14.0	273.4491806701445
0.0	12.33938624011327	5.0	3284.1965781545846	18.61763255251704	5.0	2549.759108782589	15.0	14.0	205.52701623469045
0.0	12.33938624011327	5.0	3092.1094564992154	18.94019862306974	5.0	2609.346667823808	15.0	14.0	167.86503373215072
0.0	12.33938624011327	5.0	3507.7652683470333	19.033628341373365	5.0	2178.722760782488	15.0	14.0	138.286077437211
0.0	12.33938624011327	5.0	4562.641903988088	18.872689579560898	5.0	1429.525904482387	15.0	14.0	121.63592599777304
0.0	12.33938624011327	5.0	4917.431991032645	18.732955750572184	5.0	992.269031469985	17.645545319690452	14.0	115.2882637911769
0.0	12.33938624011327	5.0	4833.018998849586	18.625609716172576	5.0	849.5183922869242	21.606942014037173	14.0	104.64318399713586
0.0	12.33938624011327	5.0	4644.960983706894	18.82930467883483	5.0	968.6365611111211	22.59487523219515	14.0	93.72003275499527
4563.952683777362	19.036902856352743	5.0	179.5407381452357	29.572478924032676	5.0	914.7130030817824	21.996504011019294	14.0	89.28143308911295
4580.929010991499	19.09950534785477	5.0	218.39334332860204	31.014555630039318	5.0	905.9868454320133	21.718634322003517	14.0	73.73810515964352
4366.821604673886	18.90584192251379	5.0	264.71274419846776	24.774782295657925	5.0	1036.290442937072	22.408447720344014	14.0	53.87374246013472
4732.022308605612	18.86825614082806	5.0	89.30763358608237	25.557681699298534	5.0	1017.1415893610928	22.638211426554385	14.0	47.97905224222061
4601.994907018296	18.46172112399232	5.0	283.4381268320682	23.540453680399583	5.0	945.5983504101076	22.412502261335153	14.0	44.04109634608293
4681.794744105386	18.538895217516036	5.0	62.01406064963567	24.192035232988278	5.0	914.7113454421714	22.59176824798322	14.0	35.172993269475455
4681.72792561128	18.229618666153943	5.0	109.99243528961648	24.41085785894833	5.0	836.8836485868206	22.69779191003154	14.0	30.022026624464207
4670.0191782273605	17.928808063208532	5.0	349.31988873227505	24.78065463207704	5.0	766.3948876157582	22.902925036615095	14.0	25.730325294918728
4705.119917284509	17.450282689620064	5.0	624.9901620730956	23.394512283163362	5.0	759.6982351623998	22.668790702676063	14.0	22.575692370792364
4977.152706584139	17.122813786486113	5.0	790.9602026412044	24.53228832636289	5.0	738.7786814142588	23.377195278069486	14.0	22.548422588230718
5073.761483976732	16.965250841779365	5.0	956.0552723174377	24.017225306414854	5.0	766.4136106783972	23.28590271060056	14.0	21.853822861286076
4855.915876907966	16.81337668470724	5.0	1225.8571718089736	23.55743434868479	5.0	826.4324159703866	22.765573111008383	14.0	20.15267381018938
4139.882962000443	16.60093778513562	5.0	1658.0946860089855	21.981549511836896	5.0	902.2851139192637	22.438617495059724	14.0	17.378252966093026
4349.737963237768	17.0683211973566	5.0	1114.278548888149	22.707462893952112	5.0	872.8267023401938	22.229997212172325	14.0	18.930266863907697
3843.1692523214747	16.926102831871276	5.0	1324.0156799081099	21.8351598662818	5.0	909.248617589268	21.34141728749323	14.0	17.28179894347028
3396.093265932462	16.770205237458878	5.0	1453.55925855292	20.905353345183634	5.0	955.2443734339033	20.784780842984166	14.0	13.909678484169804
3934.9007237299265	17.135635677189903	5.0	631.343210624186	21.894486914197472	5.0	961.2322084450802	20.368507003451988	14.0	13.553999921578928
3832.791110810654	16.708428498056954	5.0	574.9101591845385	21.971905521124036	5.0	905.8771545793228	20.618261488044325	14.0	14.375056954667274
3803.1561141512884	16.6608906626045	5.0	437.00425929751464	22.39956341410006	5.0	859.6360985677181	20.890948967428383	14.0	18.15585843336668
3250.8518179252023	16.223436439436895	5.0	744.5831823814145	21.066856813275333	5.0	815.9156137359287	20.77843527246517	14.0	21.1396641191072
2689.507535028913	16.228035406116884	5.0	837.1402670923114	20.431464935735043	5.0	864.4269212872987	20.486906815681493	14.0	20.592296705028083
1571.1243308891608	15.953819106025858	5.0	1613.9656004612011	18.57639383731742	5.0	854.1906845538936	19.901778931537518	14.0	21.472994345818826
1093.4890934520186	14.619066366380359	5.0	1956.69087313944	18.526358778227767	5.0	880.8082423314845	19.365300598059008	14.0	20.53720509241218
658.5482174097133	12.50212487092834	5.0	2457.86365519554	17.672170331878718	5.0	895.6949448852678	19.4827092142118	14.0	18.324268408170024
841.5327553784433	12.08201009663926	5.0	2391.0497450791486	17.597437757052635	5.0	885.9055363150286	20.376105642607662	14.0	16.781001480082963
1387.2428328040094	12.821057901263694	5.0	1914.371381422473	18.224000278485725	5.0	872.7931151562863	21.28002275887149	14.0	18.049460874172087
1150.0452983908958	11.385218050265097	5.0	2159.614134203527	18.1593494130801	5.0	874.5727120107823	22.01957661594092	14.0	18.052341410533842
1237.5330427629299	11.341147109176443	5.0	2150.622283425607	18.78780325673875	5.0	859.8367545145629	21.843963204577957	14.0	18.676495652723123
1208.5437102266924	10.586628637841565	5.0	2388.923717600026	18.81012846330855	5.0	783.9831275337081	22.351868948488978	14.0	21.547813815476648
1266.8998290223326	10.143279498447905	5.0	2522.581986768009	18.920692173102076	5.0	750.0679622285595	22.744756053119442	14.0	20.903253098811135
1065.2867918330485	9.30525381322349	5.0	2651.5264515837457	18.678000790519164	5.0	811.5827959542967	22.31509169125236	14.0	17.49680936417341
1031.769312356226	8.807169659966272	5.0	2866.4989271111845	18.61683856666647	5.0	715.6299590086519	23.12611994454313	14.0	20.891983724288366
868.180323218318	8.14824133154479	5.0	2913.251408092045	18.36564519594817	5.0	745.6397090873646	23.50394471285683	14.0	18.218944666134803
553.4063719487955	7.899099965054905	5.0	2921.1288941650987	18.040054892997485	5.0	806.1603675251887	22.430799948880047	14.0	15.605033862926986
659.3089385490765	7.5017785094814124	5.0	2985.600716866404	18.10342686252348	5.0	670.2463779758892	25.14038544950975	14.0	18.01281158130897
537.64257548851	7.890410809964449	5.0	2759.413312129815	18.07578580283775	5.0	680.7406827086348	24.440794119067295	14.0	19.19940444618525
496.9745269968909	7.499377467472947	5.0	2509.862081729152	17.917226350827885	5.0	679.4636204910594	24.43716280034989	14.0	16.810596619049782
569.5414153440879	9.100379927871169	5.0	2212.728680295038	18.33473605817877	5.0	667.2373408426503	23.930604362288772	14.0	13.579022841018633
475.21716874732573	8.130816597171677	5.0	2450.271288038538	17.86951620846317	5.0	638.8537308759722	24.29399010719332	14.0	11.55650262832617
648.4205158886325	9.225547828199764	5.0	2723.5985091366488	17.979992214410498	5.0	584.6961624063058	25.231528140730184	14.0	14.550286530277074
649.922146349494	9.139273767129994	5.0	3010.358459112566	17.688748290344297	5.0	572.5135646576082	25.93774931198353	14.0	12.929270115348517
597.2792856030552	9.256613677902312	5.0	3073.2085680010705	17.322690327734446	5.0	622.887237915831	25.239629801540122	14.0	13.163158162085757
786.0540475610477	9.35708546014553	5.0	3085.4326764741068	17.431396525500723	5.0	567.1103831182361	26.495068354128055	14.0	14.505284586455328
888.1365457590892	9.01475857902342	5.0	3168.5337088839497	17.600325577595324	5.0	573.7494745004539	25.912400364557204	14.0	17.75875926938846
1157.8218553959834	9.733874054634503	5.0	3055.5359037222256	18.292458611500958	5.0	552.146837592104	25.57341396339445	14.0	24.405556121626944
1147.7352327376357	9.520409800308197	5.0	2959.8125537185724	18.548909574834862	5.0	551.9906412873053	25.320775871989614	14.0	26.104980385684634
1254.1680914438812	9.85034608636922	5.0	2857.159698565131	18.833933400499347	5.0	572.6436096782187	26.171530405953263	14.0	26.517483825573525
1374.6546913603438	10.651981795691515	5.0	2631.3338053369253	19.390156455724085	5.0	593.0938527464407	26.149480957224327	14.0	27.723459273014385
1574.3143248520394	11.282491522539148	5.0	2300.51949018738	19.957638446431712	5.0	604.0783267471706	25.598525417504312	14.0	28.281240465230084
1449.9917406534755	11.166286226422129	5.0	2064.292254559676	19.810011868790067	5.0	684.8451077451044	23.719785934093803	14.0	29.563548043462994
1144.620666782895	10.491896666921878	5.0	1968.6097957750874	19.53364629261557	5.0	795.0062090402732	21.40779815346442	14.0	26.951586664767316
976.4670549853463	10.303717028320765	5.0	2046.2432756275382	19.277204872678702	5.0	924.9816747407431	19.21126340963524	14.0	22.161787150038236
1047.3966173355354	8.642893242339833	5.0	2288.1558375784152	19.067201858884005	5.0	896.5471554927468	19.094522703479438	14.0	18.634214630807666
1139.9648990522046	7.362181444763533	5.0	2281.6400903987274	18.84489723224166	5.0	886.5489084979316	20.139615404466152	14.0	13.669446796313055
1113.8742758904186	7.990151107196225	5.0	2086.441059719679	19.529619197747383	5.0	959.5986587098132	19.682483232234052	14.0	11.314556048437206
1021.4124207131406	9.635163871409643	5.0	1684.8522441633065	20.088620244654834	5.0	1056.4932374869102	18.770305935478312	14.0	2.6659429838553836
916.5425445899627	10.793329868065943	5.0	1605.6051675802767	21.05723686507091	5.0	1041.71644678317	18.91127060343814	14.0	-2.4842111981835235
1013.8308473332735	12.25148071757359	5.0	1396.1675391546585	21.948420979655975	5.0	978.8100466772303	19.335278615550546	14.0	-3.5865556190769317
1287.3070067046558	14.394744077118359	5.0	981.0568147831974	23.830160369849217	5.0	932.1119545140957	18.58593463414031	14.0	-1.4154557254562814
1164.9579846074605	12.230238137078874	5.0	1269.4952510185747	22.559224509238486	5.0	857.3418539085253	20.12690288814457	14.0	0.4402396934391169
1182.0799048419588	12.278306354965846	5.0	1222.6980653954402	22.32802607541105	5.0	838.7267218784654	20.424376834155087	14.0	-0.0598369006712503
995.5234595098713	10.78865836836038	5.0	1310.1791816614818	20.975605407589853	5.0	799.3549866543665	21.385628868374152	14.0	-0.14007312575534545
1066.0620771057452	11.75139701319174	5.0	1152.2502108453443	21.382029494763422	5.0	767.0655545135103	20.717016408090192	14.0	1.9467033780208292
970.8432365288772	11.447976073064552	5.0	1177.8152305268097	21.341067162340977	5.0	751.8744771880267	21.352789497622954	14.0	2.5690480954462145
938.8452653094971	10.9202484780269	5.0	1201.4105678275084	21.131043762379665	5.0	755.0243294434283	22.187968601507862	14.0	3.289094961731558
