amplitude_0	mean_0	stddev_0	amplitude_1	mean_1	stddev_1	amplitude_2	mean_2	stddev_2	amplitude_3
909.6933490934481	19.39769300495131	5.0	0.0	35.0	5.0	344.79989632617765	20.16873208213857	14.0	-2.708703956025038
852.1718414631657	19.33698606943832	5.0	0.0	35.0	5.0	337.6577390677089	20.56623593178028	14.0	-3.080030622118415
930.258038998001	19.599402262856287	5.0	0.0	35.0	5.0	293.0673881662987	20.276107520355446	14.0	0.9971802958947684
916.1124416757353	19.381127042316017	5.0	0.0	35.0	5.0	305.77771397839	20.41605192955268	14.0	0.0454528344441279
905.8784751611236	19.464952188918282	5.0	0.0	35.0	5.0	331.24231867517267	20.369860717700224	14.0	-1.283244901711164
943.7575747516524	19.52550992428759	5.0	5.730857093012143	35.0	5.0	320.0808930717426	20.503947292667853	14.0	-1.9914425034465866
964.682568741849	19.58390138647974	5.0	0.0	35.0	5.0	333.23909189242386	19.62684333515888	14.0	-2.4033320398848956
993.8439055439773	19.42611139346509	5.0	0.0	35.0	5.0	327.1395140144302	19.8188848809359	14.0	-0.8452497615914599
996.2311119353932	19.640126184015056	5.0	0.0	35.0	5.0	314.7931828077822	19.945260220959163	14.0	-0.41573451562109764
1018.1131650133308	19.62743536398801	5.0	0.0	35.0	5.0	324.17633916566655	20.24098260428836	14.0	-1.039755113077083
1024.465879777606	19.55106781893351	5.0	15.72420323079577	35.0	5.0	287.9449383394776	19.966903064673133	14.0	1.0055779334158517
1002.3961505993177	19.645244999847428	5.0	0.0	35.0	5.0	288.7293908395467	19.815823982650738	14.0	1.0912801829769379
1039.6585423757404	19.380706883033326	5.0	19.556597494344906	35.0	5.0	264.34266894252386	19.612635852067907	14.0	2.3536310863205734
1098.5269400438985	19.344639990975782	5.0	50.45017170287672	35.0	5.0	250.2534245936244	19.18493218229142	14.0	0.39703368011419865
1098.0067126240087	19.48880970143656	5.0	39.994445765801224	35.0	5.0	246.7985005605192	18.836996517623206	14.0	1.3552317357865082
1125.919118496593	19.70190017881714	5.0	52.53747231728097	35.0	5.0	221.6492522921195	19.90947715549871	14.0	5.091615806802215
1124.2222439864436	19.601245468241668	5.0	79.71998003328201	35.0	5.0	225.49815747169282	19.128607806474836	14.0	1.5980790189804148
1167.8392642898107	19.94218058126696	5.0	71.14555005979827	35.0	5.0	196.4067083215164	18.122878917615814	14.0	3.287655918794947
1151.5521701012844	20.0	5.0	36.159781903180544	35.0	5.0	231.20334885383767	20.056993631805092	14.0	4.855921952830864
1113.3893113801487	19.468872564435515	5.0	19.3640507623168	35.0	5.0	268.9480542300194	21.45933487278222	14.0	1.434553719037591
1119.1570189539898	19.65408952822462	5.0	17.503228905475883	35.0	5.0	275.1961191513724	21.378748958418015	14.0	0.3214423153115735
1112.3516614137006	19.683072560736363	5.0	10.933636920183927	35.0	5.0	265.65279952790786	21.438056296752833	14.0	0.22977648816663862
1053.8260484857199	19.61568789642235	5.0	0.0	35.0	5.0	298.45963502528076	21.311661446663614	14.0	-2.8885747433944298
1116.7668712170553	19.71389847809725	5.0	60.45915125912103	35.0	5.0	249.640872037595	19.944187323391088	14.0	-1.0856447807841394
1124.8104498568553	19.779171856913237	5.0	14.813445653488667	35.0	5.0	303.6700092723607	21.44551746060801	14.0	1.0272694981534478
1095.4248603381182	19.88103028853289	5.0	0.0	35.0	5.0	326.7920913731413	21.91589670898172	14.0	-1.3526013753804376
1122.1159971173997	19.81228103184657	5.0	0.0	35.0	5.0	336.6031357355941	21.40246258354755	14.0	-2.855425094740092
1150.818480376843	20.0	5.0	12.231279978458717	35.0	5.0	310.7492981452684	22.337434608585436	14.0	0.3384154104139621
1227.8084163498293	19.699272019168596	5.0	34.31255503502381	35.0	5.0	293.7776862751798	21.867773805640834	14.0	2.9118233540251275
1171.0372366694535	19.717138886735654	5.0	21.881857227107442	35.0	5.0	308.6733250243242	22.220644546866545	14.0	0.28653732297346657
1178.8670761200783	19.723977427990473	5.0	0.0	35.0	5.0	334.26304746333795	22.088239283863143	14.0	-0.5119641246222978
1246.7111821460921	19.70035005079676	5.0	44.931885609260625	35.0	5.0	261.6353600291454	21.091743736065077	14.0	2.235440351426566
1233.0364412701467	19.171762059297883	5.0	6.188694191105658	35.0	5.0	280.6255610974886	22.112257085968984	14.0	1.009327129760423
1217.1052221977852	19.604958475961368	5.0	0.0	35.0	5.0	294.2389873666553	22.228051394084225	14.0	-0.4810673863622879
1254.37457532104	19.097194060919165	5.0	14.726021035816588	35.0	5.0	273.5912252613379	22.73494279843789	14.0	1.419165770933738
1259.7693090369955	19.303191018343696	5.0	0.0	35.0	5.0	274.4907568455	22.146559628637807	14.0	1.666673912767498
1297.378820091669	19.159781542008577	5.0	31.10157490941005	35.0	5.0	262.7962690230093	21.180447795112517	14.0	-0.6698651567006264
1324.1228837309677	18.89248208735959	5.0	0.0	35.0	5.0	283.0827789265628	22.399483438770147	14.0	-0.5669885905634456
1454.0440582324986	18.721959576853397	5.0	28.559544415248027	35.0	5.0	237.75728218305792	21.945062628063738	14.0	0.46907948037270497
1507.1451205613812	18.884775839799584	5.0	66.13793900366849	35.0	5.0	229.27834291395178	20.90732920795135	14.0	-0.8710798543579311
1582.3728639805445	18.82693789892897	5.0	89.54367209338183	35.0	5.0	190.11173478904686	20.89003463545858	14.0	1.6340815878510866
1629.0172720773558	18.901772037824088	5.0	112.38084292179555	35.0	5.0	179.33244691800624	19.615785189123994	14.0	3.674186829607473
1644.7918687493216	18.717358909631134	5.0	80.50524684301342	35.0	5.0	182.02195529718426	20.536452833483988	14.0	1.8380768068988618
1675.1058347115454	18.679195063250813	5.0	93.69332588109395	35.0	5.0	172.17829577533413	21.658137628106356	14.0	2.5669802417156307
1790.4623854227552	18.5348662782946	5.0	114.52710689568943	35.0	5.0	158.7082012713482	19.466326832956064	14.0	3.9175360886445336
1775.2162661913612	18.479842523027393	5.0	107.98162028245599	35.0	5.0	146.78192914337666	20.294263003721184	14.0	4.857166113448019
1803.0069709490747	18.201261338862142	5.0	120.10477019129735	35.0	5.0	149.29651865016598	20.917961833265874	14.0	2.702623871484397
1750.3329403736675	17.85359139474313	5.0	84.8960867312252	35.0	5.0	185.8399627862162	23.153655400234374	14.0	1.7237206667968885
1764.8344475469046	17.62663589329671	5.0	77.05946406675834	35.0	5.0	206.4658230375099	22.665377449222266	14.0	1.1607019684250883
1853.2788314620948	17.242288517795068	5.0	66.08999399313016	35.0	5.0	183.4497055979099	24.292282453606273	14.0	1.973392711143607
1968.66352765681	16.987652290153147	5.0	80.50732593341344	35.0	5.0	145.59880558121782	24.893913710495987	14.0	2.6898114679357628
2000.0117875684891	16.835984236944142	5.0	82.12255041693643	35.0	5.0	137.06105757617325	25.843408861178787	14.0	3.5656598167810993
2097.6439598611555	16.844694358049118	5.0	141.21748982512435	35.0	5.0	68.27861114612435	27.93822455857807	14.0	6.614612211485882
2238.9364991046386	16.931489889567164	5.0	181.02542733846434	35.0	5.0	24.066443480761556	40.0	14.0	5.598666507334971
2179.5813489898464	16.70437200223382	5.0	163.1378505571263	35.0	5.0	47.601517358925676	32.8580516972986	14.0	5.140124977043394
2194.3642302956314	16.851013406083315	5.0	117.70648032153352	35.0	5.0	85.61377772913252	30.179140609520203	14.0	3.5660662022615215
2040.174474120204	16.959973567841097	5.0	121.28708887600745	35.0	5.0	112.16361048709953	27.294591547417973	14.0	3.5587128295116868
2049.526474828892	17.24796148597032	5.0	127.87561195184756	35.0	5.0	125.30629686278476	26.260957387774233	14.0	5.910991780648509
2091.588950634101	17.369203386801516	5.0	165.94408519583382	35.0	5.0	98.97314096661377	24.549940148597734	14.0	6.367628072934618
2040.8754825405936	17.54228692039263	5.0	139.20325362541757	35.0	5.0	162.83186497004078	23.99420808646941	14.0	3.884877366677081
2074.434008512178	17.562405056364373	5.0	160.0707866069883	35.0	5.0	129.5300659939566	24.141533983316428	14.0	5.1812308676531575
2011.9107704957257	17.702293385712828	5.0	107.83250766710077	35.0	5.0	184.89819018158974	23.285199444481233	14.0	5.834738541323809
2108.901580934959	17.651056286348222	5.0	140.90332033130795	35.0	5.0	147.6368297929256	23.45633934636464	14.0	4.68205846510264
2119.2954975931075	17.588598390344295	5.0	153.66286399016332	35.0	5.0	147.90778876968537	22.742814401177952	14.0	4.977987597355457
2065.6677675508436	17.57701509240082	5.0	85.60014914455621	35.0	5.0	210.85712305772358	24.150482092900713	14.0	3.441688580329443
2150.7232673680337	17.74514526092865	5.0	94.17717590075239	35.0	5.0	202.10841169517175	24.17858316793581	14.0	4.319897156462035
2190.160843920848	17.739269626308385	5.0	127.84729238919036	35.0	5.0	186.05719629051524	24.58878249116756	14.0	3.9080584894065007
2176.372301731969	17.842640331620885	5.0	114.69951407899153	35.0	5.0	197.59655627166555	23.12146608476146	14.0	4.874326038130543
2260.028438736524	17.794454068034316	5.0	108.65458126169455	35.0	5.0	174.1655835153676	23.61223922243472	14.0	5.580573549201417
2278.7354683176054	17.946060505816444	5.0	208.8502755238717	35.0	5.0	121.5678463738364	18.255029356112292	14.0	7.966060664063839
2324.8851027945148	18.055176000187426	5.0	200.02412577491702	35.0	5.0	80.49150539581235	15.0	14.0	7.247284410170888
2232.25134493735	17.886883784782512	5.0	117.80767802280864	35.0	5.0	146.05309350286004	22.065641720300196	14.0	7.883326754591652
2348.716356051776	17.849821815564034	5.0	99.95645652536068	35.0	5.0	127.56645510926413	24.99457142417904	14.0	8.015580827297757
2451.248345792376	17.947259045959285	5.0	179.13481655156826	35.0	5.0	84.61690317425635	15.0	14.0	8.541261323948765
2445.031678040418	18.105067581691298	5.0	176.0618936909297	35.0	5.0	100.59194447479291	15.0	14.0	8.077793201047266
2549.814545184116	17.895706709495723	5.0	192.63586105553432	35.0	5.0	64.88560706680545	15.0	14.0	9.22915425329828
2548.1873183352627	17.850701960719764	5.0	197.62380133723255	35.0	5.0	63.191737865378485	15.0	14.0	8.794229487494515
2496.207457847575	17.935665590373322	5.0	176.05532511353042	35.0	5.0	98.83497743127514	15.0	14.0	8.68803475854131
2551.1715018856526	17.959539625934312	5.0	173.66871009925788	35.0	5.0	97.18190624027949	15.0	14.0	8.532639778934639
2628.7563934375885	17.945004590805482	5.0	187.25167846681953	35.0	5.0	79.00963986531153	15.0	14.0	10.448921965934584
2639.060767948663	17.982240598129007	5.0	175.19196097673233	35.0	5.0	95.17321796909265	15.0	14.0	7.276653115337179
2623.166648825044	18.061343647924186	5.0	185.85986166138272	35.0	5.0	108.08371602651115	15.0	14.0	8.290198318374214
2565.14760306597	18.11715754829015	5.0	181.95625127349933	35.0	5.0	103.36883796784188	15.0	14.0	9.96195642542645
2479.6578585886537	18.26134351447635	5.0	163.57491993984902	35.0	5.0	126.6786855969257	15.0	14.0	8.762883657008622
2489.0256997241354	18.354926695335752	5.0	167.2758694461312	35.0	5.0	109.13980515458769	15.0	14.0	10.56860575788299
2545.9337584508507	18.442559957966264	5.0	165.20029534049678	35.0	5.0	98.97333955689166	15.0	14.0	10.67169453498869
2480.4053765349963	18.679061523684016	5.0	172.84052107232247	35.0	5.0	113.86578923818203	15.0	14.0	11.570530192487606
2411.245676358342	18.783102296764394	5.0	167.44858849407404	35.0	5.0	123.60583994655435	15.0	14.0	11.828157809257325
2150.493134413646	18.849568146672063	5.0	92.61056592425345	35.0	5.0	220.05811702998912	19.59768764783773	14.0	8.190278026506164
2260.5543560605543	18.893163563497744	5.0	168.4579325719529	35.0	5.0	126.27071068605079	15.0	14.0	10.32678031223641
2175.317235329122	18.960332596158864	5.0	122.41509975498455	35.0	5.0	168.39640878131348	19.513548933082106	14.0	9.083888790572104
2194.137214097612	18.997113314464755	5.0	171.399701645259	35.0	5.0	141.7168451360137	17.658941827775568	14.0	11.622598362297895
2142.118721661173	18.82608443803054	5.0	56.87767885772411	35.0	5.0	216.0806619112392	24.19338739822825	14.0	8.423396945072161
2236.473202012015	18.67274162506012	5.0	64.9011164490762	35.0	5.0	204.29514206007474	25.202068550655017	14.0	8.318457969748957
2147.367400671097	18.604389856533924	5.0	64.70011824919413	35.0	5.0	225.8253648943726	24.11910892907306	14.0	8.125297546390335
2161.0641180625653	18.586736912438017	5.0	21.21135791424699	35.0	5.0	242.7394980105548	25.27515500331712	14.0	7.8575165562939935
2216.508344156737	18.744509886602337	5.0	85.78256930779088	35.0	5.0	210.34439003316524	23.13419509223838	14.0	10.093712888704372
2205.6050016441113	18.74338465601891	5.0	81.77811020077225	35.0	5.0	224.04894559387867	23.107701745213074	14.0	9.33019084952362
2183.8488972703267	18.812395917144222	5.0	66.14468521743808	35.0	5.0	257.21318467977216	24.481620191443437	14.0	7.877282981508671
2215.1357212901157	19.12119091673997	5.0	146.50256011500204	35.0	5.0	213.31786696612127	22.032189595300515	14.0	10.997716873122256
2167.864400921681	19.237667370422823	5.0	132.35963999023014	35.0	5.0	256.20041098714984	22.677132889122554	14.0	6.851628438525057
2180.1449857088555	19.270796737226213	5.0	115.99114069491753	35.0	5.0	300.33191864657283	23.452502261254207	14.0	6.341381626364646
2115.4339521870907	19.29355485796929	5.0	129.67705187855563	35.0	5.0	306.2312291966978	22.534862211153847	14.0	5.993224583451405
2202.831098748634	19.10942709195383	5.0	104.57080907856951	35.0	5.0	289.494220154224	24.043203851860298	14.0	7.732746290921835
2214.4121203401705	18.983406312476745	5.0	114.16811803923596	35.0	5.0	312.0371047466909	23.94166940228882	14.0	6.1927987423838635
2346.333536277954	19.100542130157336	5.0	115.06147476313255	35.0	5.0	322.45045832234064	23.186288922723	14.0	7.564601594114982
2451.9512746611667	19.180087926563857	5.0	140.58365190290556	35.0	5.0	318.196066112163	24.009573105856017	14.0	7.358193484818035
2536.138784671902	19.210330369377274	5.0	142.16948481671065	35.0	5.0	352.86148476243443	23.693750781685416	14.0	7.236335568017522
2795.3818159993407	19.123450031772265	5.0	260.6969767153151	35.0	5.0	261.41311317035303	23.307364423467764	14.0	12.888841422668994
2874.8661178792972	19.102746619919177	5.0	254.92636356025588	35.0	5.0	284.5020965523777	23.036276061341674	14.0	12.623295880408
2943.3549810995287	19.077967547728232	5.0	258.3985079736925	35.0	5.0	320.6133764076387	24.06150890926892	14.0	9.2895962114722
2830.0413279941604	18.897893129289915	5.0	192.24103907483328	35.0	5.0	440.85187783568364	24.58880674588475	14.0	7.418657115093568
3016.7870871790133	18.94895182218032	5.0	231.81991539844537	35.0	5.0	433.0892073673306	24.60450474271386	14.0	7.260868472532908
2874.054611419216	18.961879094871644	5.0	181.7694814890401	35.0	5.0	531.775256556011	24.757848684918404	14.0	1.3494191556587716
3248.947043387867	18.94796438261265	5.0	300.3073841342378	35.0	5.0	492.2717752720137	24.363286507968134	14.0	7.116262035376383
2808.577854579169	18.683710677292595	5.0	160.04498627854346	35.0	5.0	596.6090702987441	25.33583902644278	14.0	2.4341169403580754
2644.1245290919132	19.06279187322186	5.0	249.68613141854047	35.0	5.0	584.5918634070686	24.707540800548582	14.0	0.9450042496424704
2864.6069648884913	19.261234196862503	5.0	246.786434371546	35.0	5.0	684.1959756326378	24.756712511243048	14.0	-2.3292370281151653
2649.180599369521	19.14898643209284	5.0	249.8348975951783	35.0	5.0	691.7732136264165	24.40592968300195	14.0	-2.8542873242651603
2597.1017006975317	19.504316956105082	5.0	205.135752932268	35.0	5.0	801.1836300456845	24.623408158485173	14.0	-6.605591080382
2575.1882204495896	19.687004252159863	5.0	149.29138685510367	35.0	5.0	893.7684130195111	24.656778484186916	14.0	-9.899527661751847
2501.8300054653805	19.841523732407495	5.0	89.99841334995604	35.0	5.0	1075.4487583928783	24.611797514940644	14.0	-15.340002269209583
2612.913411888625	19.669801651553843	5.0	61.28806269289697	35.0	5.0	1221.6232297334973	24.961641385799936	14.0	-20.72513660558395
2316.6404696216223	19.30779382525727	5.0	0.0	35.0	5.0	1333.6518570654107	24.94339892828137	14.0	-28.74113650876494
2353.1311239146353	19.45894651680574	5.0	0.0	35.0	5.0	1379.3217124451867	24.944282772198594	14.0	-29.226693121255217
2306.488163789065	19.528821100446645	5.0	0.0	35.0	5.0	1423.6896808189197	24.650974704976242	14.0	-30.19228259140254
2253.6257154733244	19.221803558893015	5.0	0.0	35.0	5.0	1357.6726033811635	24.838508426831226	14.0	-28.87984436702463
2238.245770777857	18.9473909113306	5.0	0.0	35.0	5.0	1487.5646325000544	25.061442150117088	14.0	-34.42269230002811
2331.749316327715	17.416164711020787	5.0	1058.9735233250428	27.01378742848811	5.0	902.6256688490107	27.0071332983116	14.0	-4.126215110922839
2303.0150469757577	17.257301086072438	5.0	1095.5327175980497	27.303509064556252	5.0	913.689232865098	27.035657167368644	14.0	-2.9568495179187115
2130.584049355195	17.24121684923651	5.0	1282.7346539323785	27.098600563053722	5.0	919.4191678201568	26.548060414386864	14.0	-4.022177304381873
2125.1451585936998	17.275895957644355	5.0	1397.8241682213913	27.09660101905574	5.0	987.9736009971451	26.481459633500968	14.0	-5.688051873171624
2032.051194130478	17.169757147367044	5.0	1594.0163137790682	27.217049170800387	5.0	958.576250912685	26.462756778091904	14.0	-5.5008211816186
2016.6290497870677	17.23953738133839	5.0	1826.1806700012728	27.506541181389917	5.0	1038.1697567299987	26.601637035962405	14.0	-7.856191068166085
2105.3113003285393	17.21756339072788	5.0	2005.3731049813016	27.987247761968003	5.0	1045.7151481944595	26.668232520747377	14.0	-7.154437293735022
2080.4338590326383	16.842478396244545	5.0	2201.7640734484958	28.405970961464206	5.0	1073.118079641699	27.002623368065574	14.0	-8.398205795570782
2228.390168616354	17.076688982443052	5.0	2236.8148690296575	28.942737679399357	5.0	1174.862816165532	27.06924223008322	14.0	-14.260551214231933
2366.8652089972425	17.039254650077005	5.0	2249.9345190592367	29.18657204462708	5.0	1212.7753413093087	27.095812610519605	14.0	-13.384317849854055
2365.1793303784734	17.389539757771118	5.0	2392.076824551806	29.402871414948315	5.0	1259.4889566253014	26.550030779512845	14.0	-15.124001255395658
2585.5729665240233	17.192755229783064	5.0	2526.6366100142336	29.65829658286645	5.0	1285.451884664719	26.893888007074022	14.0	-16.620014767059196
2599.2238157819033	17.08511116314527	5.0	2554.8360152406012	29.901770032719522	5.0	1259.3117047686508	26.697827683759865	14.0	-15.839320407155064
2532.7159499189556	17.100818014262497	5.0	2539.213302863059	30.123561707808314	5.0	1292.3197513792172	26.654473978139702	14.0	-17.103255582844593
2319.9265427993414	16.83868622835112	5.0	2762.6000355353267	29.74424468266086	5.0	1299.0329350696206	26.19451584987177	14.0	-16.61768311972071
2176.756526699043	16.236780197061425	5.0	3071.8340562310445	29.63933677518621	5.0	1220.8761653273405	26.183817781410355	14.0	-15.269040232410484
2156.5461976334173	15.996064238224227	5.0	3153.2031225304854	29.650364996397325	5.0	1109.3054721684982	25.82441263145068	14.0	-11.239521095639855
1987.7050396490897	16.19550450838682	5.0	2995.072129975906	30.04894139331377	5.0	1069.1223577083074	24.614735221824823	14.0	-9.002176601289612
1931.5707435159036	16.102577802629305	5.0	2919.496769479654	30.305948160805308	5.0	1003.6122231322199	23.999820021413708	14.0	-8.608888219627934
1744.9866832586554	16.224126900599686	5.0	2896.139426249208	30.368168686059676	5.0	1006.6601919558304	22.48077892351526	14.0	-5.572723457897716
1745.5044553211364	15.845294180780702	5.0	3104.1023334966285	29.846907075635034	5.0	888.7336813462863	21.357883340185275	14.0	-2.3358075710093504
1821.3850844267936	15.538955990865544	5.0	3256.77994254005	29.202562489901098	5.0	812.6513812482128	20.3288341911697	14.0	1.9757317312787304
1704.800472724017	15.61041381717734	5.0	3213.549838550613	28.700340964369627	5.0	910.032317309363	19.81989321905355	14.0	-1.423401677633972
1653.1708478155117	15.461936814296621	5.0	3445.6410915527276	28.350284476270684	5.0	931.0930662658707	19.532449720915096	14.0	2.2449230348347564
1622.2260285202422	15.631949549182643	5.0	3391.293496810162	28.265837631190603	5.0	979.7953865596016	19.533719106223383	14.0	3.7257946890244997
1701.5522501376481	15.76091544696849	5.0	3384.61890086461	28.431712618325534	5.0	987.0601241511747	19.541916485387752	14.0	4.006324134835096
1646.6935137332262	15.332439869412996	5.0	3658.1286131933157	28.480029133451733	5.0	953.343432968357	19.503543681174424	14.0	4.599509329354026
1937.4934062514592	15.291055222501472	5.0	4129.005745404284	28.6897301534812	5.0	740.1998181685655	18.974695063065482	14.0	17.96564860054873
2100.029834684755	15.140365989845026	5.0	4377.874183839643	28.713002274312235	5.0	649.71096399124	18.788089441419704	14.0	24.92134067912776
2045.3651683023634	15.370268037675446	5.0	4257.1596074968365	28.584541741190115	5.0	700.8765409855442	19.10882541941861	14.0	27.670050127520724
2054.8161154824825	15.2735715832094	5.0	4089.2831283674413	28.232115186667816	5.0	654.1783505838148	18.701411441736433	14.0	32.618962670566425
2064.0194813340368	15.232433428632149	5.0	3818.321971540292	28.212969955368134	5.0	692.0900257931772	18.15544392717371	14.0	33.03674020326723
2115.703507031075	14.757560603023698	5.0	3778.4616997621083	27.993709923447703	5.0	593.2312688434623	17.16835761298064	14.0	37.749721057064
2161.5556676577617	14.494688536198687	5.0	3530.6884235811467	27.658809130906818	5.0	581.1869278743035	16.777607644245766	14.0	38.20895620266882
2155.4794541982765	14.598085341659235	5.0	2924.958031353205	27.182359474143933	5.0	659.8212799396151	16.863256257216893	14.0	41.06073084980326
2302.5275112327854	14.862793901078804	5.0	2382.290608539394	26.691690292867417	5.0	749.8436024818907	17.541135528878055	14.0	41.24362892781281
2293.754700985859	14.859512374763254	5.0	2021.7852155625333	25.334227876461718	5.0	898.7791097696368	18.847235463874163	14.0	40.19013821779538
2164.414682497274	14.210273182508157	5.0	2410.8463628218256	23.35659157205887	5.0	985.9228050145726	20.50765861404106	14.0	38.90051003729917
2055.4254714990216	13.900204662510552	5.0	2930.381119760559	22.194949708331855	5.0	1152.2193661114325	20.8590009434657	14.0	30.986084699351288
2137.2603324350803	13.963704688705915	5.0	3819.003698393204	21.861471551223488	5.0	1294.5843222280162	21.22466250339192	14.0	26.201045787558837
1724.577698275334	12.437380605316738	5.0	5781.170405228015	21.12242327469563	5.0	1317.678225675976	22.005065298295555	14.0	27.585896600242428
1433.4954616872133	11.382679448952109	5.0	6617.740589729954	20.59582210228518	5.0	1363.6107169217807	22.63906170502609	14.0	27.069852375969457
1611.4580976661875	11.942860171062033	5.0	6138.962918325988	20.49498331825727	5.0	1476.6551036438202	22.615202048545367	14.0	27.78579350457835
1715.2597128320554	12.056292385867037	5.0	5659.209761694138	20.626564285415842	5.0	1527.0958760473063	22.58729862915194	14.0	26.68555946601634
2068.4828805643633	12.691110000352444	5.0	5391.95013890891	21.174798426567687	5.0	1581.6784791827013	22.026819821219455	14.0	26.981485222392337
2394.9795346213255	12.51402300980873	5.0	5658.730378426026	21.662629009272926	5.0	1498.757720533956	21.79659606203777	14.0	28.997914184670346
2792.28003666989	12.431405173468148	5.0	6436.259797918204	22.03940901070117	5.0	1311.078215256613	22.546581332873075	14.0	26.2073024702633
2952.2483497853063	12.108376598130649	5.0	7186.600625618733	22.208595794454244	5.0	1184.549425452602	23.143671728438118	14.0	23.12777405305547
3093.902091155063	12.214898411759828	5.0	7186.2797769540375	22.268159179195223	5.0	1223.6500151078656	23.265044621179438	14.0	17.803141371773975
3380.714884292731	12.324607701255493	5.0	7085.432717781523	22.444695573850566	5.0	1192.5978599910602	23.70481204167395	14.0	10.520950966157525
3688.836116479928	12.798352859658733	5.0	6776.028463809688	22.559891083625555	5.0	1178.9602414464548	23.3492759687903	14.0	9.962089815392364
3932.828969335147	12.948285937436737	5.0	6485.780470861556	22.482900714192876	5.0	1244.2586873919145	22.868226997416322	14.0	5.526026850204727
4627.1946234906045	13.559914741165482	5.0	5709.173905449903	22.99182799976006	5.0	1386.0625511462717	21.963497437517184	14.0	1.4779895706013666
5369.748130436946	13.794071366448243	5.0	5041.878310587735	23.5752795672628	5.0	1470.0682538334115	21.225556729129178	14.0	2.202977074175522
5889.469698575425	14.020811642510067	5.0	4515.9866871140675	24.315432686595127	5.0	1499.5262497108076	20.21581353652468	14.0	3.6658610617496756
6319.058969465881	14.154255793946776	5.0	4286.823301813947	24.700926516330725	5.0	1518.8155533757435	19.319464660483522	14.0	2.3048744633595275
6980.708835387124	14.096778201545783	5.0	4288.900041759541	24.910783714724207	5.0	1360.5387626547274	18.56596059844001	14.0	7.261022127431746
7440.791012643255	13.807865804287847	5.0	4705.625434307796	24.67606465253458	5.0	1116.9479529676696	18.840926594538352	14.0	13.529143654042525
7560.133912916073	13.692306556343357	5.0	4770.82088715471	24.39533108355072	5.0	1017.5117500775997	19.51895972966932	14.0	15.584733015365039
7816.662195468894	13.361634469342004	5.0	5241.537259875376	24.23437006452451	5.0	737.4173525667663	21.140494814772037	14.0	23.02438377727713
8502.529374442569	13.398232287916446	5.0	5765.720869775642	24.32385996284854	5.0	243.35999353939746	40.0	14.0	27.710198737846394
8814.289850838715	13.683813716696768	5.0	5416.627957383287	24.499366641391347	5.0	231.00656068377066	40.0	14.0	22.489579521575035
8796.469319249467	13.843083183839434	5.0	5142.2887272528	24.62314557530644	5.0	228.72557434906804	40.0	14.0	14.746761925978339
8487.515502623477	13.894296741320307	5.0	4959.845817532738	24.609357685375002	5.0	239.50591416586659	40.0	14.0	10.394320378120415
8111.906347107745	13.789024375738691	5.0	4680.861112595599	24.600810689644824	5.0	250.1814511116729	40.0	14.0	5.985149072824159
7621.078394889529	13.835191699087458	5.0	4273.292015273973	24.773179833327205	5.0	236.70345787950123	40.0	14.0	6.415227504626792
7246.815320074996	13.988258447717664	5.0	3786.4173120921987	25.043889467253024	5.0	220.90330536242507	40.0	14.0	11.15832816832317
6944.314649381536	13.945738956905956	5.0	3653.808151633994	25.172612958587152	5.0	211.5248516799454	40.0	14.0	10.748237587024974
6708.643452126764	13.894866253452399	5.0	3481.3343007285607	25.164409649085172	5.0	199.99644806998973	40.0	14.0	14.398583880577707
6536.288264370576	13.905356428726737	5.0	3362.0457785194517	25.130153923214483	5.0	190.6828672499805	40.0	14.0	15.654574220652414
6379.605230236997	13.838169310951525	5.0	3317.3117176187943	25.03631121174824	5.0	181.23939291785425	40.0	14.0	14.320211153554611
6162.928886152301	13.841260828578447	5.0	3262.8440225848603	24.958836815459254	5.0	161.6513661263364	40.0	14.0	13.302629063471684
5988.739810458424	13.646189957631623	5.0	3404.973831311383	24.813026028829867	5.0	156.84027646851018	40.0	14.0	12.249043888769467
6025.865055878694	13.601586233524293	5.0	3450.904591967048	24.800600891437394	5.0	145.4848146584374	40.0	14.0	11.44668983102758
5934.829293504515	13.41017142996889	5.0	3650.9371346872726	24.4694005311767	5.0	144.59494452404888	40.0	14.0	7.246535603515438
5875.508120664315	13.4718563066487	5.0	3906.8635228003227	24.200178202264944	5.0	141.72681507156452	40.0	14.0	8.813641292937943
5777.303621788686	13.502357442929668	5.0	3780.053057687933	24.374404081860074	5.0	144.51322984552826	40.0	14.0	8.652262581144338
5530.3032240705525	13.41744961403465	5.0	3731.089876828069	24.65042493260893	5.0	144.45197639257702	40.0	14.0	7.703740567111572
5072.118118405413	13.369289183429775	5.0	3664.7080806514846	24.811157710204547	5.0	153.83581528306473	40.0	14.0	7.295504410839764
5003.815346350949	13.390685928033184	5.0	3629.8853489023354	25.09635512141075	5.0	155.3291600474381	40.0	14.0	7.602847094745942
5000.132038625784	13.17138345724407	5.0	3662.2820440149503	25.11619097632985	5.0	163.2376917322321	40.0	14.0	4.538845995062475
4948.900484578644	12.805480231582465	5.0	3532.161319102954	25.243429794101896	5.0	162.43660209672205	40.0	14.0	5.351060162855312
5185.28572662492	12.329375045088574	5.0	3695.3953243806923	25.119942249607	5.0	169.50941397192614	40.0	14.0	5.451810385814749
5524.910449852165	12.083041872197922	5.0	3996.2178981792554	25.161880745092667	5.0	166.50017092736485	40.0	14.0	5.656433179601078
5644.309880391592	12.231015669143833	5.0	3988.0206495735074	25.353682647851596	5.0	187.8920751726791	40.0	14.0	5.818987707667108
5515.725041022181	12.40991900226882	5.0	3918.147052359205	25.638821024737	5.0	194.37978105589855	40.0	14.0	5.7010901910706595
5358.55895962415	12.69397874871416	5.0	3736.0013006111076	26.219048981226237	5.0	165.5046899411246	40.0	14.0	9.072975282176968
5189.159531862567	12.707035912745637	5.0	3715.8438936795783	26.57572187810538	5.0	141.19792637609604	40.0	14.0	8.654932706472179
5171.815376563971	12.763594492282795	5.0	3840.1651025536344	26.984539016206888	5.0	113.71090739062795	40.0	14.0	9.710056148448352
5110.764113091208	12.56257672539483	5.0	4084.3371638940234	27.399499413680164	5.0	97.4572697152499	40.0	14.0	9.653086007766412
4957.1992366424365	12.455222227598124	5.0	4269.986784062086	27.80330699679469	5.0	74.62933374945071	40.0	14.0	12.326408167981064
4466.21557882585	12.516335683056191	5.0	4196.171941643429	28.091127167922995	5.0	64.18612175055605	40.0	14.0	15.24494279064753
4132.058925151519	12.555397238205542	5.0	4066.600421036589	28.25981124992865	5.0	83.64431510618375	40.0	14.0	14.106465647615089
3984.0295772867485	12.397844203655051	5.0	4171.933584146723	28.3400735227007	5.0	97.65537231039816	40.0	14.0	15.225485792023338
4089.141207607496	12.283488652452474	5.0	4360.682146657382	28.645356278382145	5.0	120.69450414208956	40.0	14.0	11.654535962549781
4320.771017533327	12.213477866567496	5.0	4496.827945313062	29.175561773099005	5.0	126.40252169098588	40.0	14.0	10.129215767405611
4399.349866849769	12.228204086477874	5.0	4530.9642961192	29.51461027292314	5.0	117.5051196425863	40.0	14.0	11.909525276598991
4311.958566015106	12.093192433961113	5.0	4368.6207129740205	29.591996020579508	5.0	128.77685164270596	40.0	14.0	10.164551256059585
4086.6337911616456	11.921825392024207	5.0	4228.46819927752	29.758124459197017	5.0	123.52367923384978	40.0	14.0	9.053568996007721
3870.323951084889	11.811246322311053	5.0	4150.558865652462	29.93974774141163	5.0	104.26809623062053	40.0	14.0	8.196649246471098
3746.8584219656645	11.73984776298776	5.0	4036.0065604701995	30.081951068804216	5.0	0.0	16.099413645087605	14.0	26.641035680780277
3581.328757242237	11.567414635080347	5.0	3623.0098881800636	29.895682167441173	5.0	85.0093230193766	40.0	14.0	14.268957249238905
3501.9127528758017	11.464037518909732	5.0	3535.5260342097713	29.78162859761706	5.0	66.6572790962366	40.0	14.0	15.618693322958766
3197.442186715452	11.400502565217437	5.0	3231.5101314085314	30.031882512282973	5.0	256.580177235019	19.237179331061245	14.0	18.199608099751124
3080.20658546693	11.64479928521568	5.0	3222.6623758768214	30.522903078813627	5.0	387.21471897882157	16.823473335017106	14.0	13.64132674951835
2986.344245379028	11.984458529414406	5.0	3318.706189420596	30.760837213361697	5.0	591.4378269683116	15.0	14.0	5.800877143144722
2725.4294545620623	12.532400548973861	5.0	3212.7246780845308	30.887135135406265	5.0	812.4706283128786	15.0	14.0	-0.0360167245636846
2843.30429441932	13.123225307728326	5.0	3151.1164078208685	30.931199450686236	5.0	826.6059582318987	15.0	14.0	-1.388042392978068
2969.221615327562	13.549121627531514	5.0	3075.7529992940545	31.083266715666735	5.0	731.4040590336631	15.0	14.0	2.671396072359093
3087.4989308486506	13.58427841762828	5.0	2963.6644234451383	31.119457475033453	5.0	685.6904396752861	16.178074126749618	14.0	5.2010459099283395
3166.0696148855213	13.838227226108671	5.0	2911.7918170084768	31.44680893848036	5.0	713.6585836812791	16.307181681788933	14.0	3.2491452031619574
3046.598974608848	13.943427675155167	5.0	2906.592424569083	31.540650916069207	5.0	796.2523737273763	16.186311793153134	14.0	0.9148318786663295
232.71594541474553	20.0	5.0	1667.5153054367383	32.79087228472571	5.0	2709.0095257670955	17.591816851905985	14.0	-87.24212026294364
313.8251801093187	20.0	5.0	1993.3709374895916	32.43693807632991	5.0	2572.9968963951833	17.332173171747783	14.0	-79.8293704257626
287.4226794114665	20.0	5.0	2241.5027838350634	31.84179324721707	5.0	2444.649679575478	17.183839012207	14.0	-71.01264485682375
483.26499392117796	20.0	5.0	2503.7180719286634	31.303182131980687	5.0	2229.447892326062	16.87317231445566	14.0	-56.30727238752616
742.8587198561568	20.0	5.0	2919.93602130609	30.746521511993848	5.0	1967.3890537117761	16.439042097862167	14.0	-41.837524453364274
1246.3988433119387	20.0	5.0	3258.2616883986575	30.386011946761577	5.0	1637.6747076032643	15.793077994636144	14.0	-22.88549664523766
1867.1701503868858	20.0	5.0	3503.9999107161702	30.090932414717983	5.0	1296.1598370878385	15.143913065283733	14.0	-6.384785557755454
2444.727345306388	20.0	5.0	3718.0177712762957	29.890491892604032	5.0	948.5139626136631	15.0	14.0	11.019515462604542
2821.908169789752	20.0	5.0	3931.1785114122413	29.765971242055425	5.0	710.8111778715408	15.0	14.0	18.063317610592946
3033.2248027288097	20.0	5.0	4059.8031336234994	29.932714972623273	5.0	532.4406880717963	15.0	14.0	19.26523586327449
2913.1101573526826	20.0	5.0	4093.4303110455153	29.946383058073625	5.0	489.4163229004175	15.0	14.0	15.732867653411411
2893.7112979669296	20.0	5.0	4065.103302042135	30.013036978911853	5.0	461.2205719187193	15.0	14.0	14.860408310783399
2699.6836853751306	20.0	5.0	3854.5008367820174	30.100113174195847	5.0	504.26322845595246	15.874135886745021	14.0	11.591698057052165
2662.3177209615815	20.0	5.0	3603.311341129164	30.08587227164341	5.0	473.2088639195072	16.001416661143484	14.0	12.345231487085284
2607.7208201997873	20.0	5.0	3600.1011948574087	29.940045855582504	5.0	469.6201272768159	16.465494898378335	14.0	13.720992160323512
2720.246090298843	20.0	5.0	3619.3781474594302	29.884455372844677	5.0	474.1110889577883	16.966596351131784	14.0	13.84662456512525
2793.0671394617184	20.0	5.0	3977.6704202453584	29.449599672777442	5.0	412.80840614748814	17.632537966906632	14.0	18.059889708904414
2743.7757576510044	20.0	5.0	4335.499076642566	29.117903866939013	5.0	410.137081935986	18.57299086307265	14.0	22.101308444366556
2638.799495145664	20.0	5.0	5185.440003962881	28.824308771852237	5.0	421.1904002483908	19.491254872036485	14.0	21.453852022487162
2141.9655482278035	20.0	5.0	6013.2951808646285	28.515732291828368	5.0	519.3171435855751	20.736345316850993	14.0	16.98842970993555
1684.4963278594948	20.0	5.0	6368.4496677568995	28.339698161557166	5.0	575.3668872161718	21.553993141033814	14.0	15.823978445224219
1727.9863717914216	20.0	5.0	5877.655316825555	28.599968643352	5.0	588.8799290231592	24.087757349524935	14.0	13.700205984583382
1910.7306754256526	20.0	5.0	5149.7180978438	28.880745491175556	5.0	527.2609237363457	26.731168001407152	14.0	13.599104253061236
2065.589835635309	20.0	5.0	4689.8257683307165	29.373241983640007	5.0	412.1641653759377	28.031104048538865	14.0	15.355542160257391
2013.176506660178	20.0	5.0	4328.594496596491	29.74140132981805	5.0	327.43323081981174	27.866528469295133	14.0	18.159421962550887
1804.2332307748713	20.0	5.0	3907.8742915301677	29.892774713484684	5.0	344.6335580196549	28.132526478650487	14.0	17.311356305951225
1505.088386978442	20.0	5.0	3577.8147556207155	30.04388302506377	5.0	392.49821456548386	28.308698308228973	14.0	13.422524594717526
1311.2509253834169	20.0	5.0	3378.7348632096323	30.221360503903515	5.0	415.604028482383	28.871867627750703	14.0	9.618781837206065
1136.9675824289006	20.0	5.0	3126.5303385535794	30.163001041622977	5.0	467.9820658548719	28.639762355087406	14.0	6.700330030351141
1065.833695767734	20.0	5.0	3197.1068359180376	30.153445306382018	5.0	436.43644774024364	28.446511417249067	14.0	8.111139205130277
1011.1715099149269	20.0	5.0	3259.963971801808	29.66314002394169	5.0	472.67852389293586	28.80286272239851	14.0	6.475498434242214
1176.7114960089493	20.0	5.0	3178.78175714327	29.58879741781476	5.0	476.94715443331035	29.616659352111792	14.0	5.778808367406784
1205.0452089817425	20.0	5.0	3358.3257923241836	29.254650408236444	5.0	491.0256071211738	28.869572803041134	14.0	6.0187397430815865
1043.2737268821484	20.0	5.0	3821.285803053204	28.876097135447477	5.0	521.1396630042735	27.78600147477364	14.0	7.628208890035995
800.8266656514205	20.0	5.0	4249.79781034014	28.644793653684097	5.0	508.10209343763853	26.155601113904023	14.0	7.680723422750963
512.8387488539424	20.0	5.0	4407.759283315392	28.681580200011318	5.0	450.02613472684106	23.90252239264284	14.0	10.483333736568493
490.8226031335119	20.0	5.0	4341.9475646427545	29.043135897703177	5.0	375.37278461389775	21.726036425638075	14.0	11.58806699233087
423.38587887342055	20.0	5.0	4400.531718696017	29.163015980103637	5.0	349.34368106895437	19.856833860064537	14.0	10.294251373566723
453.7118805480305	20.0	5.0	4493.864534819597	29.40014102161797	5.0	299.92373357731793	17.42478626674859	14.0	8.498501727076395
443.13903299595677	20.0	5.0	4605.385473168131	29.66480684030251	5.0	294.81282959103424	16.59550967441451	14.0	6.648127237671354
363.5148541381269	20.0	5.0	4624.997295292837	29.627976453639686	5.0	315.7904516515419	17.063350857520962	14.0	6.439855431053001
332.1137936202727	20.0	5.0	4578.98179938978	29.4510647729492	5.0	324.7002215030133	17.69551515402318	14.0	7.375297712518918
386.75000327622143	20.0	5.0	4244.899678284416	29.37511509099044	5.0	339.05291836604573	19.45501316741467	14.0	10.46595669610663
509.1363858562051	20.0	5.0	4084.317656902002	29.62687205812094	5.0	302.4156613149544	19.80779536571425	14.0	12.28722748299535
581.5348004267141	20.0	5.0	3977.780236749712	29.830258200021177	5.0	277.6506380371648	20.89463095856053	14.0	15.540242928147894
537.6654012319415	20.0	5.0	4066.9414729021623	29.818363903291672	5.0	267.59164692227694	18.893398691215225	14.0	13.723601509568594
549.2332243112035	20.0	5.0	3835.8541507649793	29.73100960301787	5.0	276.284488879506	21.344724704761635	14.0	12.297566666728647
651.6294980326775	20.0	5.0	3493.021175749147	29.527165237192385	5.0	259.411266734644	22.05415057533623	14.0	12.346543317512767
635.4948990932436	20.0	5.0	3262.8393589764023	29.290055139905967	5.0	249.37012535217644	21.316017922721024	14.0	12.142639631756108
546.7560516759155	20.0	5.0	3079.571681794301	29.050102050337372	5.0	240.15809033969518	20.708416927821542	14.0	11.536275495409255
428.59624363136874	20.0	5.0	2859.3995734393566	28.79659657863303	5.0	263.05845420388266	20.200106386393212	14.0	9.514711471539732
384.35451522110026	20.0	5.0	2574.967521467594	28.76763221199944	5.0	257.33421880989005	20.692829309280565	14.0	8.588909283302746
389.1531644053139	20.0	5.0	2306.2497016235475	28.856155221643668	5.0	252.8673569022418	20.480246924794564	14.0	7.980474845948655
347.72993267936505	20.0	5.0	2156.5102097614154	28.796952965276038	5.0	276.8258910208017	20.812671237074497	14.0	5.425473407264944
285.61271374798775	20.0	5.0	2152.6206966780173	28.552978524887415	5.0	284.91477677081866	19.889297401712952	14.0	3.587279529963532
260.08497121383203	20.0	5.0	2316.8488669922085	28.155936810416115	5.0	263.7279201292142	19.345853259648738	14.0	4.314142678256364
244.5904349561545	20.0	5.0	2599.134608730433	27.65712876046933	5.0	292.1286947732906	20.507280238924952	14.0	4.467994405268582
169.0910998307945	20.0	5.0	3011.6175320756583	27.13892353717743	5.0	309.0879684470518	20.098314482225522	14.0	5.536389371227197
124.80800056546478	20.0	5.0	3465.029511654476	26.68960948671458	5.0	330.89624582988336	19.485585971767684	14.0	6.374359675846073
0.0	20.0	5.0	3912.2228989716236	26.2597861429137	5.0	318.10903124381946	17.978384349797143	14.0	9.896675256131692
0.0	20.0	5.0	4210.696155832418	26.13103936187771	5.0	280.34307718558364	15.0	14.0	14.478819351327235
0.0	20.0	5.0	4306.349097086994	26.030907549067575	5.0	275.735462770734	15.0	14.0	15.036347962755633
0.0	20.0	5.0	4088.0106787292507	25.705277539665836	5.0	362.15569972260386	18.303426602122688	14.0	9.693180708000435
0.0	20.0	5.0	3916.766481380691	25.50834769598337	5.0	415.67703135012437	18.935505029423013	14.0	3.8718567237337314
0.0	20.0	5.0	3799.8253646167586	25.333005942833406	5.0	404.85853268186156	19.134410085476258	14.0	1.6611439126014313
0.0	20.0	5.0	3798.6087944951205	25.064204198459592	5.0	402.0413776673397	19.583958337073625	14.0	2.160440164878635
0.0	20.0	5.0	3862.92916676887	24.75020507279558	5.0	339.03443558858385	20.866845424783822	14.0	4.978306015185953
0.0	20.0	5.0	4092.215008876989	24.535991600051556	5.0	224.36699083765535	20.22700692054963	14.0	10.228299938853642
0.0	20.0	5.0	4196.313406679391	24.351215594707558	5.0	163.03846711861456	20.91295277882495	14.0	12.693359898108188
0.0	20.0	5.0	4163.992175733799	24.120839230564055	5.0	166.93438451857028	24.474387234362318	14.0	12.900173901994501
0.0	20.0	5.0	4034.3297885736506	24.02690641207202	5.0	157.50092088565583	26.192250040090208	14.0	13.17799856750931
0.0	20.0	5.0	4115.509536214737	23.88729662948801	5.0	162.17990388167806	26.641352823459282	14.0	11.615605607526412
0.0	20.0	5.0	4197.853938924051	23.78873317966547	5.0	137.16164720518915	28.676916610562003	14.0	11.692845722565385
0.0	20.0	5.0	4165.926694789159	23.89271087649295	5.0	154.03672523388983	28.09726965140359	14.0	10.783393862049271
0.0	20.0	5.0	3870.616403235206	24.119478674663842	5.0	163.76059769797888	26.002009191867433	14.0	11.659998006853117
0.0	20.0	5.0	3523.8446529553535	24.428185361994906	5.0	216.62026288860554	24.593645824715676	14.0	6.84730556290947
0.0	20.0	5.0	3421.963293667857	24.715048336252554	5.0	178.93397324533493	22.961131660035008	14.0	7.9799263732969195
0.0	20.0	5.0	3242.6324845630056	24.85700912489501	5.0	187.21102640525163	22.911193432839223	14.0	7.252213668748279
0.0	20.0	5.0	3046.8105403963255	24.947564797415303	5.0	178.16008292975212	22.914940536861675	14.0	7.264142352116494
0.0	20.0	5.0	2768.5708358614834	24.958856208775845	5.0	192.62388833036044	22.947240640887298	14.0	4.075193509318516
0.0	20.0	5.0	2527.9776726808814	24.926916781808565	5.0	204.61400374260307	22.535663132204977	14.0	2.107750489533379
116.84343944987974	20.0	5.0	2208.368672660738	25.023576520521576	5.0	199.61620654754364	22.655608465214925	14.0	2.0017897361262467
165.477890209706	20.0	5.0	1985.4939207527939	25.04047857178973	5.0	208.57766060410424	23.766068509440856	14.0	0.702637736380314
237.50294695152027	20.0	5.0	1774.9566754759173	25.17762022631106	5.0	211.23013857729924	24.70436069286633	14.0	0.5333695400557936
310.0633918693983	20.0	5.0	1670.555936527851	25.25481399491141	5.0	195.74349877058026	24.880924646872867	14.0	1.0394729332960955
332.7553245261772	20.0	5.0	1486.7302057951201	25.30905428322466	5.0	208.89422887996645	25.72854658188216	14.0	-0.21312433631574015
364.1808455797428	20.0	5.0	1402.637895839668	25.440527617674082	5.0	206.50869973309418	26.18144677171269	14.0	-0.997123929722429
363.74004091709594	20.0	5.0	1349.5004145828375	25.302757954436544	5.0	215.81736981984596	26.04785643916459	14.0	-0.7267153418149221
284.0572415268546	20.0	5.0	1358.301935505723	24.874000375707414	5.0	247.77292045845903	25.63398498116599	14.0	-2.0534113598373667
225.51925282303353	20.0	5.0	1504.5569799546743	24.441980876885104	5.0	228.7216302077441	25.362966015861133	14.0	-1.0617759207684418
279.57051267496155	20.0	5.0	1411.7748896680168	24.233811306193093	5.0	217.7797631903239	25.39043578690023	14.0	-1.9890534969803297
72.05815980445989	20.0	5.0	1631.4563820799756	23.618755338316884	5.0	207.20049835060232	23.748776529197997	14.0	-0.6353176596613067
183.11708179626748	20.0	5.0	1480.7530174486997	23.980140231746272	5.0	202.0405361771808	22.95104908410961	14.0	-0.8716958485576267
228.70168849981656	20.0	5.0	1226.431191651487	24.07730439806357	5.0	194.03127648009183	23.42215680946983	14.0	-0.6938801675284947
271.60886396062114	20.0	5.0	956.3306621764332	24.587376919655465	5.0	188.75693488500045	22.621895000251055	14.0	-0.3950389902960395
286.2705362606155	20.0	5.0	761.6713413560052	24.42369462313351	5.0	188.666604688643	22.792370513790082	14.0	-1.4003124320012161
303.5982206263861	20.0	5.0	647.8527408061448	24.816895357033474	5.0	177.1410429877711	21.922614933624835	14.0	-0.926697796061139
246.35243344533197	20.0	5.0	602.2677817137794	24.519472367062303	5.0	181.0804551434107	21.561061018376922	14.0	-0.6414048570379539
240.57331168931154	20.0	5.0	527.5972649805774	24.36880766462126	5.0	169.75832547615232	21.161244841551593	14.0	-1.4618508633123222
274.3521598895335	20.0	5.0	438.35288150619016	24.810159879950316	5.0	174.1936156000164	20.71959292232566	14.0	-1.8178616417195432
222.9860611811927	20.0	5.0	497.4802492834579	24.285091571246028	5.0	169.50656042472386	21.102277255336286	14.0	-1.200375494630203
261.0137309618524	20.0	5.0	490.49047664463694	24.756225560531547	5.0	167.30403760716194	20.73469904881488	14.0	-1.9352997907505292
267.2474029631199	20.0	5.0	509.98793279479196	24.73149461924496	5.0	172.70465524404258	21.015000409168387	14.0	-1.9600922800582607
243.79644600796993	20.0	5.0	651.4761780078724	24.698293338072357	5.0	175.61197464289955	21.055905726660416	14.0	-2.7596140417578985
327.60045702412305	20.0	5.0	649.8077662373113	25.251810818774235	5.0	182.15207239955433	21.640903450477513	14.0	-1.883511458294553
323.146116081618	20.0	5.0	753.9057844934621	25.32913918679772	5.0	183.56171690584011	20.721326806542468	14.0	-1.2449164007538829
335.89283715512005	20.0	5.0	823.5675639344731	25.59582360482529	5.0	169.6340692209168	21.04263506887906	14.0	-0.7536871271839651
296.1818106404416	20.0	5.0	867.9579021151665	25.770925433155544	5.0	170.78945148105964	20.346311690494534	14.0	-1.0444667620799077
246.69268994372555	20.0	5.0	894.3402875962136	25.92673959679488	5.0	186.23142363383585	20.9001689226657	14.0	-1.741076870434986
273.0947313232561	20.0	5.0	841.411921204082	26.498271626081205	5.0	169.840190627613	20.498969080392065	14.0	-2.084678587281116
247.14944656016561	20.0	5.0	823.8122072966685	26.742957281793306	5.0	166.87761322916018	20.386158637413036	14.0	-2.6535213803796522
267.1441763761532	20.0	5.0	735.156408613792	27.190259451958536	5.0	171.43428751438964	20.49114548023641	14.0	-1.4466731211330894
269.22075201897155	20.0	5.0	715.5052878322325	27.586117681531036	5.0	163.11577433356655	20.503515024199867	14.0	-1.62944274209052
296.4977142913251	20.0	5.0	628.5906427512307	28.065212104170378	5.0	160.14113101457693	20.566214498322374	14.0	-2.2050011025079232
271.0014194210241	20.0	5.0	602.4986392921016	27.998064024431244	5.0	159.05641243341339	20.531112330991636	14.0	-2.258571512315215
301.49601495275266	20.0	5.0	551.2525341681195	28.475537972910853	5.0	147.2403642935162	20.763318756893515	14.0	-1.625501531132283
312.97877943094096	20.0	5.0	565.4699084151149	28.721643749563373	5.0	136.30141408965082	19.990408654089805	14.0	-2.0434102621281194
298.92750923519293	20.0	5.0	572.5286804548992	28.783106179000413	5.0	144.70968146826985	19.954262106590043	14.0	-1.4861579025619187
327.8372601283703	20.0	5.0	566.5493812451617	28.986316762856543	5.0	146.1754559606637	20.97625555162383	14.0	-2.616293993842842
314.4785201202928	20.0	5.0	580.1367628907783	28.375169874218837	5.0	141.0593053943842	20.7129550552114	14.0	-2.219463857664685
335.14603583138074	20.0	5.0	553.1179408346551	28.34862700145441	5.0	139.22776361777977	20.710722996222124	14.0	-0.4081436690654776
348.06592571825365	20.0	5.0	569.5813102669954	28.08567848858531	5.0	137.22624760403934	21.087636609617352	14.0	-0.8675499590582051
319.5937024802456	20.0	5.0	578.9047323186061	27.43944315000564	5.0	166.00020703951228	21.379273655069163	14.0	-1.6840019194455882
356.05079986191174	20.0	5.0	644.6515136202541	27.742244471582236	5.0	148.27865935583574	21.019759820258223	14.0	-0.008606354431802623
393.3852102871289	20.0	5.0	638.2866340622313	27.899905584125182	5.0	141.0857671051358	20.66873797290875	14.0	-0.07515501702090961
344.7707044053547	20.0	5.0	657.5774177953587	27.74706679722416	5.0	143.35655987563018	20.21943973962641	14.0	-0.7134744414227813
275.9770375443284	20.0	5.0	688.888435221472	27.21762135640292	5.0	157.44381685345027	21.165118268051554	14.0	-1.7603181529258345
285.88364639410383	20.0	5.0	662.3451158085061	27.3679130579422	5.0	159.45617749730368	20.41605208403033	14.0	-2.2804910985385223
283.8362350904314	20.0	5.0	672.0762621908136	27.371087183263704	5.0	152.78693801396872	20.797602564336177	14.0	-0.9683218740435093
255.6916232554718	20.0	5.0	663.2793223653869	26.961499985954056	5.0	161.24583272428188	20.009241483232664	14.0	-1.7648870090967677
269.0312463797075	20.0	5.0	608.9025095170601	27.001301758532637	5.0	149.69051697171312	21.100287914419724	14.0	-0.8368300835996407
279.8952903512029	20.0	5.0	519.0253269293877	26.805766394468357	5.0	150.6840233094945	21.217397338439664	14.0	-0.5467091749637437
284.1494180354453	20.0	5.0	471.3979501657699	26.722575677661204	5.0	150.87828509803217	21.131134843564404	14.0	-1.1015772394215375
295.40556107116964	20.0	5.0	467.1718245531784	26.533894194240993	5.0	141.5247051256775	21.58104800587521	14.0	-1.038251435918511
323.1672183303398	20.0	5.0	456.3326768427251	26.564180624779176	5.0	145.80325358992536	21.531942308418866	14.0	-1.3721818338612888
324.3215767035187	20.0	5.0	484.4210651064656	26.077354340974264	5.0	150.6550693673116	21.608918960319436	14.0	-0.4357036588647561
367.0996788583139	20.0	5.0	456.3966739181009	26.51157527752246	5.0	149.37054464289545	21.40009677860087	14.0	-0.48891679139286265
375.51731217834526	20.0	5.0	467.4027269680295	26.236257467606393	5.0	152.57611026458804	21.503910445528632	14.0	-1.626069023382367
359.25441760743405	20.0	5.0	469.1315826476288	25.653503388784774	5.0	171.30556342071733	21.29340407322844	14.0	-2.041006933325146
456.18889199395124	20.0	5.0	450.1131480955478	26.066998777832605	5.0	170.55772224716586	21.313009209572993	14.0	-1.6573235551164112
441.20059288922147	20.0	5.0	565.5306551901724	25.62931786815855	5.0	169.65529343058	20.38420529673795	14.0	-1.0447596761404994
376.0151443525721	20.0	5.0	645.7389861379856	25.035968402658614	5.0	201.68148189144628	21.541773148901317	14.0	-1.9167545717321786
436.3431383202102	20.0	5.0	733.7308652028632	24.887780216569027	5.0	200.9915437653768	21.252864232469243	14.0	-2.1725970731514463
461.80193442426554	20.0	5.0	784.8907856287076	24.87213121650251	5.0	203.89462861361812	21.13364775753452	14.0	-0.9159774375790698
276.41499438524664	13.105800002874034	5.0	1372.6142532781519	23.647092247397843	5.0	80.00204669012955	33.51280283766864	14.0	1.1188358379719614
279.8135632355703	12.737831146152319	5.0	1448.382347167635	23.464826435784925	5.0	74.32966192813643	36.52983797130523	14.0	-0.2605287413387011
249.31840741019573	12.18841254920198	5.0	1596.0908121080117	23.02564623236021	5.0	61.31436253911352	38.17648725310872	14.0	0.6808326474997989
172.78119368775546	10.783007429884632	5.0	1723.675570906716	22.427502660126976	5.0	74.11405622300383	36.55908021614681	14.0	0.5979595379639445
175.27218223293724	10.349433701109103	5.0	1737.6291294854486	22.321141626416672	5.0	60.251782670537345	40.0	14.0	-1.1390302144912101
142.00660823604863	9.780840090523656	5.0	1773.051284979473	22.21272994053804	5.0	56.42262419909874	40.0	14.0	-1.1944840829817573
125.85673667443139	9.500296091198576	5.0	1730.6059499986586	21.96928234524955	5.0	65.63889070739118	36.06552059118892	14.0	0.666642672736403
148.8814497702686	10.346237476641768	5.0	1713.9514621953954	21.86081582688302	5.0	74.8364424024762	34.61190195558745	14.0	-0.24262410851750355
175.5865385563885	10.433754906601882	5.0	1670.228331212479	21.960805680368214	5.0	68.25692931374142	33.45270512505391	14.0	0.2868013772893624
188.58441027840198	10.558835892167352	5.0	1653.8711183865666	21.917510200896597	5.0	71.9719744530092	35.35965819900535	14.0	0.6631232225824957
213.62567399764643	10.765296936138368	5.0	1582.548242692239	21.941296153284487	5.0	86.03688930270721	31.853815139279753	14.0	0.44088197223620984
208.12461454153822	11.213563628912913	5.0	1619.5566715004945	21.833634189596086	5.0	104.61208997020361	29.544083683111836	14.0	1.2163509732484512
255.13764577607967	12.506599215788096	5.0	1607.983368583887	22.107160086749538	5.0	117.09235372902552	27.397025884667865	14.0	1.6928487374064065
269.4162042784333	12.326256549706207	5.0	1627.9393743530422	22.039800007896808	5.0	115.00351008288264	27.344769871105285	14.0	1.952965732515259
235.19222655171896	12.894506798734517	5.0	1600.948990055128	22.04646320700335	5.0	135.40171061418482	25.440768397861873	14.0	0.8609018208009842
204.68192472352465	12.604499125190092	5.0	1595.8227580591542	22.08773556304356	5.0	136.2601485225127	25.933532482307438	14.0	1.4803910148324633
275.10823376515594	15.210378834083956	5.0	1412.0842419491255	22.535173243672826	5.0	164.63638883411517	24.408543663558138	14.0	0.16078687850159554
457.20432308824286	16.608296151517713	5.0	1261.1046938790175	23.34450049558656	5.0	145.51833512729982	23.685380505368496	14.0	2.31252029720772
370.7783207510269	15.74952406437042	5.0	1317.193413175173	23.12995069125486	5.0	157.77914923621145	23.652339723523873	14.0	0.3959716204665029
324.33540912200897	15.325461825501698	5.0	1310.2225779637554	23.083181985906016	5.0	151.6843428860359	23.252328343397796	14.0	0.6680622954918998
301.2756588884971	15.939257095946097	5.0	1283.5366128109915	23.06974830121312	5.0	169.47505178856153	23.820102373062117	14.0	-0.6443438667772635
140.19390939873162	13.047731261122413	5.0	1517.3914809451467	22.48363467096834	5.0	171.67770417931064	24.206443312361348	14.0	-0.8775016214374858
164.2607408964532	12.999809927136189	5.0	1616.191530826732	22.766102349309616	5.0	152.2120709168718	24.906515750598356	14.0	-0.047590570427353124
156.93736320953732	12.78000002672315	5.0	1704.100351790104	22.843218184329633	5.0	132.06610388402504	25.794649788016606	14.0	1.9597653488040963
184.9643714401724	13.599086750309532	5.0	1705.1868911044317	22.938478749124524	5.0	124.48046100790931	25.252596955882776	14.0	1.0990232731682656
209.0683775777528	13.79506968496569	5.0	1665.048477391674	23.270329541212934	5.0	116.60566500457034	25.640211114164853	14.0	1.4628064620326162
238.9656555904005	15.180954796416	5.0	1521.030983759738	23.364668736905337	5.0	148.92659106060898	24.765232123121816	14.0	0.4830155946792442
151.83766428183495	13.296474649683576	5.0	1555.4702935908665	23.13636039415189	5.0	157.35928225776283	24.95456933302292	14.0	-1.4868939282635067
171.4076260220841	12.781725967688049	5.0	1558.3460489298586	23.076488694902626	5.0	154.1551137045984	25.611587723851716	14.0	-0.14216331102424787
331.27301816250736	17.254830754537956	5.0	1294.3335663211549	23.6414058026137	5.0	173.6602239514846	23.666252503006387	14.0	2.729483632979007
341.4287428764687	17.522292222701314	5.0	1261.9382245098273	23.60985046567788	5.0	217.49828057266623	23.289963649327408	14.0	0.663987421305361
313.0504163642462	16.13462582838494	5.0	1311.7386157047135	23.57535823243247	5.0	216.0381493626856	24.02974127913828	14.0	0.005896889739928719
492.01000992331063	17.58864607913638	5.0	1155.156693872798	24.079215914314776	5.0	208.18400961158605	23.864522982570403	14.0	1.4580912313362793
616.4312418621473	18.291009075859154	5.0	1013.4779623007382	25.012461612411496	5.0	199.09932711527733	23.14450081881008	14.0	0.12651002723759605
487.36974995993563	16.67045611384046	5.0	1198.2931968216988	24.69051147138885	5.0	173.77196985574062	24.33074634519291	14.0	0.6492684608725106
567.3839365036276	17.39140615407849	5.0	1043.6980538457524	25.1685657877051	5.0	194.77878349638752	23.750531380392083	14.0	0.15053557363130263
672.5343870984042	17.85846813655843	5.0	935.5298849898074	25.904320044039157	5.0	195.7242861411453	23.37064024284815	14.0	0.7341131363398623
675.5750114747497	17.95721294133473	5.0	825.245120126226	26.58767346463273	5.0	194.36679680810192	24.01519073088521	14.0	0.3919186026817979
583.1817697412905	17.933817641628522	5.0	756.9185612925053	26.472489910919702	5.0	219.14612250964944	23.932525179553643	14.0	-0.5467412472999046
506.965871704338	17.334674588283356	5.0	819.945048423018	26.61203376112902	5.0	178.93746239615092	24.83556808837913	14.0	0.6995175231077755
476.22087112809714	17.235543019333754	5.0	795.802618906147	26.654244043991014	5.0	161.8287800882084	24.68331481991603	14.0	1.0710212611709955
417.61422793047285	16.89997975613911	5.0	829.8853292653325	26.54842027576099	5.0	156.4347407552931	24.51012453207024	14.0	0.4817789051635153
413.5468672413934	16.926995947377943	5.0	800.7110354439936	26.848312567616503	5.0	133.07659482674134	24.94093706607806	14.0	0.6312173585544031
392.3253332912212	16.736398836855475	5.0	733.2023288268625	26.741447713854292	5.0	121.27959654940618	24.506059750944846	14.0	1.264303490313367
356.9058818785586	17.091651781537962	5.0	663.4043300593122	26.427788901910922	5.0	144.01703693851303	24.134254998015635	14.0	1.2210992265623324
389.6484403262262	16.99812167508793	5.0	634.2181343689103	26.25072635145571	5.0	138.1211659950085	24.7918221431813	14.0	1.7931070591737663
342.2361287445563	17.679620975758368	5.0	628.6292837972586	26.011658252220254	5.0	183.759413378107	23.069412543140718	14.0	0.2575894517418155
591.5551527503156	20.0	5.0	523.5056889152323	27.53896003124681	5.0	200.07557300312524	22.103025382483338	14.0	-0.7679417561436581
609.4457036479617	19.826370331083996	5.0	576.7766532403209	27.021343933905534	5.0	210.30153071366698	22.95469558043813	14.0	0.419824919688868
592.4738878061	19.686854628704353	5.0	698.9703101405997	26.53269566523359	5.0	231.14514535984503	22.513875290683742	14.0	0.6781600844137545
610.3884452813367	19.675449369374274	5.0	709.47861425004	26.573396207983247	5.0	241.3855440065996	22.439296003784467	14.0	-0.24529825843740144
528.0590355961917	19.99476289130907	5.0	775.9070902674665	26.112454996101178	5.0	273.4598135994335	22.020076059086687	14.0	-1.4312504616083408
462.1185767557284	18.6189183167466	5.0	946.3464613260286	25.635811196916098	5.0	287.427387450775	22.479222040872028	14.0	-1.2774720989491894
573.1765237428895	18.06261717997547	5.0	1081.7286749488903	25.78105873903418	5.0	272.0871234062236	22.948548593734706	14.0	1.5236145587380079
721.0891209605559	19.479296943707887	5.0	1054.9679977667777	26.07337121484165	5.0	335.62733215396116	22.26648218228088	14.0	-1.9302204530183826
836.5071483364968	19.323795696692233	5.0	1152.1404729660205	26.136977742484927	5.0	337.7172388223811	22.344993101125468	14.0	-1.0513454331803074
1139.5518446193837	20.0	5.0	1011.4095054885312	27.434853452757487	5.0	341.64786070695044	21.103482088120852	14.0	-2.442163506579005
1269.8180279277276	20.0	5.0	920.0174917082011	27.903280764783993	5.0	350.1570570612161	21.499902380172475	14.0	-2.9344713552799453
1242.445452645935	20.0	5.0	870.9464696755296	27.626927621459572	5.0	345.5179626232442	22.25247310707131	14.0	-2.2909453331755465
1156.4741807508497	20.0	5.0	773.2056048480669	27.175992801032773	5.0	313.43336835796714	22.77722818513675	14.0	-1.215482481357864
976.5133572627337	20.0	5.0	689.676476793209	26.432444932052046	5.0	292.22418770155593	23.475412675184778	14.0	1.6642758392856765
933.5351322149816	20.0	5.0	620.8194253636708	26.747273049951325	5.0	289.20231392073595	22.97215988539785	14.0	0.5372717195949477
871.4382113335697	20.0	5.0	482.49312271101235	27.21414548419276	5.0	280.5936055955742	22.684420750655605	14.0	0.4333360938591374
596.8106558363968	18.17808116000461	5.0	770.9784196760738	25.283022956996664	5.0	254.14188431029686	23.69918282388668	14.0	1.5057782125750292
533.9669740894809	19.065108879966893	5.0	750.0827166739055	25.206270398432583	5.0	287.34367226328357	22.362825156409418	14.0	-0.398660170615131
340.9113048270584	16.894208269935703	5.0	1051.632372937328	24.52263274777616	5.0	267.03876918680095	22.394002661553863	14.0	1.9521519739611994
295.6818260787843	15.323442392012314	5.0	1256.0341864475934	24.21179970512059	5.0	267.6110703795596	22.92534221062273	14.0	1.8583571816504931
145.82018053515145	15.084083390816174	5.0	1432.2542265551579	23.7995785548092	5.0	293.0927099302406	21.841239583746212	14.0	1.1302232022894545
210.4675654268726	14.343508333482655	5.0	1470.756164511624	23.75495581726209	5.0	292.1188415858099	22.520680183096257	14.0	1.9179847129326586
207.76475892349293	13.854236035416998	5.0	1411.0144552728477	23.546464933093667	5.0	282.69594169059513	22.89089774316197	14.0	-0.19713231641687268
271.4797024955846	12.390273076654317	5.0	1270.0978253678481	23.34414265742178	5.0	210.87581136012452	24.755990156914617	14.0	2.083837785952989
317.73998034204476	13.627652319075562	5.0	1134.551721956637	23.816177283143574	5.0	192.83887199214524	24.837626901481087	14.0	2.1662988919412696
319.46953516710835	13.347227170330136	5.0	1279.2384132063294	23.499621419442324	5.0	183.93564332516436	25.540137228649943	14.0	2.8327750125240208
447.8471180575151	13.58626312733205	5.0	1579.683997923832	23.564129750001154	5.0	165.95566255526256	27.383862975295266	14.0	3.1749974934014595
523.527951096202	13.504999711002442	5.0	1951.0833543670228	23.550160902712246	5.0	184.89544656021502	26.506891704391805	14.0	4.3701012817656
683.7529654050606	14.028702481438524	5.0	2341.667699455478	23.714585813413613	5.0	195.27327603589669	27.61100770065309	14.0	7.077256388346139
780.2839310653214	14.21995848090117	5.0	2556.2307718278207	23.76063857471976	5.0	201.73510131339714	25.830924787414062	14.0	8.356256924866099
902.5938931760511	13.558863165079433	5.0	2870.4967121853624	23.73026386441217	5.0	148.43934473967747	33.72258860877641	14.0	5.4401819035556285
881.1080240379933	14.178285599455487	5.0	2729.5048167004115	23.714178149140835	5.0	225.3799244950642	27.423774295015185	14.0	7.068923419662188
805.1042986888333	13.02421949569264	5.0	2905.2702064310365	23.605376296685808	5.0	176.06989097494704	31.8399363459938	14.0	6.159840938259744
901.1969565768446	13.745830297502408	5.0	2803.725367514927	23.8307528109606	5.0	248.7937572492761	28.371296730624604	14.0	8.840335257871564
944.9941170412807	13.820619823029977	5.0	2853.6103987597153	23.64245186914629	5.0	254.79647267053534	28.275667862130675	14.0	9.471340135405176
899.7296198867045	13.73350221652964	5.0	2813.135155767787	23.530173269724067	5.0	308.56052960158473	26.49010835127287	14.0	10.059132310146866
961.8917824156683	13.602550832378487	5.0	2963.268429969578	23.355049288423448	5.0	268.5163304809762	28.46994807705254	14.0	8.299192033247683
984.8818971597035	15.030481363502412	5.0	2696.2605765695607	23.492399633664128	5.0	373.07679204956617	24.20304920681549	14.0	5.772812806353083
1053.3104059519546	15.253565141963383	5.0	2672.1910282282674	23.441675760636276	5.0	350.04588194146055	24.348890372536513	14.0	8.353897044778753
900.6248266032397	14.278715276271976	5.0	2855.2675064223404	23.06100459577461	5.0	319.7716398429529	26.38872172952229	14.0	7.052510296484997
882.2084108542103	15.098197098640767	5.0	2629.866549217593	22.992529741345177	5.0	395.2276023636101	24.630715437636788	14.0	5.293333015269819
881.2222781806245	15.419965135916291	5.0	2438.5125869113517	23.07923504201453	5.0	417.06317038741537	23.770041597401057	14.0	6.71891581036285
773.6765696273511	14.758497525840232	5.0	2360.9304263237955	22.781149770667348	5.0	410.2644417242252	23.74938518879551	14.0	5.530416140108507
845.0995916247651	14.687974471253494	5.0	2282.258152763387	23.07239210507358	5.0	341.04417601327754	23.03446308211202	14.0	9.08917317144183
806.4834230150468	14.097303060701357	5.0	2095.964069635171	22.821490064905568	5.0	345.7021365043256	24.114703939195664	14.0	4.807271817105427
773.2240322331808	13.530794896274271	5.0	1993.6780229170201	22.78647164285583	5.0	356.2003777799652	24.231725917660103	14.0	7.219905920934448
948.8780175062902	13.900893233806753	5.0	1820.6962028444402	22.811822115708186	5.0	364.7189971219219	24.022888661684558	14.0	6.282650125329672
940.2379661054957	13.88470005118453	5.0	1733.2780633758307	22.70779920777838	5.0	395.9119274936385	23.238083405316686	14.0	6.664830714139301
1095.1916664738105	13.220502032753245	5.0	1877.5974875675674	22.839672068443175	5.0	313.4674811395348	26.08093715561822	14.0	6.951188091587427
1233.8180995256719	13.268298709546755	5.0	1890.8560642520956	23.08618907864274	5.0	293.3627103247245	26.9368925579291	14.0	6.999006084051153
1323.3648891200453	13.201729218333604	5.0	1661.0187792432148	23.093020200613715	5.0	354.9562561636109	25.469630088623543	14.0	2.7445106851889354
1397.9993389544384	13.008841761977282	5.0	1783.4317978677993	23.111206240688883	5.0	286.40285150772235	27.732823486106238	14.0	6.686078982920044
1293.5893104438603	12.943582064044906	5.0	1770.7798828497782	23.096260846483766	5.0	317.7859198262469	25.366498568559667	14.0	7.978043723800607
1309.8692169554984	12.888477749883242	5.0	1672.2112583108797	22.68824621806528	5.0	401.76095547866214	24.208446945083118	14.0	5.674872553497131
1339.3406020174382	12.138114677253746	5.0	1830.1281936104779	22.515733562758662	5.0	369.50944672778576	25.461675510847005	14.0	7.465980653780373
1482.5062014850766	12.61280318547111	5.0	1783.260568986786	22.569479218171637	5.0	391.6870226982927	24.814778902466557	14.0	8.570565298124118
1543.469054902692	12.327181649832646	5.0	1936.5513025080452	22.438833682930532	5.0	351.1085773937089	25.251912233874606	14.0	6.3803480723337795
1372.205946993053	12.260549950123927	5.0	1945.3459846237477	22.247289605521697	5.0	413.46244112051335	24.697982555687048	14.0	3.908733551668711
1436.2627578038976	11.926443607590764	5.0	2170.8100446516464	21.879697434234473	5.0	365.98140862692406	26.11880585236578	14.0	7.005809285343533
1435.769784975085	12.279496832353283	5.0	2167.6364182082957	21.9043205395823	5.0	394.93545430568923	25.46554668165567	14.0	6.534025604263447
1373.385790883058	12.14711433259665	5.0	2260.553299864846	21.71808066579296	5.0	387.74999245901887	24.89803778645109	14.0	6.507590329365814
1408.2167505661582	12.23261779034612	5.0	2027.9496752734578	21.68591184157199	5.0	388.8211167747822	25.26818442756248	14.0	4.4555006407034705
1343.2438803246544	12.392683528253851	5.0	1920.9014072038283	21.386558509456282	5.0	428.2306354638833	24.404456469367236	14.0	6.096645197987735
1271.4484593320303	12.428532312731772	5.0	1922.342975387805	21.520827387698372	5.0	434.0348449752897	24.315932506336416	14.0	2.556539943122227
1282.4734289387375	12.296924559641754	5.0	1844.9528735524161	21.09712138057585	5.0	430.98837901547205	24.85801180652258	14.0	3.8945663005297604
1164.6868243256217	11.908328624390528	5.0	1856.554938527072	20.808107402095946	5.0	442.62742629412367	24.369758010980625	14.0	0.3345115662211938
1227.6590260559153	12.236659743585923	5.0	1732.9059582160637	21.018147086192112	5.0	397.9409064256233	25.07515438954619	14.0	3.9578327550776398
1231.1832149192885	12.535776579602551	5.0	1488.583446653265	21.138415238269538	5.0	456.6599037291869	24.06829340501822	14.0	3.5281729928873813
1126.0911806372048	12.040779915180115	5.0	1469.1294670944528	20.7753731662359	5.0	446.32630420919185	24.709070575908054	14.0	0.6773641556785628
1091.5120195073853	12.090028379701504	5.0	1351.0499181950513	20.637980086863998	5.0	444.0005087644915	24.400053573535562	14.0	0.6751921313644891
1083.862194260169	11.667702467420071	5.0	1357.2748705404774	20.299366504461897	5.0	408.0863593338097	25.1843827150221	14.0	1.1503686620780813
995.6651425205052	12.20844624209634	5.0	1143.4209145336786	20.340648056381678	5.0	479.46426783634934	23.709867444777117	14.0	-1.4923899915889034
1037.8921573700857	11.960009567095906	5.0	1105.571424325217	20.348414862077274	5.0	415.87579885074166	24.57839975761967	14.0	2.2962516919684637
973.7627321976404	12.473844773687143	5.0	926.7618459445946	20.676179134140266	5.0	483.53183019980395	22.13551906879547	14.0	1.2252984828531988
935.3558759193636	12.329633259752777	5.0	934.1014390074696	20.737000606114922	5.0	461.5267393146548	22.85845322526024	14.0	1.0044494479438697
1045.9609023294358	12.149512011087042	5.0	913.5538418780113	21.441953290297747	5.0	396.47360105298486	23.7886870696935	14.0	2.0929866773270995
1056.9426257713997	12.460718676560356	5.0	715.2001727028853	21.504117492056395	5.0	444.19636771776425	23.16234295705139	14.0	1.910252187175714
1067.5982052476943	13.145836304943362	5.0	585.2500373618033	21.865424471796253	5.0	485.321405365873	22.07663866172284	14.0	-0.08988140428135878
971.1044429385976	13.09991713220332	5.0	563.443053139383	21.7553786045402	5.0	485.8540791613536	22.21584701568643	14.0	1.0434949703797307
928.5411952709384	12.688780710496435	5.0	508.1511814427052	21.68470990493081	5.0	519.0529990371359	22.147039885081465	14.0	-4.370117634174308
1026.374909297539	12.984716108408472	5.0	459.0238899560404	22.21835328333363	5.0	472.7196115969478	22.416896224221777	14.0	0.9132307339156084
959.0185195366658	12.173193602343948	5.0	615.4608867163353	21.052853316293916	5.0	444.8756487349676	23.224567505025824	14.0	0.14830435997141414
1011.963458212412	12.516460578141398	5.0	497.5560121813938	22.495547832913424	5.0	412.12320239287527	23.187614629734195	14.0	-0.022326607180754597
