amplitude_0	mean_0	stddev_0	amplitude_1	mean_1	stddev_1	amplitude_2	mean_2	stddev_2	amplitude_3
704.3772677257991	17.06830624009992	5.0	169.75780287036793	35.0	5.0	980.9372125354499	23.90982873089038	14.0	11.179431103890375
706.8257330067389	17.526788363697968	5.0	160.597667948071	35.0	5.0	981.8571258074513	24.490070754108054	14.0	11.048767752453669
634.932752997544	17.965512740541357	5.0	41.819000851984946	35.0	5.0	1006.3194103428723	24.84865098534692	14.0	10.508593718708575
790.9812014887984	18.61386185551996	5.0	156.69626724020296	35.0	5.0	904.2553654210278	23.26766783409848	14.0	14.05828747763708
713.1843277758556	18.55432063008046	5.0	122.64118681789161	35.0	5.0	894.8668628909318	22.85415846570749	14.0	14.87173004393242
518.6867371041851	17.854846611342467	5.0	0.0	35.0	5.0	978.3727000636351	23.13321104899895	14.0	8.35157219426324
558.177513676501	17.91907614046518	5.0	0.0	35.0	5.0	916.7229766702147	23.57630902946733	14.0	12.582635273274784
573.7104357086932	17.415135997718266	5.0	82.93957569509757	35.0	5.0	884.6410515451051	22.943741742195506	14.0	9.861405597525463
541.3824353335837	17.490393492571936	5.0	93.90420477982228	28.690363488420623	5.0	956.6063650650876	23.051727686494484	14.0	7.164981990660471
553.9620854628031	16.491186825328814	5.0	144.73675472723215	26.20956093816828	5.0	946.9306877810881	23.031968469088795	14.0	8.491710268618647
584.7441298470438	16.579553751249957	5.0	112.71916253980405	27.509013698659565	5.0	937.5804784242837	23.459435878497413	14.0	9.280526517660185
814.2284937870743	16.330778411245007	5.0	288.40566808991025	32.64415680503474	5.0	816.9308320584468	23.25255454828561	14.0	16.405540926760075
565.6113818208124	16.077409097342336	5.0	241.44893151241698	31.039713247304356	5.0	922.5273233651726	23.640164932329135	14.0	6.6188762244750095
517.0411023555405	15.497259456508814	5.0	263.66584315571583	31.865066142246338	5.0	900.4446127630932	23.802153308332386	14.0	12.714374543459346
852.5181262459743	16.86363687142741	5.0	419.5235090350215	32.39223270728647	5.0	767.6427494435985	23.07157845375011	14.0	20.798056887804243
829.9826884284415	17.500525824871776	5.0	380.00761563262273	32.557592330538995	5.0	865.4875084094122	23.780393419227	14.0	15.154834263888421
666.6762900473309	17.143504913863815	5.0	418.3949401930105	31.48240933660946	5.0	913.6407556698958	23.87546263027048	14.0	11.74671682891617
553.0113696266194	17.362353255191874	5.0	352.1589391828546	32.11442963688769	5.0	926.5632081602308	23.828952266218323	14.0	9.364012727491978
722.6765922055474	17.684775439329727	5.0	457.2665601169837	32.91896234665721	5.0	842.4880192102647	23.90323892699737	14.0	11.654193120358531
898.8380553706196	17.38666530382352	5.0	580.7496954446517	32.45002059750661	5.0	745.0649253801475	23.520834917100373	14.0	19.417829285451912
983.7948287659327	17.313689170591196	5.0	605.5556287991359	31.869483025047053	5.0	713.9108300818885	23.830518118507488	14.0	18.71243895868436
1044.2855751793452	17.641363748290996	5.0	754.1209769370985	31.537595062492542	5.0	705.0479169713299	23.46979316106023	14.0	18.150874948117597
644.1542324186616	18.198758142697947	5.0	532.8382212469479	31.310958947750226	5.0	840.2202437633997	23.000649063237486	14.0	10.975764570014787
759.9074562833243	19.216383282912783	5.0	604.2529007056947	31.597258211405737	5.0	792.8711442972165	22.080630059752664	14.0	13.591628906842564
786.9066045576672	20.0	5.0	471.79045134781245	31.47479731373607	5.0	841.3777484845128	22.102154680068097	14.0	9.747810297279393
463.1673175391591	20.0	5.0	583.3975724168332	28.569598511323154	5.0	909.4342398959323	22.74297343079315	14.0	6.208569063413681
668.6877687990035	19.09283691745995	5.0	623.0218555311568	31.220830615614545	5.0	767.3650983631367	21.770899300497387	14.0	10.347236545524298
649.5205508040914	20.0	5.0	631.0299009923226	30.570202274832248	5.0	823.9602326482778	21.480244596800883	14.0	6.134659521161454
495.64284801414504	20.0	5.0	546.5413938490335	30.880633019294688	5.0	884.4677053548013	21.4567142898681	14.0	6.149877585753811
560.6444274956231	20.0	5.0	531.5914332994397	29.861422487321846	5.0	878.2473135305523	21.733351122858046	14.0	3.6188897429376463
309.6116846160047	19.776903151064786	5.0	776.0411559652667	29.39157015702071	5.0	884.7776552145672	21.446803980506456	14.0	5.086995419037577
451.4270057950229	19.097951002835085	5.0	533.0873125314074	29.558100157347674	5.0	912.3227869246097	20.974138770083027	14.0	3.5329298283065964
362.8387011105882	17.628514663440228	5.0	578.63729668158	29.268435077399314	5.0	938.5067273227876	20.833753285283038	14.0	2.129076400589568
405.9777010326709	15.561465001409347	5.0	652.541276852042	28.22746419526205	5.0	893.1227091571144	21.24390497308635	14.0	2.315185689900484
381.43073852824375	17.032429518247987	5.0	695.6795913939314	29.54319849550738	5.0	893.3571536369534	20.47185646378237	14.0	0.8646480057528415
400.2846967692439	13.405772758295404	5.0	864.3881654448862	27.322495416993842	5.0	864.6209491080868	21.394597366424094	14.0	-0.03651139139261695
471.25541165941615	13.717470835385319	5.0	873.785841513096	27.617501416905068	5.0	788.3046728450643	21.529347715190518	14.0	4.811382743659573
475.55129951552556	14.451043990885852	5.0	1000.7852419316143	28.006229895984408	5.0	808.3284627729062	21.19762871297025	14.0	3.177754013048865
369.12159981809805	16.13632564172932	5.0	891.326820463877	27.49355217429323	5.0	887.7025934288041	20.977256529078723	14.0	0.8047356849401944
463.46717489302773	13.690221190988947	5.0	948.0902414659272	27.493192138611093	5.0	833.9857796456841	21.861549433010094	14.0	-0.2559459890360048
576.151946269302	14.444177853731883	5.0	939.3135950752527	27.777319769434413	5.0	794.6119996287913	21.272488779728654	14.0	3.130652312651254
398.0024298886894	14.074647684138784	5.0	821.148018548194	27.41878365000379	5.0	853.044079374889	21.076285952237434	14.0	-1.5101555275531466
418.33751960468777	15.835349419807418	5.0	728.0911999533988	27.083233892080546	5.0	793.1622464236359	21.311957227834558	14.0	4.151627161041871
421.1945134472738	12.876355889774418	5.0	755.8291331473205	26.7527631643766	5.0	827.2073538031369	21.84063923653438	14.0	-0.9868404400735745
501.698298300605	11.109322574098158	5.0	722.290507189208	26.25149795937926	5.0	869.0905034401432	22.733981362880584	14.0	-4.150048560036279
333.15606998915655	9.743268085381912	5.0	655.9471907677755	25.35140638466295	5.0	894.8847885406398	22.511685078377894	14.0	-7.010482956111833
327.78080328930173	10.258938566342742	5.0	539.2397248989438	26.16395407186901	5.0	958.4452491850229	22.629848404319024	14.0	-7.564238864089371
454.74417376658727	11.598347022273384	5.0	785.6766364480303	26.05578264460608	5.0	872.8064230729675	22.554938570375985	14.0	-1.7139527247928283
391.39701636049375	12.069552892495066	5.0	541.0093800349287	25.539040605869133	5.0	941.5052948352006	22.115364282364993	14.0	-6.167807765620022
416.905645779249	10.781108441502223	5.0	612.1435860209159	25.955814555771966	5.0	908.5123602187211	22.69959344418576	14.0	-6.629622523050667
527.0296213204446	10.069051645417908	5.0	699.5033498868124	24.993008982185724	5.0	848.1250347536372	23.537497440529556	14.0	-2.663354758892209
644.0256424823114	12.000934124617482	5.0	477.73071202099663	28.32532825826283	5.0	865.1876847412474	22.802967037537506	14.0	-2.3041995449454147
849.4921129825555	13.398500326737874	5.0	604.0436012964249	29.376637422625443	5.0	751.1072889187777	22.983462901152283	14.0	2.6952387894587195
782.564336090707	12.764150746716005	5.0	540.4085647094205	29.134719862320082	5.0	821.9916222238504	22.966931071477642	14.0	-2.659503391656822
791.2661723004808	11.767264576152002	5.0	599.1389451398355	27.59347651326175	5.0	726.6165873506832	23.774671962030705	14.0	3.362142478847693
731.8564517611725	12.327137487260506	5.0	609.5226979684443	29.10085178035043	5.0	797.7114881230094	23.12781044410719	14.0	0.7044793842895566
746.225465876871	12.064752006595281	5.0	690.1084506183917	29.39095857768787	5.0	768.3713164154409	22.62968652151787	14.0	0.2283178745633663
786.9189093082134	11.243274876457255	5.0	694.8393862953626	29.006065199696344	5.0	682.071463833933	23.795207842777717	14.0	2.0097812948976213
678.6712614944224	11.826020441711687	5.0	511.7173942123175	29.660504785647404	5.0	731.8534383188047	23.394147470746816	14.0	3.15550357215209
577.4264062413265	11.31346743478847	5.0	466.5150164375339	29.143900870190606	5.0	822.2680050957832	23.413791847145088	14.0	-1.7062065305453054
734.919686064025	11.664862435944512	5.0	626.2104198178879	30.472891047502696	5.0	680.9055213397555	23.303145087709456	14.0	4.065582735496953
800.2321755519391	11.025436716503226	5.0	613.0332549994649	30.397703302568704	5.0	664.9411731653677	23.725337245615666	14.0	4.33160655954425
847.8770575850618	10.59183645985347	5.0	488.39239545799313	29.1246253054978	5.0	651.0497523441862	25.01887433329587	14.0	4.530669642213031
910.3412818023697	10.980865714813577	5.0	568.2936779764141	29.699334718107245	5.0	532.0480197508247	25.40608475269416	14.0	9.195523264572891
0.0	0.0	5.0	244.07564292227545	35.0	5.0	1013.8044574645145	18.154433795206142	14.0	-9.889527729670416
0.0	0.0	5.0	160.43879807138885	35.0	5.0	1021.3422172962655	18.660485242280874	14.0	-6.6126129347699365
0.0	0.0	5.0	172.35046252509437	35.0	5.0	968.1231123630623	18.947399241847158	14.0	-6.3170493803900705
0.0	0.0	5.0	149.4232524610839	35.0	5.0	996.8222623159254	18.724884671226544	14.0	-5.635163551494915
0.0	0.0	5.0	209.42215248080694	35.0	5.0	972.7304652949971	17.838956243096074	14.0	-7.10189286520035
0.0	0.0	5.0	225.09656177442855	35.0	5.0	919.9011719414309	17.83037948940305	14.0	-5.931408364632373
0.0	0.0	5.0	153.34827912373146	35.0	5.0	931.2206536267739	18.10369377818744	14.0	-8.237539209169757
0.0	0.0	5.0	110.68912903176204	35.0	5.0	876.6353111982297	18.72276423376736	14.0	-8.25801303601762
0.0	0.0	5.0	0.0	35.0	5.0	956.3230499216282	19.68929372949107	14.0	-11.329536296560692
0.0	0.0	5.0	0.0	35.0	5.0	951.1042515686293	20.082934147978783	14.0	-12.57087635867043
0.0	0.0	5.0	0.0	35.0	5.0	916.056642314606	20.63752943307473	14.0	-8.94832808232654
0.0	0.0	5.0	20.756292139710027	35.0	5.0	893.1449410201486	20.65070825737421	14.0	-9.517298012776202
0.0	0.0	5.0	0.0	35.0	5.0	851.1183826697052	20.02832254786938	14.0	-9.697139199275387
0.0	0.0	5.0	44.52057429293285	35.0	5.0	834.7076634111072	19.13982627995549	14.0	-8.849256209819801
0.0	0.0	5.0	98.92706321921963	35.0	5.0	823.8089684303621	18.687757792493873	14.0	-9.763862146375446
0.0	0.0	5.0	128.70135090842155	35.0	5.0	797.1438649957832	18.481675687807606	14.0	-10.605870541255065
0.0	0.0	5.0	124.68077784759055	35.0	5.0	811.3035089319956	18.142662843874373	14.0	-9.509119858238268
0.0	0.0	5.0	103.1066229210189	35.0	5.0	815.3017502696385	18.39716621153993	14.0	-8.499923218643518
0.0	0.0	5.0	17.762565366560004	35.0	5.0	846.0283062391712	18.972110103233696	14.0	-9.04062763180161
0.0	0.0	5.0	0.0	35.0	5.0	873.9035060997402	20.05925677685428	14.0	-9.497278742712666
0.0	0.0	5.0	36.910877211979134	35.0	5.0	883.233533739458	19.86718038760059	14.0	-8.686585780577747
0.0	0.0	5.0	12.408405178867246	35.0	5.0	919.0347927484615	19.41594228607092	14.0	-11.753179945302204
0.0	0.0	5.0	51.91815428892249	35.0	5.0	911.0429714673634	19.8928297479191	14.0	-7.634103067644698
0.0	0.0	5.0	125.60451679570369	35.0	5.0	920.5891615739378	20.089625173837838	14.0	-8.454615227533676
0.0	0.0	5.0	205.19081335134138	35.0	5.0	889.2575164376785	19.808223874397946	14.0	-9.39372110885889
0.0	0.0	5.0	302.12768464799956	35.0	5.0	872.8659597202129	19.36877511652073	14.0	-5.195158802606006
0.0	0.0	5.0	303.4113111742703	35.0	5.0	867.7037345560444	19.625199894552548	14.0	-5.227865452595585
0.0	0.0	5.0	381.74730835035155	35.0	5.0	808.827555018481	19.39384836514938	14.0	-2.505081199641936
0.0	0.0	5.0	358.4980969375256	35.0	5.0	846.4595477723558	20.226591615084867	14.0	-7.755659686017279
0.0	0.0	5.0	302.5229942940898	35.0	5.0	867.5489346386745	20.459368581196802	14.0	-8.267716203422598
0.0	0.0	5.0	206.366754732931	35.0	5.0	865.9957641130517	21.217302187672203	14.0	-8.202385317326149
0.0	0.0	5.0	333.83485054926615	35.0	5.0	808.7206903212915	21.03696086628811	14.0	-9.432791952503099
0.0	0.0	5.0	387.4778391269164	35.0	5.0	797.2495691366064	21.418644727955062	14.0	-9.5048314929694
0.0	0.0	5.0	391.7322357393543	35.0	5.0	784.8905936710089	21.60706666502712	14.0	-8.94048407008699
0.0	0.0	5.0	413.90333095006656	35.0	5.0	849.3718250819397	22.240429275644697	14.0	-14.123250309005176
0.0	0.0	5.0	574.2412564557649	35.0	5.0	829.1780343301101	22.11111567442811	14.0	-16.509701909097956
0.0	0.0	5.0	636.3477941541867	35.0	5.0	856.5237619835244	22.419885126218166	14.0	-19.14152956205284
0.0	0.0	5.0	678.9475502341375	35.0	5.0	878.7675134756524	22.678632723118465	14.0	-22.682730911860528
0.0	0.0	5.0	816.3287551507453	35.0	5.0	836.9821522271475	22.38145706063521	14.0	-22.37405235572526
0.0	0.0	5.0	792.0379288329328	35.0	5.0	900.3340646730344	23.023648260326855	14.0	-27.21870369303505
0.0	0.0	5.0	860.0828153044894	35.0	5.0	913.0143802564892	23.49165071950895	14.0	-28.113180091882704
0.0	0.0	5.0	844.8980475801856	35.0	5.0	981.2379599951132	23.509238710001693	14.0	-33.20088336086713
0.0	0.0	5.0	840.6788619090114	35.0	5.0	1007.843249750499	23.367755443664386	14.0	-34.348381431701426
0.0	0.0	5.0	759.4702589780541	35.0	5.0	1070.239993890357	23.929616554402443	14.0	-40.20714888605067
0.0	0.0	5.0	624.0432284834357	35.0	5.0	1198.2221176697562	24.382115239991982	14.0	-49.27719562167975
0.0	0.0	5.0	652.9870993065163	35.0	5.0	1133.7561315383334	24.303877528315944	14.0	-47.62322050912862
0.0	0.0	5.0	469.9071132901741	35.0	5.0	1165.495275192777	24.64171064479045	14.0	-49.144523599518664
0.0	0.0	5.0	409.55908180129774	35.0	5.0	1166.0828243402304	24.74784053564735	14.0	-47.79674205636574
0.0	0.0	5.0	374.8247920735722	35.0	5.0	1161.1185209177384	24.896659040188798	14.0	-47.2596999354404
0.0	0.0	5.0	234.63796970144188	35.0	5.0	1178.313061479575	25.067967214225916	14.0	-47.76899808433251
0.0	0.0	5.0	218.93945126950808	35.0	5.0	1135.8787155892346	24.931548294605044	14.0	-46.09653852858005
0.0	0.0	5.0	255.16548567323582	35.0	5.0	1139.7318005257584	24.557408731821557	14.0	-44.608732315730435
0.0	0.0	5.0	238.66213323466718	35.0	5.0	1162.1962552671941	24.5701503880787	14.0	-45.588419411359645
0.0	0.0	5.0	171.26739972802991	35.0	5.0	1186.9214883739078	24.60324158979531	14.0	-47.084463758081725
0.0	0.0	5.0	104.70789404649334	35.0	5.0	1220.1881125898499	24.565782557954687	14.0	-49.595829690097936
0.0	0.0	5.0	13.355113112354836	35.0	5.0	1225.0098006197215	24.712817807161514	14.0	-49.95637269873781
0.0	0.0	5.0	0.0	35.0	5.0	1188.9804691409438	24.70790173020754	14.0	-48.89790613779027
0.0	0.0	5.0	0.0	35.0	5.0	1156.8696107154399	24.451724822384055	14.0	-49.17229784117486
0.0	0.0	5.0	0.0	35.0	5.0	1134.4597011524431	23.84266816195096	14.0	-50.6030736253582
0.0	0.0	5.0	0.0	35.0	5.0	1113.0605808743267	23.762447961837967	14.0	-49.90220139144243
0.0	0.0	5.0	0.0	35.0	5.0	1094.8704081922763	23.29605091298061	14.0	-48.89865749995495
0.0	0.0	5.0	0.0	35.0	5.0	1063.784104113585	23.058488512952895	14.0	-48.023959900596644
0.0	0.0	5.0	0.0	35.0	5.0	1040.1807004993143	22.983918955472017	14.0	-48.29009676149682
0.0	0.0	5.0	0.0	35.0	5.0	996.650343592798	22.458004563317242	14.0	-45.95322356985792
648.5501521461975	18.690801734623975	5.0	696.0063641735119	27.065569730277687	5.0	300.18489925992674	18.433854542835796	14.0	0.2857630467503151
449.4179295877456	18.077635106105134	5.0	722.767508256149	25.462939717180404	5.0	345.48246935481745	19.633811734292806	14.0	-2.3462942746689617
433.14160109453036	18.372604697338847	5.0	699.9874991878578	25.365417441601103	5.0	308.58121701160064	19.312601821922055	14.0	-1.3594574309610856
535.3493953321929	18.683756244750825	5.0	576.7973408375283	25.178822986991527	5.0	266.8956489553373	19.15734696516032	14.0	0.3648202407392601
369.3613036825504	17.702526418217847	5.0	725.0118472651561	23.754103060744665	5.0	263.3251950128378	19.274042523490216	14.0	1.352227632818472
178.5640111558736	13.623262274059567	5.0	810.6940041955329	22.548170732396848	5.0	255.70648714105673	20.24822946218461	14.0	0.9177918298300553
431.67442878998736	17.051060649257757	5.0	537.8947438890497	24.112892622233048	5.0	231.65465164437322	18.777065147849527	14.0	2.910607272200725
598.2869592249177	19.314739613436576	5.0	228.2510287818679	25.838416611683407	5.0	244.68620379581424	18.61421088138413	14.0	1.5238466673135298
286.52898170278246	15.480363605940758	5.0	456.23259356619917	22.196131237221486	5.0	245.3563766883074	19.18173578005706	14.0	1.0553226319411773
216.10293462790236	11.071924042077443	5.0	680.9133667027977	20.316436298409545	5.0	194.40703545098935	21.265391705493872	14.0	1.1892878490959868
150.83481929355912	8.863727687689652	5.0	706.1089775497173	19.225182323920556	5.0	201.6401154688472	22.28310457710047	14.0	0.3613973785899622
113.648590460269	7.155632132144958	5.0	800.16819134246	18.25183039008524	5.0	209.11699294608263	21.840009362882824	14.0	-0.24592434743780575
236.38932029311124	9.750686725885343	5.0	720.7869489248915	18.93953609967697	5.0	172.8285943587616	22.65378393061742	14.0	2.735848387509759
292.1922743445992	10.83166076946432	5.0	586.7183260642811	19.753800886359052	5.0	183.49789707310433	21.702195699271183	14.0	1.940307206754742
316.30224578991977	10.905815803071816	5.0	566.6317995336544	19.698754409714308	5.0	187.6718750677624	21.293960420453736	14.0	0.6135015893564294
292.81146442529996	11.406210714344137	5.0	589.7611493784912	19.2732479664179	5.0	205.14784545347484	21.115162732917945	14.0	1.6747407860707535
230.9368333375781	8.331417007389623	5.0	807.8831665562601	18.353517966693992	5.0	194.66877270691674	22.508351929406043	14.0	1.4897833169965586
260.5214198518174	8.002769834554321	5.0	896.6720129608008	17.628411575164318	5.0	188.69430124349444	22.296951995201596	14.0	0.6895338820515103
204.68415173005695	7.580367358788786	5.0	982.4145599648734	17.062518662915345	5.0	206.90757748001604	21.423594250086158	14.0	0.8370267617422382
218.27568535514766	7.72389054888271	5.0	996.2140292478184	17.009649794745354	5.0	212.1221146460112	21.180883929594113	14.0	0.7002259327713486
232.6853340118901	5.713993937788121	5.0	1125.0004545952456	16.69248869312672	5.0	191.74793557881506	22.273439554068887	14.0	1.053739389854124
318.24146542924825	6.058311265328086	5.0	1153.6459912842251	16.74692590827437	5.0	199.8989160844406	22.669018302392367	14.0	1.89167351441656
313.54283812875013	7.22743634647447	5.0	1050.3299236748617	16.668547672884568	5.0	250.3874172793134	20.09637120171685	14.0	1.7988345690331426
252.947939589776	7.069181922151575	5.0	1082.7293576464824	16.043843946257788	5.0	270.0174607944354	19.714817806145053	14.0	1.5077970979766762
279.4909177036492	7.180757725479709	5.0	1099.7791880599254	15.34774917065179	5.0	283.14455652591374	20.25203915788503	14.0	1.6286236244850314
420.77880140282997	8.336407475707137	5.0	1045.939364025376	15.207973364034128	5.0	302.87081862259606	20.271773841219193	14.0	-0.5176351501558379
617.1525444593703	10.497680350642979	5.0	902.3636181015546	15.0	5.0	343.95731065592594	19.234580301921994	14.0	0.6538357086049018
1132.4605940360657	11.507912692148633	5.0	578.467470012486	15.0	5.0	356.1493401940536	19.23278546368368	14.0	0.5999991743252224
1408.2461804847098	11.104595353733002	5.0	562.2146321081996	15.0	5.0	346.01414088995966	20.36028800844799	14.0	1.1934820513956925
1663.233271786845	10.878189289475792	5.0	517.7302584931537	15.0	5.0	350.3846557362642	20.582639937475097	14.0	2.6150483668025877
2316.0282313033904	11.360249272231245	5.0	112.60174828711125	23.805007412304946	5.0	324.68325223082206	20.37613867680501	14.0	5.017140201386414
2349.6818745130504	10.79854919175039	5.0	302.7776927027053	19.549321515458004	5.0	309.5843143946526	22.16774842536954	14.0	4.097260938008069
2542.234737951474	10.750086584208553	5.0	309.07374321622893	18.926670032868415	5.0	311.6136084056091	23.34151671427443	14.0	3.0654009556164095
2453.955477535323	10.927033633951359	5.0	349.7579764865842	15.0	5.0	387.4430086005545	21.6117646864504	14.0	0.4013975630638707
2781.673743346641	11.084456026635431	5.0	202.8507862800014	18.800218818420063	5.0	366.58788326109544	21.935578045138776	14.0	3.9204272070632205
2370.375041293777	10.444173346528387	5.0	685.5623481363294	15.0	5.0	387.0991180247233	21.796878678269472	14.0	3.43943350607774
2176.913243891433	9.855354263042134	5.0	1052.8474522863407	15.0	5.0	363.540587391989	22.813999622952657	14.0	5.3101416280350895
2293.838640310274	9.585336249795919	5.0	1005.8989144711105	15.298600846304241	5.0	393.5906396638661	23.756964081683172	14.0	3.263603001296212
2332.6410885741716	9.18108217379172	5.0	956.0921524115512	15.537105002362155	5.0	395.97897831207433	23.417462274906455	14.0	4.164024031578418
2051.6742887171354	8.749451652447183	5.0	1182.6070128982153	15.0	5.0	364.7751743537601	23.238398566803685	14.0	4.88464011555471
1798.336022635895	8.166563837471367	5.0	1311.6281178343422	15.0	5.0	340.6736249424679	24.008532509607306	14.0	4.880886093678893
1638.7804950979905	7.77859326684845	5.0	1331.824466886067	15.0	5.0	381.854669418156	23.389011694344095	14.0	3.8779094789146416
1466.9268181467246	7.359543694460438	5.0	1405.9319917155644	15.0	5.0	378.3958432043568	23.415581333316688	14.0	5.344378792187504
1334.433228445521	6.890552433073634	5.0	1477.279207983153	15.0	5.0	341.0281994700304	25.051443832554384	14.0	4.775525095204542
1275.537682258818	6.565248911291379	5.0	1468.0234829810906	15.133238881476345	5.0	326.4884776771787	25.560272772192853	14.0	4.338463468722389
1186.560280123322	6.098427020589407	5.0	1404.8636175733293	15.028061649328706	5.0	360.53166568543014	24.114251962538365	14.0	4.507434460182534
1083.5068596780595	5.788402512014617	5.0	1454.1934656222666	15.0	5.0	367.3805775218077	23.843268020840334	14.0	5.77769197124585
1025.799950158335	5.258032821865316	5.0	1557.7695991043909	15.002902256698606	5.0	361.39862383113046	24.68792897718062	14.0	6.594414155968209
1015.4432947916476	5.145510452494584	5.0	1608.9608596172136	15.0	5.0	377.3640504033266	24.732553936919583	14.0	6.363117673464262
1020.115968556148	4.788580215804754	5.0	1658.7345293985695	15.0	5.0	395.5893559337717	24.743308110779328	14.0	8.458907860266645
986.162639942552	4.370180248009289	5.0	1774.559189231817	15.0	5.0	390.16090961656454	25.257270193899675	14.0	8.447886124678808
1031.2980715426793	3.930411815816981	5.0	1904.1397237109218	15.0	5.0	382.7505966997993	26.46359655591488	14.0	6.9114137544694625
968.3928590955359	3.500663271836037	5.0	1962.3918433282888	15.0	5.0	418.15316092764823	25.81058361653908	14.0	7.052712641613577
829.2133651098032	3.7120064186695063	5.0	1960.1075555228858	15.0	5.0	443.4101505967057	24.446105906441222	14.0	10.475960302008627
809.7234435188061	3.47106761844661	5.0	2058.0515895382964	15.0	5.0	405.1031695923435	26.00301599043863	14.0	8.508974221758734
702.393061394339	3.0948152653372527	5.0	2128.809404160779	15.000783780777754	5.0	397.88305348510227	25.519889481547423	14.0	8.634149410456455
666.4764233128951	3.310325750365902	5.0	2144.5027395951383	15.0	5.0	403.7058626048284	25.5295505696561	14.0	9.23960035916557
615.1648998866681	3.5373382304536616	5.0	2160.8988704734957	15.0	5.0	412.2335151429203	25.45669945398342	14.0	10.485735915972034
592.4483863789362	3.9413373057653187	5.0	2255.455806643263	15.0	5.0	389.1818847632016	25.899572528562423	14.0	11.769714023949646
596.4681949017183	4.106080088900604	5.0	2480.5824705466507	15.0	5.0	354.94971737114645	28.00557376404888	14.0	9.711064853624778
561.814262454713	3.6849228244197607	5.0	2604.1940985553997	15.0	5.0	320.3439520571666	28.51959855379699	14.0	11.129000302838186
560.0537376801385	3.4101806709306475	5.0	2756.271551948813	15.0	5.0	284.86457582904546	31.00178824051481	14.0	8.873999070316783
524.0409759506394	3.0519651125037535	5.0	2901.470086800131	15.0	5.0	305.89259373750605	31.360270709375765	14.0	6.235807791192433
523.9221709484891	3.735137577322202	5.0	2876.8791655044674	15.147190498732513	5.0	310.21930942395755	30.71017324035864	14.0	10.257678868539484
503.38023376308126	4.264901797089461	5.0	2814.2464942254232	15.222042183448902	5.0	334.2120017973314	29.019340085388205	14.0	11.608686381796911
552.7793433431715	5.183345494453038	5.0	2628.12566533395	15.60330943245239	5.0	371.5318507052447	27.537860650936395	14.0	12.021973340670337
677.1674304134885	5.636162395112341	5.0	2660.229334886242	16.182966363963157	5.0	323.54497488620024	29.760117126652883	14.0	11.823338499402885
779.6515489707705	6.399958537211915	5.0	2505.0172991236414	16.545552173947073	5.0	346.10787442298545	29.253279602321633	14.0	11.981748003759755
834.9905892067629	7.490361150456436	5.0	2253.79320709307	16.83616990989821	5.0	386.3244367410778	27.62491409904595	14.0	14.616811225682552
825.8176817773638	6.601007231476288	5.0	2409.9474913664276	16.882273292704223	5.0	360.2314177566596	29.33456807177983	14.0	12.205062480672773
879.3288827017104	6.572271430034928	5.0	2492.6287872479074	17.182336545372383	5.0	334.5675609767614	30.888784857234736	14.0	9.84789078905477
879.2991791355204	6.958786035765734	5.0	2459.736981573647	17.413492372433655	5.0	342.8066533145164	31.1116630748652	14.0	11.308249639891438
946.9998651241644	6.96643711791363	5.0	2379.0293048655026	17.79393039572301	5.0	359.72973518674655	31.540060301632476	14.0	8.890769100992696
937.4776270873135	7.005660513352081	5.0	2369.267236383617	18.249636304252768	5.0	352.841922147143	31.015255685060126	14.0	10.49360651697845
952.1500905430759	7.25897089665038	5.0	2186.507218309973	18.618406884835895	5.0	390.8278358428544	29.202767302855857	14.0	11.57730597548939
1083.7290665917085	7.562005351872067	5.0	2259.309316845626	19.449740890558584	5.0	343.7375143180234	31.221734763401475	14.0	10.551039534439813
1213.624894315054	7.475679097120695	5.0	2492.411075840731	20.045156371777708	5.0	328.61272486194565	32.61808447906663	14.0	7.242999377687288
1313.40763071531	7.425697695697883	5.0	2595.229914451456	20.19997835430379	5.0	352.0336826000197	33.00709057499142	14.0	3.418780805754599
1413.9566910370545	7.333766979692057	5.0	2837.8008826868186	20.25998849156772	5.0	333.6031824758786	34.39783330326783	14.0	1.1043712940074002
1579.6469752779178	7.500490093309689	5.0	3016.6315094788174	20.427737546174544	5.0	291.5437582631713	35.22387760400631	14.0	2.2891925830549744
1723.7454439628007	7.822643166128316	5.0	3157.996636451126	20.53816512705931	5.0	281.6069147125286	35.5464277042754	14.0	2.1621538004810175
1853.2984928292346	8.083450348985407	5.0	3288.172191729801	20.588438068854778	5.0	278.048601705818	36.44894984273745	14.0	1.7017226555688019
1912.619613663891	8.27736510542444	5.0	3159.492655577561	20.620279986991175	5.0	311.11985490667564	34.96056847774093	14.0	2.0735104238787723
1944.7558137202234	8.507915540354347	5.0	3156.844269596694	20.727952342127466	5.0	302.35939526872096	34.52539952327961	14.0	4.34065736888276
2050.5100013076635	8.955824562623032	5.0	3181.465588464511	20.969177940764766	5.0	284.8773586736052	35.65802342699816	14.0	2.641680362463577
2080.624903104424	9.244418893025317	5.0	3140.384869098588	21.079215734314047	5.0	291.039974542889	34.82632970808325	14.0	3.734371741725746
2066.416676993079	9.339203643266947	5.0	3134.3467787603363	20.987791664397506	5.0	300.5898658009735	33.92892207071947	14.0	5.595979917208252
2109.9774163985294	9.494866100238367	5.0	3002.9614846129525	20.848251861022632	5.0	339.0001111200737	31.95377626044004	14.0	6.801918202908467
2173.490564400309	9.785534773148001	5.0	2818.427975486662	20.82060971672724	5.0	358.17484893240413	31.123508773634597	14.0	7.854686903309261
2097.495409827908	9.777286402139069	5.0	2723.213463315727	20.451927548785065	5.0	386.535460556276	30.604518524211734	14.0	6.270820474846506
2049.92105789348	10.077752217638906	5.0	2637.706162063942	20.142663845815854	5.0	389.9750495837996	29.988907097148502	14.0	8.36242340357682
2155.0337589963597	10.375224349494713	5.0	2485.7957754868294	20.000069826437553	5.0	396.14345180339484	29.825350956450418	14.0	10.211245573452663
2298.713892890119	10.4024141307569	5.0	2380.7749520127622	19.855362645042007	5.0	380.8974880823985	30.817950724011467	14.0	9.71774388497291
2376.47276856157	10.714923430156237	5.0	2171.0353012457517	19.683472002163043	5.0	395.4046947100674	30.659094251671984	14.0	8.182041477217972
2252.2059332756926	10.814051931468708	5.0	2231.715741439599	19.468172334925658	5.0	388.91714216370076	30.43641542652501	14.0	8.350465044514197
2138.357468283347	10.60000270842599	5.0	2527.3486724159907	19.22774349081423	5.0	343.6992251087067	31.738817950550736	14.0	9.55710504303158
1908.8307097454717	10.128001963126705	5.0	2789.8966564460666	18.800823839331148	5.0	355.0819572321221	31.29866682301843	14.0	7.797699441528151
1682.01620799258	9.935895851594914	5.0	2970.7885391515915	18.463791714511203	5.0	378.9159166604435	30.15697330153944	14.0	7.578355660347832
1587.142516599616	10.031937519181904	5.0	3061.03606941527	18.2668990559049	5.0	415.12388299105095	26.91178395749158	14.0	9.494116749175006
1478.3499571469918	9.982490278964756	5.0	3031.12204634964	18.057915225598027	5.0	530.2150826225748	24.743149254965637	14.0	6.6313229419457285
1672.5902488289344	10.39816862167625	5.0	2884.146901516583	18.14529884191533	5.0	545.5874936339517	24.806078886748598	14.0	6.262568918432521
1852.1998258627511	10.181382922206865	5.0	2948.0048461684205	18.143209224898047	5.0	536.8057094106294	25.325833317403653	14.0	5.499215668281973
1986.662892427025	10.179250531429537	5.0	3005.257543352575	18.102605360735286	5.0	540.3982760269095	26.118930755851498	14.0	7.716106589592685
2121.846548563499	10.039947441977274	5.0	3049.7692057249014	18.06604165884516	5.0	562.3432113469211	26.282888547750623	14.0	7.5181702398891135
2104.4489881907325	9.991466372989303	5.0	3309.4278037899103	17.762298036211185	5.0	545.5868263722823	26.341577298534414	14.0	8.546849089558975
1930.976290472724	9.78728822483097	5.0	3689.5332146021883	17.495289472045314	5.0	449.8560842975063	27.881579993355476	14.0	11.357383566670585
1788.8163974831355	9.332467336369515	5.0	3942.5542488974643	17.617034788564464	5.0	396.3125939208021	30.585945253286056	14.0	10.715693054698178
1408.790552133577	8.893313941337405	5.0	4067.5978113293518	17.504856842035025	5.0	423.30379174590814	29.73077541650679	14.0	9.557530200360265
1220.6856513136108	8.354099840904023	5.0	4034.2619044491275	17.527783949416477	5.0	407.741671993617	29.96326391881868	14.0	9.091127805255493
1192.1402014650232	7.732239433042282	5.0	4038.13359321983	17.5946263918192	5.0	363.29012537576364	31.81575877743816	14.0	7.9261987381766525
1193.9172492851278	7.533213737987507	5.0	3924.469519776833	17.501817261352535	5.0	373.55324361928064	30.515737013130153	14.0	8.024871058831662
1274.4112286742345	7.8138504622084515	5.0	3843.590210768254	17.277030473432916	5.0	404.3548516434442	28.829962020563617	14.0	7.891894657999231
1393.8236859396816	8.09983191232492	5.0	3977.3403234099005	17.1137504587497	5.0	399.13921021608326	28.952525725370936	14.0	8.983764674018563
1623.436007808403	8.501255651100523	5.0	3942.5505308183497	17.17525923764718	5.0	407.1731383524614	29.49189526882379	14.0	7.6630742315596
1759.3496538791642	8.485617157656325	5.0	3940.0817063549175	17.04729382036364	5.0	426.13207851975193	29.741156481767515	14.0	9.084554631944599
2062.441320810264	8.911482503043434	5.0	3774.5633840258565	17.191128311653014	5.0	434.7682353310844	30.21508905210929	14.0	10.480582041602096
2402.13605054199	9.56209477601015	5.0	3455.657459076098	17.58262767299566	5.0	441.3527602257573	29.47997756848425	14.0	12.834597061296787
2717.371560917125	9.89582028386063	5.0	3239.13173876388	17.980903739839356	5.0	439.167968080345	29.694987481892213	14.0	14.014983344918058
2648.9252825838257	9.799628157361129	5.0	3196.7760852536753	17.89975028355746	5.0	492.18745778920476	27.610671524128517	14.0	14.338315452078668
2837.3469904566446	10.294320124812755	5.0	2798.059345543054	18.28152230671325	5.0	591.5712051101988	24.532793266127243	14.0	17.190612306404603
3134.69283098657	10.458180766566354	5.0	2722.4309413303918	18.7984339672138	5.0	571.4595170055842	24.8496867357607	14.0	19.802839900422622
3277.988721329104	10.93259662358837	5.0	2523.895213016993	19.410082896210156	5.0	623.9765739623512	22.95517713048679	14.0	17.65127099224288
3491.539018248756	11.194159440059394	5.0	2223.8322794377423	20.054333644326405	5.0	687.3718374682719	22.24814484649985	14.0	19.091021900108615
3417.5033185881084	10.953764729683838	5.0	2219.4525313838963	19.905571017310574	5.0	788.1296120213287	21.71129074351542	14.0	15.97755587610782
3320.3182283164456	10.476259590961616	5.0	2365.172658689149	19.72685546595029	5.0	867.1664892066229	21.39983677247047	14.0	18.3106492207794
3286.010409020441	10.234714884288158	5.0	2315.6704289012087	19.71638811093934	5.0	964.8928174604869	20.563682746593056	14.0	18.283364466310587
3037.710786529036	9.759578123440667	5.0	2378.502738528767	19.67995276657515	5.0	1045.359378960099	20.54518862330355	14.0	17.926384446696876
2832.8886811997836	9.18096182002598	5.0	2660.693592708693	19.603820859475697	5.0	1057.8588117297604	20.998027120452313	14.0	20.440129323231865
2617.025298707754	8.425178817607073	5.0	3024.5706728393848	19.442973059500748	5.0	1031.4456165616803	21.191999444768914	14.0	22.93780240818352
2552.217413267147	7.835085184549905	5.0	3414.2958174790333	19.526603812426195	5.0	874.079207589481	23.42429761224236	14.0	23.64344826128977
2544.3054357478823	7.434803832536051	5.0	3836.618309962045	19.525968714767505	5.0	679.2659154635921	26.826370335730235	14.0	21.65870703031497
2508.3953889473855	7.132893702482883	5.0	4151.590913091875	19.59906953546115	5.0	536.1259175248782	30.60782900470314	14.0	19.35785864828555
2401.2786397406094	7.111535909310058	5.0	4411.22271665787	19.62693570352234	5.0	475.4687883863201	32.02465784264069	14.0	17.074511820004
2463.973762282392	7.23758254228859	5.0	4425.8576060559735	19.593299431638727	5.0	441.80129344591865	32.08481062198129	14.0	16.251766995688993
2611.520859425866	7.435954138158718	5.0	4405.875422193778	19.703264430928144	5.0	418.62617530789544	32.862874847981345	14.0	14.310718913595712
2719.268663713447	7.553228710779513	5.0	4390.205906529214	19.90088595360893	5.0	400.4278533975606	33.34591082558562	14.0	13.910800320751571
2860.6130988421387	7.699689477218142	5.0	4203.221770151035	20.14893918925777	5.0	419.0730107973795	34.02530518843348	14.0	13.995832292597902
2970.6156826506185	8.011598319498065	5.0	3999.181870787129	20.582831393747686	5.0	400.5424135834464	34.352176985325755	14.0	19.21518409440717
3037.269181110976	8.200036169134354	5.0	3926.9721830230624	21.130872592244067	5.0	355.4587374768194	35.631796683378795	14.0	25.900256245601632
3012.520280558862	8.388238643297878	5.0	3945.311182129694	21.52315931318545	5.0	345.27018327275687	36.10378024031537	14.0	32.86812641383389
3025.453286003165	8.722753935764157	5.0	3814.461735091243	21.820815145400672	5.0	375.1411430601978	33.713688021988936	14.0	45.15044769680794
3132.4989606561953	9.152667381666815	5.0	3780.4790008926134	22.210509094172092	5.0	393.3353531532246	34.39544830584208	14.0	49.60481212747662
3281.91862153132	9.83290669873669	5.0	3809.9048033970303	22.581094480051235	5.0	392.1116726307302	34.77384670625343	14.0	50.306823493957154
3440.789019336245	10.291105853080385	5.0	3921.553260164251	22.531074943484995	5.0	437.0200928213336	34.34922564973169	14.0	47.93789590653498
3619.0533139295608	10.961649775544144	5.0	3844.4016446909122	22.44121147100208	5.0	500.4776285882658	31.865946508595215	14.0	42.155091098332036
3556.1231954091063	11.525352278801885	5.0	3898.162635138635	22.01896140437168	5.0	643.6822364962622	27.54680100217267	14.0	37.28596623387659
3360.7754477564986	11.58390420429107	5.0	4534.983134877702	21.410211968304544	5.0	637.0799592634748	28.308220840671627	14.0	33.15616729391313
3013.127774252038	11.71837745033062	5.0	4927.0539898044435	21.03306182578822	5.0	739.827337596669	25.624285688124093	14.0	33.63037060197085
2655.0922611699793	11.394079881239726	5.0	5591.731190401669	20.704436426098688	5.0	734.3318850978968	25.57289269100217	14.0	35.92641633507554
2343.4243924046345	10.983894703512682	5.0	5875.2744174909985	20.47118545267705	5.0	761.570070658016	24.078252680216476	14.0	35.9839477787651
2400.912773614084	10.57342104338438	5.0	5886.194748028982	20.477274232248703	5.0	660.9055887452962	25.334972685912394	14.0	33.3072381106831
2364.769894403271	10.602155850332826	5.0	5301.110141837149	20.362573649919838	5.0	733.2929272808846	23.746123803774264	14.0	29.19991379664222
2484.7129528436567	10.515310706174828	5.0	4790.973715471292	20.12213115888477	5.0	745.5152686009222	24.805672097589422	14.0	23.02937534096518
2734.3241899402583	10.619192475939915	5.0	4473.834321491596	20.03031881228113	5.0	668.5783626660852	26.1689052056575	14.0	21.508291031021077
2757.233470213355	10.595330265587418	5.0	4345.586660752602	19.60313979309883	5.0	660.0882574022861	26.86435861159965	14.0	20.625501559620236
2730.5644198921764	10.465624608310703	5.0	4582.926062757312	18.96589432275196	5.0	676.296383196968	27.88563430932056	14.0	18.889514809554672
2811.179911770729	10.709930425383687	5.0	4790.840177560884	18.476969302592355	5.0	679.7634392910948	26.52878723189896	14.0	19.440238182851697
3083.6761500537236	10.731847303829372	5.0	5135.640111335796	18.301023148465557	5.0	594.0150622997786	27.963773558227214	14.0	20.97849379398402
3130.6725761933194	10.670914750290292	5.0	5704.019523528287	17.810824505585998	5.0	570.6516635665663	28.99622051350361	14.0	20.709554410827543
3257.254111380784	10.75094970941391	5.0	5991.720656546756	17.429248479456465	5.0	559.8330800987765	30.360586347927537	14.0	21.72226991860056
3634.9888877015155	10.919475635108096	5.0	5950.423012345199	17.399929916778284	5.0	530.2673375199765	32.22508989559134	14.0	20.409429660124434
3355.1175289786115	10.672958326425725	5.0	6516.811073790457	17.05612055858258	5.0	510.25930582794666	33.51595830616811	14.0	20.442496964228383
3330.0691410516647	10.787189391740473	5.0	6614.560177608435	16.936136638931195	5.0	511.42460858273483	33.6073219516542	14.0	24.723574608101536
3995.4508366613813	11.225178272963998	5.0	6143.57670570309	17.13155993932859	5.0	508.34696092662085	33.87328172471903	14.0	24.72584664430221
3859.525138943434	11.170410251391806	5.0	6404.482224327333	17.14732668300473	5.0	503.8407860071423	34.335529124912924	14.0	24.356501140244053
3648.4775566817625	11.046679207918514	5.0	6774.23836186497	17.20029111183577	5.0	517.3720008974087	34.899305740993555	14.0	22.368085659312573
3708.713320326719	11.035598500823669	5.0	6882.489074646023	17.48149248416483	5.0	524.1443476001457	35.756202576987846	14.0	19.8775681537879
3612.921894439151	11.097614595730928	5.0	6744.078979949699	17.635167501605814	5.0	552.7624982367774	34.69562342464929	14.0	22.190167832077215
3646.7833348316094	11.268056767411284	5.0	6485.259267364451	17.783574383833376	5.0	570.8560161399585	34.3216018329161	14.0	24.350989357722003
3570.467151547379	11.279559927030537	5.0	6566.515697831615	17.828409061670907	5.0	593.2324596842832	33.99063485821772	14.0	23.708017773005164
3276.5919976967775	10.990827414445963	5.0	6714.510365919172	17.71608257499608	5.0	602.2782762043965	33.4156503523066	14.0	21.483494176396576
3336.2209973479075	11.090751743100853	5.0	6708.774003576828	17.683032951247817	5.0	585.5481740236726	33.82450070348571	14.0	20.834790866663624
3160.3295583200247	10.974053820482068	5.0	7115.641383599765	17.431100055868992	5.0	602.8949670467255	33.76123817340195	14.0	20.914696326469404
2783.840417711029	10.606241088221203	5.0	7604.5117166719465	17.08531928198625	5.0	621.0402408134743	33.24068957772326	14.0	20.497576466472122
2717.716083071696	10.395668333380371	5.0	8092.67080720269	16.94646997705	5.0	617.0319782858264	33.483133488151864	14.0	19.663478129091132
2498.2275085691767	9.983925235228387	5.0	8736.62324400845	16.819830834725067	5.0	596.2263258022361	34.11672573836684	14.0	19.482964239639173
2031.9421633769514	9.035234553542137	5.0	9555.735092154871	16.560516842816725	5.0	587.2661985385225	34.97059793474564	14.0	15.672761198876712
1924.4913951835704	8.440877136396866	5.0	9839.264835783913	16.508318783386496	5.0	584.0989568624698	34.62227781350213	14.0	14.019541040204727
1960.7756182687783	8.287042529954839	5.0	9593.827563311823	16.77121786899536	5.0	583.6560305497436	34.5026149359507	14.0	14.197023291312169
2161.508009781574	8.260028387827372	5.0	9070.26859999636	17.19441054795988	5.0	581.7648997992344	34.33349464167518	14.0	13.178095626696338
2458.3432881956082	8.429011190289433	5.0	8465.269445023083	17.59631201845832	5.0	574.8548045251042	34.21918546107923	14.0	10.636328712649469
2733.7274997832396	8.75573536952239	5.0	7857.893412027953	18.046171199588894	5.0	580.3986235486004	34.88252212582672	14.0	10.884080604529844
2569.2967193596796	8.500915352767832	5.0	7628.783691671245	18.183284564362125	5.0	597.7505457159831	34.39250121227738	14.0	11.772189746420613
2501.959849587636	8.583671027940985	5.0	7398.813422923773	18.19438420867923	5.0	625.549586664762	33.69143469658678	14.0	14.251419967876663
2464.5542475208717	8.584730260923227	5.0	7520.086423228102	18.15436408882009	5.0	622.7347753013258	34.237520733649156	14.0	15.652314677465593
2185.833819866579	8.10804045101989	5.0	8019.667770019208	17.866199893299264	5.0	603.2016113965326	35.05110545520055	14.0	16.7464494537515
2106.2876613351336	8.051613597046758	5.0	8170.113029552944	17.694131755161113	5.0	603.1133457422701	35.04540930803168	14.0	17.722033572293878
2077.238343331598	8.14626127694295	5.0	8426.345087719421	17.596328036906073	5.0	558.8732838666489	35.756936578799916	14.0	19.44997109478605
1966.0421462303416	8.101872637829143	5.0	8587.93461910001	17.529099072333757	5.0	513.3812323010544	36.09028754470008	14.0	22.3589481508705
2054.48314617607	8.432379906247338	5.0	8396.368685417248	17.516987750545912	5.0	514.9233866414553	35.99691947309365	14.0	26.200926239762296
2131.2104668231505	8.821271390991871	5.0	8093.066803714814	17.421482943480108	5.0	534.1598054642512	34.68263378399083	14.0	31.132799758609394
2224.721386457672	9.352311974082491	5.0	7848.9237246981575	17.459291166986596	5.0	544.9214469038925	33.396303914684786	14.0	36.636372534354486
2442.7563822468237	20.0	5.0	5791.571242594624	15.0	5.0	1137.1132197089935	17.217527399362513	14.0	48.99311173241024
2552.7196799088306	20.0	5.0	5400.13152814228	15.0	5.0	1220.5353161820199	17.379025385432115	14.0	45.84958490884187
2867.7822174999274	20.0	5.0	4961.361231786095	15.0	5.0	1233.9738123057543	17.527415029178687	14.0	50.13796811837834
3110.976939357277	20.0	5.0	4571.15999154268	15.0	5.0	1248.316941557008	17.434773430711203	14.0	53.31037362739634
3232.8115295411967	20.0	5.0	4197.292703907316	15.0	5.0	1285.4852650459268	17.44857806840643	14.0	57.88307933838507
3322.4517822583775	20.0	5.0	4050.391403593173	15.0	5.0	1266.7706539348735	17.60343215190532	14.0	61.2824989418492
3181.189976063252	20.0	5.0	4164.973823931583	15.277755559196544	5.0	1214.0766378532282	17.0774016231272	14.0	66.69664399477692
3061.502047020557	20.0	5.0	4150.436845811572	15.54199331494756	5.0	1197.665650270506	16.67829850395841	14.0	73.55548939067147
2575.4956475141203	20.0	5.0	4320.391532405315	16.260301390843683	5.0	1232.6208807281328	16.975622635586767	14.0	71.18956455057555
1296.9051237242832	20.0	5.0	5264.186340857217	17.2526616676863	5.0	1301.688951594943	17.1504480701671	14.0	67.25120953102456
1842.9223094674212	20.0	5.0	4924.732621216409	17.092351022487605	5.0	1202.6921602968764	17.1756001877166	14.0	76.22013389337057
21.796122237205644	20.0	5.0	6441.0786480156185	17.97646278377717	5.0	1263.2923742205032	17.008501606761133	14.0	77.08076595555518
375.1655186068883	20.0	5.0	6021.836186114564	17.839326086108365	5.0	1165.5537969184234	17.322694474714638	14.0	84.46487876491788
1411.8527980845593	20.0	5.0	4841.730394947427	17.39608386339802	5.0	1100.361302648021	17.276413650604592	14.0	92.46357539143753
868.1241555764786	20.0	5.0	5084.421783045747	17.60707061161257	5.0	1074.050293058849	17.514440263960115	14.0	100.00990420660345
0.0	20.0	5.0	5751.370334100646	17.917572396233936	5.0	1073.7441780916636	18.01634706742592	14.0	106.80162846166348
399.97392612192135	20.0	5.0	5407.142922557451	17.895262368709375	5.0	1014.5399310760228	18.536806812513735	14.0	110.9806683794642
110.01179241840458	20.0	5.0	5734.902056803665	18.18057727586732	5.0	971.9650066240681	19.37264288173154	14.0	117.6151448752361
0.0	20.0	5.0	5893.983338194028	18.41101469401806	5.0	940.1191288018629	19.996584407536872	14.0	124.59363407387404
304.98218764648993	20.0	5.0	5605.144365727617	18.54800212504485	5.0	946.9555547842518	20.808177317003796	14.0	120.58506640949909
2970.8257553711023	20.0	5.0	3112.470097902427	17.89648072210562	5.0	856.4384211499138	22.730718119773485	14.0	127.00143758144
4138.289894810788	20.0	5.0	1894.7790630317736	17.562213026465486	5.0	869.9585386405973	23.058883875277118	14.0	137.10264600713512
4628.626798964025	20.0	5.0	1256.7425999732448	17.229981954360237	5.0	891.5193396675645	22.972495411510057	14.0	147.2066407150509
4999.405768838893	20.0	5.0	723.0661204769483	17.325055235364808	5.0	884.118541994484	23.462949651835018	14.0	160.4890689572989
5510.338449873996	20.0	5.0	238.27258835218183	29.693263676389627	5.0	782.7844482407461	21.77332619439302	14.0	174.4553020300796
5161.5362833832	20.0	5.0	494.20722458415634	28.417686080063483	5.0	743.8525289633737	21.818235573593125	14.0	166.27297191794906
4815.964375356302	20.0	5.0	571.7990286653912	27.906496648659427	5.0	763.5968172309824	22.27851409774674	14.0	156.53863462503318
4777.984649613955	20.0	5.0	496.5087018889518	27.981160931123636	5.0	782.9939331989565	22.971976791571368	14.0	140.66399966462987
4861.354133434152	20.0	5.0	559.7689885270097	28.09441993852283	5.0	728.9455203716672	22.63533624276599	14.0	128.84142896623243
4678.356209983009	20.0	5.0	559.3183452298207	27.696312483333298	5.0	766.8452249913945	22.456736549440116	14.0	121.2913328088806
4624.515801365129	20.0	5.0	541.8926076012981	27.74770027494341	5.0	803.5022393276191	21.622640508998455	14.0	114.13331859147395
4910.083031657029	20.0	5.0	347.28802718844423	27.884664332370498	5.0	795.2886204196271	21.915974525736146	14.0	112.18097199409289
0.0	0.0	5.0	4986.389435582979	19.980792255222045	5.0	946.1380003579931	22.749605098477918	14.0	109.3008109792153
0.0	0.0	5.0	5140.849164022697	19.74282969064975	5.0	908.0657979673624	22.168237634195663	14.0	118.19419674933994
0.0	0.0	5.0	5469.3327181330105	19.572397379202407	5.0	786.4078980792106	21.40381359888817	14.0	132.75864887424578
0.0	0.0	5.0	5578.251670120748	19.507906576823313	5.0	790.5704520348111	21.05092467002981	14.0	144.16492219935083
0.0	0.0	5.0	5548.874610342916	19.340813747683093	5.0	807.5057903644579	20.747709387568765	14.0	156.24659355380493
0.0	0.0	5.0	5427.262897076139	19.276724857515017	5.0	834.1325897398324	20.477007099326325	14.0	174.81553872841275
0.0	0.0	5.0	5316.330656267026	19.211429424474378	5.0	831.9585025736853	20.25182745096594	14.0	195.21869982105096
0.0	0.0	5.0	5286.11390747893	19.147388227982493	5.0	842.9251956280017	19.27653838881213	14.0	217.4449890221576
0.0	0.0	5.0	5368.139832148567	19.178953287080454	5.0	924.5218874367785	15.0	14.0	234.60148513526315
463.325000391771	0.0	5.0	5516.339997970104	19.147953485587824	5.0	1011.5158978707733	15.0	14.0	222.35065123898354
1213.9294367911746	0.0	5.0	5671.748437893207	19.10276639321534	5.0	1153.7417372006278	15.0	14.0	194.3839974931545
1923.1040077109365	0.0	5.0	5783.567916230873	19.010346804452585	5.0	1529.4331466845422	15.0	14.0	145.0062777092169
2947.155365427451	1.5225599298747883	5.0	6347.6659620906	18.979194537216284	5.0	1544.9635973458417	15.0	14.0	121.45088575604137
3795.819154032493	2.6122785002612297	5.0	6778.461118827814	18.96486806662314	5.0	1539.2766868362469	15.0	14.0	99.96622794752331
4293.570416923394	3.7913636569756464	5.0	7210.89537428917	19.07009261019956	5.0	1326.859447482594	16.466930003743876	14.0	90.24414714585588
4810.498282657411	4.90052738030478	5.0	8074.6018676510585	19.08443670383555	5.0	642.3991991457679	28.49673012476563	14.0	76.96450596092002
3218.7588171135403	5.734725669061327	5.0	7235.283088956112	19.215946109192355	5.0	1192.3762911414785	15.0	14.0	72.25172619981983
0.0	0.0	5.0	5228.512468633344	18.314708758169562	5.0	3184.357632267024	15.0	14.0	-29.724573513058566
1981.0200226937225	7.284530715150514	5.0	6890.007226952981	18.913189860418896	5.0	1256.7229040591253	15.0	14.0	60.368809264080625
0.0	0.0	5.0	5905.501210350301	18.101666299766613	5.0	2445.504781911128	15.0	14.0	0.6225721804025588
0.0	0.0	5.0	6556.240761669839	18.043089327640082	5.0	2139.2061848456487	15.0	14.0	7.516458400857168
0.0	0.0	5.0	7170.276190640157	17.880316474156906	5.0	1837.5223619259682	15.0	14.0	20.54049872338192
0.0	0.0	5.0	7422.478234281677	17.95921106218137	5.0	1626.4494988781	15.0	14.0	28.728795369805493
0.0	0.0	5.0	7925.901077771817	18.093765317119175	5.0	1291.8793159922009	15.0	14.0	38.90067990774226
0.0	0.0	5.0	8019.1527888030705	18.259200239227305	5.0	1070.8593497601194	16.347260022138606	14.0	52.403887957816885
110.43295258162374	0.0	5.0	7868.7055492104455	18.5134537975759	5.0	800.273599854092	17.72224177865465	14.0	64.54186273413077
378.56339796717094	0.0	5.0	7788.187873813548	18.500567055795404	5.0	526.7969497838352	27.320916370891677	14.0	60.38680013927683
428.5203858523303	0.0	5.0	7524.816536641894	18.5379473439383	5.0	486.37258443742235	32.034651044735426	14.0	52.110090848097315
392.0854887267031	0.0	5.0	7327.283729197821	18.703596278423127	5.0	427.37527631834854	32.501360529384854	14.0	58.36647029744118
358.2731478723359	0.0	5.0	7070.794130146576	18.725148276391277	5.0	467.89524973887023	31.482203934458344	14.0	58.11838848359801
364.7030640999761	0.0	5.0	6801.663468615506	18.67788796046846	5.0	535.3340553729927	29.5718029046735	14.0	56.58191717112886
331.7432023697493	0.0	5.0	6622.548520901792	18.555318903563574	5.0	605.1705835823224	27.715259614906344	14.0	50.52564345123141
0.0	7.339824465918806	5.0	6210.209676537698	18.589647986980214	5.0	769.7003391610492	21.43494506467701	14.0	62.37332042517821
0.0	7.339824465918806	5.0	6038.087611440184	18.690376790502853	5.0	795.2130505634975	21.466134199037423	14.0	52.178053870259546
0.0	7.339824465918806	5.0	5967.119077350817	18.48163973502709	5.0	802.8886266848239	22.481760971361837	14.0	42.630274812647066
0.0	7.339824465918806	5.0	5914.483161969236	18.410230702928146	5.0	802.8074741634159	23.072365894478317	14.0	37.42567106803851
0.0	7.339824465918806	5.0	5731.316428608038	18.32375439313631	5.0	874.3516427541424	23.123624332227397	14.0	27.96797223840185
0.0	7.339824465918806	5.0	5843.42256113333	18.194002243025476	5.0	862.6880516350245	23.547304829056586	14.0	24.01788929371882
0.0	7.339824465918806	5.0	6247.600413002941	18.109744914674586	5.0	784.9365380155141	24.75391073955176	14.0	24.000918221157175
0.0	7.339824465918806	5.0	6522.399918358256	17.906273934475383	5.0	712.878579788935	26.117996855211114	14.0	24.13491910310393
142.9287333374431	0.0	5.0	7005.474641157482	17.68678896812357	5.0	590.4626678850238	29.68324336503561	14.0	8.046265511353202
129.59523081052893	0.0	5.0	7382.373255263385	17.654851656400503	5.0	562.5140214726354	28.90586027420845	14.0	11.888086495686785
0.0	7.339824465918806	5.0	7830.520120908516	17.67004850804833	5.0	448.6224232611868	31.06808026127619	14.0	21.57589159960186
0.0	7.339824465918806	5.0	8180.64899130023	17.464916178055514	5.0	435.0031848055179	32.199429712546475	14.0	17.789863444646066
150.74686671792077	0.0	5.0	8285.282937980977	17.45815043171787	5.0	406.8004206215558	33.54026373383383	14.0	5.137693800278906
135.67787333367878	0.0	5.0	8100.941751390528	17.49534720204993	5.0	407.2010690264285	34.14542302127794	14.0	0.8186184253599909
130.0474497239216	0.0	5.0	7914.1548109264595	17.356356961248217	5.0	421.37117574401555	33.18725649186366	14.0	3.4602861257657165
132.68908894177528	0.0	5.0	7753.974026334883	17.288606031350405	5.0	424.9730672682288	32.558047251141716	14.0	5.63301958274311
128.55095933077024	0.0	5.0	7623.78866634005	17.194801499448584	5.0	469.49395207730805	30.858201779497303	14.0	9.16382222767073
123.43342921323101	0.0	5.0	7637.36500470756	17.125720546883233	5.0	454.62125331166834	31.21831183703795	14.0	8.854629484847205
112.35391590157494	0.0	5.0	7596.2933294841005	17.084602179033393	5.0	480.0311296594884	31.772032420685438	14.0	5.599301074147512
129.83830629315932	0.0	5.0	7475.283968576671	17.037611784209556	5.0	544.8975357759984	30.764945211276224	14.0	7.063494485223102
154.0686206984638	0.0	5.0	7562.2478001474665	17.011971776396738	5.0	534.9012076964626	31.42820656224461	14.0	5.9929646206736855
165.33612963314133	0.0	5.0	7518.574950528836	16.974315749611492	5.0	548.0478905898617	30.977877725339262	14.0	6.847298003852141
184.3541068394054	0.0	5.0	7555.318412727586	17.074152800740872	5.0	588.4668642930939	30.85786339061775	14.0	8.856071807676381
209.55640227688764	0.0	5.0	7917.669732911504	17.090374048617015	5.0	547.4648683738714	32.91542220629392	14.0	4.615939152731125
231.62039409527	0.10257570661587441	5.0	7986.4049188089675	17.103913080793607	5.0	548.2068490180227	33.22753565099054	14.0	4.916263118956806
233.0303716352188	0.22676019682480864	5.0	7843.577232429439	17.032029617689137	5.0	544.4424417546521	33.14432960025755	14.0	6.521176789982547
219.57578045261536	0.0	5.0	7698.229005058891	16.99983864227655	5.0	522.912440979092	32.25607103654347	14.0	6.322611342381457
211.99671341231786	0.14877704985806028	5.0	7476.684301592828	16.973655979650943	5.0	547.6613619249915	31.725636777396293	14.0	7.15217987895707
235.1808283473784	0.5586375509867211	5.0	7349.799913340652	16.917748235992068	5.0	537.8692230767493	31.901928595144614	14.0	7.148757913051951
260.2246131852663	1.2857573216558915	5.0	7003.760836332084	16.911263321559165	5.0	566.96971018817	30.754223137604804	14.0	8.2606892936081
275.6006889722249	1.765471121317919	5.0	6809.502665920019	16.968476078336646	5.0	557.6025813886819	30.983780320377637	14.0	9.218468371478101
271.25672879037495	1.0678406624531414	5.0	6801.603349033213	17.05364231585562	5.0	503.71817783847075	31.702516972187695	14.0	7.456394375995574
312.12521809106437	1.4111650112245049	5.0	6711.394729129018	16.992199237470068	5.0	495.85678946239443	31.65972546795279	14.0	7.056052735921841
293.99726580089043	1.3571855731532327	5.0	6586.431428165967	16.943672846842638	5.0	509.54178862317536	30.465281291881475	14.0	7.43764361435093
282.8354736330139	0.7615768002612461	5.0	6472.796151337905	16.79791765229431	5.0	493.58533429511994	30.609151573411875	14.0	5.487937220407967
293.58331957081685	1.2583727075641442	5.0	6277.549925978873	16.693120026544676	5.0	527.2747188501467	29.456326572960332	14.0	5.6818925468193795
283.1860539297009	0.8885686671934304	5.0	6072.828338533814	16.705533283740078	5.0	516.2655418606137	29.08092087670037	14.0	7.165612073035939
286.90494278028336	0.0	5.0	5967.892880285826	16.651008807734538	5.0	487.3622153178055	30.164695645786644	14.0	2.7612631630559528
289.9254035828979	0.0	5.0	5799.197514449135	16.677055655825683	5.0	461.38099057808614	30.65967697149603	14.0	5.5343962992907
291.1854217321887	0.3001912321432715	5.0	5547.664962037905	16.86061453115333	5.0	444.050227751905	29.547270880274183	14.0	8.471566963438622
263.890393363617	0.11778978090409757	5.0	5216.899410208468	16.961539800616542	5.0	491.3142547787475	27.68371271942632	14.0	9.20443653513794
300.24670031022254	0.8858736850324386	5.0	5063.772354193925	16.916682756207663	5.0	486.13213758051506	28.287907399530255	14.0	7.4253117782513725
316.7926226208878	2.0616249287047834	5.0	4927.703929628302	17.012361867616136	5.0	457.82952860114426	28.617029455015487	14.0	9.216455918071723
319.43886877483715	2.989318474868214	5.0	4715.61666705768	17.045309194622174	5.0	462.80135172938117	28.5175813982186	14.0	9.070217682329401
381.4289267821979	4.539605315805951	5.0	4552.621727556779	17.069502808031594	5.0	441.51391205929036	28.39995576714262	14.0	10.95078600600198
391.26363433016013	5.2082347721721485	5.0	4458.120394809871	17.08948225356899	5.0	460.9251964104518	27.910310530076927	14.0	11.504423618736183
423.63560960377606	5.163317389137367	5.0	4546.622569299998	16.982243127826113	5.0	468.95856501764223	28.743443531764594	14.0	10.103536562219778
588.8002708732031	7.629746970058138	5.0	4341.160523088174	17.15974952427516	5.0	449.4135795536315	28.057040169581413	14.0	14.038345520509932
748.4080073891935	8.588450656156207	5.0	4239.225809635901	17.248846493213414	5.0	452.34188186706	28.97883160923879	14.0	15.025773615479597
709.7080317180597	7.868293187493162	5.0	4338.805305449654	17.091713790190564	5.0	473.4160158395781	28.553029085989632	14.0	13.002840894433618
765.4173358961224	8.850029938657576	5.0	4184.461825543422	17.034756418503605	5.0	478.0676594120487	26.87813704534679	14.0	17.589789587159082
957.7787873982453	9.614617028129627	5.0	3996.1086552224647	17.096913908196253	5.0	489.1193512867891	26.27287857752182	14.0	17.962230648152875
917.7820301354035	9.324727732079545	5.0	4028.9203210185774	17.14982318866999	5.0	474.6527718262949	27.56005397269031	14.0	16.073257818780107
876.7821812283756	9.482001864789092	5.0	4042.2384794827135	17.1891127956726	5.0	426.2653751631888	28.121739551097846	14.0	18.12394982174957
813.5044282739899	9.228979489351335	5.0	4104.522362176605	17.068847726221154	5.0	453.59489820033826	27.568764904077685	14.0	16.89556373208255
883.2138402971782	10.216942645623792	5.0	3775.8917656915496	17.153726110647625	5.0	555.1446332604363	25.841050045177624	14.0	18.64451027654052
947.1914517721821	9.7528727893193	5.0	3826.5220829624936	17.179097368901534	5.0	525.248321416088	27.223299403396037	14.0	18.901326397579044
996.3289683399307	9.456546686448474	5.0	3792.7727346163133	17.216303867481056	5.0	538.0930354655204	26.702778515168482	14.0	19.53676127787083
927.7635722839462	9.383733472596592	5.0	3673.7486585123747	17.15864980415329	5.0	588.3704445837838	25.742030630557306	14.0	21.942515615874466
1035.8351076450176	9.686686254385702	5.0	3624.2762468846267	17.186364520402275	5.0	561.368448516745	27.146416776490057	14.0	22.45914074593982
964.9420251826951	9.273237867098013	5.0	3678.643283514756	17.092176953644103	5.0	609.3727848452822	28.248668208618792	14.0	20.487041434389866
977.3900242628788	9.158661333084746	5.0	3461.573132555441	17.118575243707223	5.0	659.3151979504256	26.932049844583485	14.0	19.834711329737615
1217.0973547540284	9.603556630718945	5.0	3296.18215351703	17.55002712489309	5.0	635.4028593178888	27.07244010407624	14.0	19.526667213038305
1082.7658995451002	9.54666719974642	5.0	3216.834102641148	17.462913374510567	5.0	693.247054637611	25.49549562692984	14.0	17.365725847724285
985.1986967426589	8.356973539387322	5.0	3328.986758211597	17.304462936735593	5.0	683.8513763296456	26.399720846874295	14.0	17.040060719229725
899.1981716448392	8.075049587850833	5.0	3205.3062095041705	17.22634514973969	5.0	724.5060324379172	25.599630006247583	14.0	19.052907282193985
797.6240439393573	8.479888018527683	5.0	2981.3887131552433	17.271013924494707	5.0	793.6161344224298	25.034643853998844	14.0	18.785041206236347
863.6929586505061	8.318475347313885	5.0	2906.4492443196577	17.503247493340307	5.0	766.3904344630946	25.443324691459523	14.0	19.44769868811874
748.5861319226423	8.162575128041073	5.0	2679.3930388821495	17.405069482900327	5.0	810.6711066915573	24.946909016946925	14.0	18.193496859055585
654.476704127847	7.654465362447134	5.0	2658.5503413956794	17.374019709422424	5.0	817.1438194048914	25.402664520017872	14.0	15.520179875919615
646.6916309642471	8.133049425345925	5.0	2591.4301430875776	17.603531430923347	5.0	793.1254892245618	24.766542556935207	14.0	18.701898801392236
609.0667337921244	8.60133219327002	5.0	2381.008599201481	17.74536798807441	5.0	832.5732649003797	24.050122422281163	14.0	16.976078972621156
564.4106402974639	8.766981123396294	5.0	2287.4565945560516	17.72839840581446	5.0	867.5598048579927	24.15602434750603	14.0	17.04812533449553
827.7633791089282	10.037630802197933	5.0	2196.13045504898	18.320748767772756	5.0	810.8024497311485	24.55954328048418	14.0	16.710354941856007
919.1346740790966	9.785877306315374	5.0	2223.8393309829444	18.41718093586726	5.0	784.9324380461155	24.950632606247158	14.0	15.25041726121889
766.6855150307263	10.54150182970635	5.0	2178.6917789093764	18.18438144723381	5.0	832.7920002339048	23.569016714333003	14.0	14.741571593244785
784.3787862496288	10.352190050761276	5.0	2354.845888807337	18.200244058821763	5.0	781.0057495075876	23.650853358662697	14.0	17.37197940133301
666.3577952384904	8.726975074144699	5.0	2676.1326135981735	17.913408784335616	5.0	747.8158843092348	24.80750194289374	14.0	14.58807304535873
630.3568140883621	10.000543131079635	5.0	2741.4278791491415	18.120280595354778	5.0	743.2467568932489	24.03854176749445	14.0	16.3041950870634
793.6990320683232	9.665002752200289	5.0	2821.211474482416	18.307135431724884	5.0	696.2319711709974	25.658465265491678	14.0	14.908314657510099
777.9786009972685	8.954946364328759	5.0	3054.6881622508495	18.441198629991	5.0	654.8405245781164	26.07077828309092	14.0	13.432433098892494
847.4927087371971	9.261608733440797	5.0	3106.642862714052	18.68151323222929	5.0	618.0882044077708	26.715760468398695	14.0	15.622080131973746
874.1813345382437	9.630339657805584	5.0	3155.498984343405	18.888327854367265	5.0	660.3579505144631	25.660604837906117	14.0	16.32603539769728
960.5156691030147	10.014901929171739	5.0	3060.376060724659	19.013390203430117	5.0	668.5902734006928	24.66732457618202	14.0	18.22683663670852
1025.3465106134174	9.943855579257521	5.0	3007.1288518777683	18.982118098867304	5.0	677.7431021525823	25.227542349564157	14.0	19.659621081897345
1157.046561626233	9.871868844904405	5.0	3042.9220961367823	19.376007247103203	5.0	595.8132535022103	26.750623077483702	14.0	21.413670979017216
1172.8407109466234	10.270530503137499	5.0	2711.6101201072743	19.410870591256323	5.0	651.5126907713521	24.876944681086457	14.0	21.421034106963923
1215.314475619789	10.935107330890666	5.0	2486.0586432642376	19.456237655079367	5.0	688.3417662787994	23.338532143076755	14.0	25.215899335224652
1173.61534160946	10.50182154372251	5.0	2489.764610299281	19.316325461424178	5.0	662.6225124724145	24.311480998234842	14.0	25.072936638280144
1265.7393102537824	10.951297628521209	5.0	2299.7719038019127	19.38296671701494	5.0	702.7906253998366	24.14999896276638	14.0	24.043088358739006
1276.6229484567516	10.960271998944307	5.0	2363.890956012436	19.157135117073775	5.0	636.6234098003738	25.069303771243142	14.0	25.32855248898527
1483.6679086912845	11.535128238761066	5.0	2283.3853142793914	19.61301759810915	5.0	548.6678285399048	25.6673172125708	14.0	28.921963147541838
1490.2719121882217	11.803218573671577	5.0	2149.3570346791003	19.946258733761418	5.0	613.0184618746376	25.535995833397138	14.0	29.573193933115718
1394.0215114301736	11.896918716916941	5.0	2032.0275569338323	20.068353114230316	5.0	632.5987482026667	24.107968364257683	14.0	30.569781621707453
1584.1661048805393	12.669548423123814	5.0	1824.799541720079	20.572138088055013	5.0	647.22772861809	24.98042516144909	14.0	30.668519674685204
1499.4534536015503	12.74750864630485	5.0	1741.148030568385	20.849232243708673	5.0	704.434727786469	24.649499019746553	14.0	26.879092213276298
1565.2674133011922	12.362730704074105	5.0	1797.9226155359754	21.074952123021784	5.0	637.1185491177165	25.874680681411842	14.0	29.543910506338435
1576.4399683642378	12.690030396951988	5.0	1812.1674061059064	21.422651165615616	5.0	596.34710695112	24.68307136474978	14.0	32.46551103321596
1295.8988812636178	12.603933376910385	5.0	1880.4356546682345	20.688414795263597	5.0	747.9908142077304	23.735125051470636	14.0	29.16852404136582
1361.3117920316156	12.385388108629678	5.0	1950.9124544445099	20.497359358195165	5.0	735.9198152885336	24.6224036765461	14.0	29.183825458016486
1287.1081224068892	12.324000797996433	5.0	1986.5903849136416	20.58402503202319	5.0	701.9254647844205	24.611426359170775	14.0	30.87026298338479
1223.9022884747435	11.97658751034639	5.0	2016.2789248288996	20.520918413424788	5.0	786.890234663246	23.436379901141855	14.0	27.907795955746035
991.3006104243427	11.873853343283576	5.0	1947.1392133737088	19.575305565518395	5.0	928.1525084459319	22.68066926906474	14.0	26.00192834160375
1153.4201051759699	13.845938692713592	5.0	1549.847815286802	20.47075936806199	5.0	988.6566396584107	21.006557090245817	14.0	28.089793188573044
905.7474804507561	13.072785164744499	5.0	1503.7841207555502	19.86835761425008	5.0	1075.4434012303223	20.651849154178773	14.0	20.187051825148792
671.2767111795976	11.115095033833196	5.0	1537.3549564916111	19.5060639072926	5.0	1093.6650641165609	20.64135087826106	14.0	15.406378069340748
676.905388288921	11.54808068011186	5.0	1337.9071642131605	20.14079266235165	5.0	1137.668897275936	20.109525162575153	14.0	8.323035123961773
725.4505830691761	11.711773296336656	5.0	1169.1543700135474	21.06237354267167	5.0	1143.695417069124	19.75725600748761	14.0	1.3070508356232684
859.3809741631597	14.691219879547388	5.0	959.4543208528567	24.002085826747592	5.0	1193.2570197306336	18.787129448468278	14.0	-3.683492219474624
847.3679704985262	13.476356245136264	5.0	1228.412090534527	23.567979425186785	5.0	1069.9415295175202	18.89036101164628	14.0	0.8100609839899324
889.8288727714967	14.140287848258403	5.0	1085.1705973156102	23.9726171898148	5.0	1104.8326792993178	18.984548845317907	14.0	-2.342683325241511
961.143827500705	14.092904404191538	5.0	1153.4112415319375	24.07586265688293	5.0	1033.359479907696	18.704941156360253	14.0	1.7694149951992404
941.5165120973245	13.461477592200668	5.0	1144.6609216845393	23.79053051191254	5.0	1080.492854628936	18.785623699494263	14.0	-4.456157182066763
892.8173438559112	13.52415702790782	5.0	1010.0345886881969	23.75277985892285	5.0	1190.9807877604053	18.963890467646323	14.0	-5.3191519157905045
922.6923008776345	13.695246289118618	5.0	1147.8190236882836	23.14515858740154	5.0	1102.3555130481664	19.127195255280085	14.0	-3.762852496290952
858.7166174966321	12.706944933892531	5.0	1335.9258186567586	22.49540411728013	5.0	1031.6982499552162	19.62005187386706	14.0	-0.7309056328001358
879.1327522030529	11.331100773537768	5.0	1481.53004792645	22.066835946646236	5.0	952.1121519768423	20.008309745719597	14.0	-2.0394475448926532
857.561631750257	12.064633214046356	5.0	1477.196835807278	22.19560263025296	5.0	912.2754608864369	20.874339050527613	14.0	-1.8595025672895622
903.8509889226175	13.536561455637662	5.0	1346.8085628761285	23.41763450015977	5.0	926.7356716036012	20.44587931486955	14.0	0.9798537805374444
963.9318870263141	14.429552171779411	5.0	1133.6234756208466	23.919105418843813	5.0	988.1974906297988	20.37326024689596	14.0	-1.569667299792278
891.8542087000509	13.451722084810923	5.0	1229.4161574597003	23.37626282552912	5.0	974.8982085573663	20.86181141570524	14.0	-2.6762543622731747
964.3281479595863	11.96611268175339	5.0	1245.5695067819984	23.168517443536583	5.0	897.5854528217352	21.751247001310222	14.0	1.4504195290971573
836.0027794357666	11.599261532894133	5.0	1241.6454450641615	22.706915745621693	5.0	892.5197520785848	21.668096653505025	14.0	1.1251044691375356
765.6067104914476	11.902509665363244	5.0	1145.6521595138645	22.26211902937106	5.0	910.7173995768665	21.79001297757369	14.0	-0.14299977685533108
810.8213224952068	10.794574307020563	5.0	1242.56757087984	22.108287175923042	5.0	877.7021731343526	22.887454275349462	14.0	-0.4324387762268541
659.9244486434781	10.816095975300605	5.0	1228.8212398994594	21.502875071443967	5.0	844.6609526246159	22.442323428084332	14.0	0.25472736881870506
657.0519354089187	11.789354805847937	5.0	1083.879088013554	22.132259192033573	5.0	819.3202357043675	22.491432100832007	14.0	3.7322825636163093
562.7914800688613	10.451129443280445	5.0	994.3372924242109	22.251741805186146	5.0	912.5892960335337	22.89951488792122	14.0	-3.1344218517436393
719.3023565586255	10.329807919981386	5.0	1051.186407682994	22.38605182586871	5.0	858.7464965321761	23.685165963607403	14.0	-1.4310041292341436
568.4932899428571	9.855867158980486	5.0	1187.7116159828943	22.072750625412475	5.0	826.3862233266093	23.663296067234793	14.0	2.2652480723737365
