amplitude_0	mean_0	stddev_0	amplitude_1	mean_1	stddev_1	amplitude_2	mean_2	stddev_2	amplitude_3
625.9100008445098	16.884136006619133	5.0	313.7034249620454	23.28543370504795	5.0	347.45671609859727	20.356844617342308	14.0	5.374168190677484
354.2409358388742	14.184230951510942	5.0	629.6082902558956	21.16159091144235	5.0	352.23277168320146	21.101379186497585	14.0	7.2886718621628415
395.17756404506986	15.420422322805567	5.0	495.1138541939011	22.398747396940465	5.0	394.47720744675644	20.769893612704077	14.0	3.98671278779829
479.20748865680474	16.028218681189824	5.0	426.54780560729716	23.81077324835129	5.0	360.0062949604264	20.380427057908868	14.0	5.0798906237417025
405.0211306486667	13.193290597993046	5.0	642.1380118984437	22.155720374610603	5.0	333.7647126438193	21.64401965154735	14.0	5.3489015247650755
501.7391159050549	15.674787922792968	5.0	423.5561804284336	23.734906154891934	5.0	364.9041963843205	19.917790026208223	14.0	2.828621763448373
535.5443485032542	15.122146608157795	5.0	442.9068108347147	24.034544967141752	5.0	323.9845887878391	19.833108180308926	14.0	5.033610376842236
490.38254966804453	14.841877725934694	5.0	462.96939672241115	23.620052809307683	5.0	335.8993195038318	18.612765024432854	14.0	3.0846814474449107
590.3691574590962	15.220275310036412	5.0	476.65396359155716	24.33678835282651	5.0	285.50460588433526	19.957561359693564	14.0	3.348087936972768
551.5037141407325	15.653152206695138	5.0	415.7681637369486	24.477761804975117	5.0	330.20417583240163	19.17727132089309	14.0	2.3835990664835793
540.0655857447786	15.479098902670925	5.0	449.92303112749147	23.180343837975737	5.0	334.12463313862185	20.249468716601427	14.0	6.3961643978450065
456.08532119414366	14.30211761518867	5.0	555.361856389034	22.5638501665197	5.0	322.6802102198178	20.921100941689453	14.0	4.4117909178148
589.8870114385242	16.56125912338965	5.0	377.6980148027398	23.686446499166475	5.0	321.8137911460413	20.09626194818554	14.0	3.637220293153932
562.1775621067756	15.71768834564199	5.0	445.6200659225834	23.052911237588923	5.0	329.1800921489733	20.033838973484805	14.0	2.9668525698974184
508.7276559016177	15.810606643131234	5.0	483.0034620147698	22.50393536584655	5.0	319.50460482381243	19.881213575817704	14.0	3.6153266810877853
450.81547893641147	14.724872271599637	5.0	576.2314207030265	21.346010520813174	5.0	315.432469179868	20.831754470118277	14.0	3.3981350880338836
544.9088937232748	14.729517776384965	5.0	551.365677257657	21.68428469219303	5.0	281.93503223000187	20.44079416187085	14.0	3.8293724965914406
462.2791797028372	12.6745124005842	5.0	748.3250590307563	20.746621389026743	5.0	249.00456746131195	22.68760253369737	14.0	5.331706948511088
558.1648821215863	14.813924913411045	5.0	450.9245048410639	21.293261652740902	5.0	313.2412338320635	19.96321907044007	14.0	0.43730399948338805
606.1027609069058	14.660975740805586	5.0	476.0967147769776	21.305158912839	5.0	285.02311043005557	20.42334265663283	14.0	1.799536472785627
411.1295920293533	12.636727327549396	5.0	755.5975275251964	20.08006932805888	5.0	261.06452147949466	21.62321433348634	14.0	7.104728970732048
364.3315485959499	11.562420740177222	5.0	785.92914209001	19.78562271511301	5.0	234.23068598695045	22.190046142118888	14.0	5.209362912506122
514.3962591385266	13.021095525933424	5.0	612.708479471668	20.782927751923754	5.0	248.33020837235554	21.093097241848263	14.0	2.8972856183974014
643.4963125988728	14.330074209163733	5.0	410.20010144573547	21.75112252152018	5.0	260.9553560279381	21.02641403235293	14.0	2.8996765418559125
436.488121966708	13.575461739364144	5.0	618.6508287619673	19.82916460514443	5.0	274.61276860213445	20.835835063575267	14.0	3.5583675586062933
537.292047372355	14.479825090078508	5.0	510.9330038932576	20.22113820087025	5.0	291.24116784580184	21.453939617245055	14.0	3.53513437501162
598.6606434338797	14.86914045742482	5.0	399.2066313875294	21.094853014882	5.0	288.9867608889984	21.19768142115224	14.0	3.785167152989205
716.6898028082493	15.206170331048154	5.0	331.0530041709115	22.694154351477568	5.0	280.1494585480072	21.142529716362468	14.0	2.818432915687845
774.3273313602555	15.291811996841124	5.0	318.8610878927178	22.869826787704987	5.0	275.7336435337398	20.808855986139985	14.0	3.16615986248505
712.4021995701054	15.173821416200015	5.0	368.66489205116756	22.1061164435368	5.0	276.7199328212917	21.463399541276743	14.0	1.5038526512098733
885.5520983749016	16.068308396705735	5.0	273.6741578671637	23.511138001651407	5.0	263.5527596791072	20.354949863231987	14.0	4.646695443774673
823.9566052041673	15.629381208714088	5.0	339.05631348104924	22.73339451717301	5.0	267.05812332033196	21.4765732378907	14.0	2.50133452966311
918.8542804951385	15.750149181255507	5.0	252.78830608840642	24.194225976717377	5.0	253.85955424746135	22.311773889350803	14.0	1.4782244056243992
946.592141878809	16.324209927174717	5.0	129.01087725344837	25.509218378887862	5.0	302.77966272531376	22.015031237891797	14.0	0.6708511343656618
954.1896898366498	16.210413548986942	5.0	105.72347505685336	24.90524526009074	5.0	264.60170990119326	22.665833360253906	14.0	2.8336063580417585
965.8853782912724	16.083556374488424	5.0	129.3321611121871	26.24647104056861	5.0	247.2770962711904	22.13921000801963	14.0	2.023457859191519
895.5498538884758	16.425918636612693	5.0	68.24898503414198	24.146959882337633	5.0	306.0233291189061	21.99044199782177	14.0	0.5427762570555257
851.5492852618393	16.67075727895054	5.0	84.83773423996192	25.32620200322141	5.0	282.977552169187	21.47382514814333	14.0	2.516101144969613
897.5998731651736	16.581928543832916	5.0	78.68385648695616	26.560028344630226	5.0	255.82772829111443	22.398945894622635	14.0	1.5310798648151553
804.9862331147164	16.670999722598182	5.0	157.20610721369871	23.581765536732306	5.0	287.10195356007904	21.20273662194155	14.0	0.028516235091989358
882.6664390872244	16.42984499148407	5.0	142.0806118460427	25.109857433381936	5.0	265.8303707947907	21.43471460213092	14.0	2.268244514450956
875.4581080616017	16.920410947214542	5.0	20.914302347648768	26.62579885431435	5.0	299.01876799457625	21.652990577179228	14.0	3.2141358371860678
903.9895873897403	16.864465709377743	5.0	56.309269807424975	26.611516877353395	5.0	280.9445770085648	22.029570683258534	14.0	1.8206339872821582
103.26364239855316	9.264721553660754	5.0	860.7748508611361	17.475306582815545	5.0	288.32225846442805	23.427487571406665	14.0	1.2735380865562338
65.11178457511257	6.399805521106503	5.0	890.3669195169974	17.37214597645162	5.0	291.7478501901449	23.60867902244124	14.0	0.8353071664794156
643.8624698721454	16.048059255538593	5.0	264.79752935809313	21.313306270351756	5.0	292.164840234032	22.51855783115325	14.0	1.4512850268701245
735.0381806614248	16.915222814767354	5.0	136.5465172031252	23.77893887330631	5.0	310.67364813535465	21.53440731225317	14.0	2.4116901699160094
329.59274620598313	14.118215648360259	5.0	578.9582299123052	19.541838211269976	5.0	288.88353778209546	22.59702621299413	14.0	1.7184427320827318
160.48775473055434	10.12703899840809	5.0	735.9333504178414	18.65943451162721	5.0	278.71202072088283	23.71519482629986	14.0	-1.2767169396364075
156.63739870608092	10.443560790155416	5.0	751.7535934776297	18.775709301749032	5.0	285.709963963616	23.798951445149918	14.0	-0.0034280686787811774
638.128914736957	16.642049193643174	5.0	195.42194627989613	22.749019941804022	5.0	310.88028194900966	22.082382629357024	14.0	0.16350268122295677
220.09883164286038	11.99145777482602	5.0	655.8428511470347	19.798266304945226	5.0	309.0498496053223	23.43631468365648	14.0	1.5794739500226196
347.32792594022646	12.43734680621958	5.0	646.3127898512186	20.71481716675539	5.0	260.9847543460269	24.330518164094013	14.0	2.733750553296612
395.3775133613868	13.087668581494615	5.0	567.9801922216799	20.602668596366893	5.0	300.9991736331091	23.62445554448346	14.0	1.6734969165564657
443.0388115375986	13.676394691443228	5.0	500.52637499964464	20.769399846886213	5.0	350.75654727993214	23.16781485831542	14.0	-1.767024764605106
569.1363826981766	14.42493136266775	5.0	417.24137931653456	21.760629544048413	5.0	348.7667561332597	22.80910685631568	14.0	0.8321628769668604
611.1848430756716	13.853554816379871	5.0	481.2999207981871	21.336000124763135	5.0	339.2122017143955	23.69654782264747	14.0	2.5722714646290457
723.6469049673634	14.26137628379926	5.0	434.0539144115685	21.78952703288514	5.0	329.40016590721075	23.740361611620585	14.0	2.845600385979105
818.1046362292897	14.674430803944336	5.0	385.9586150441978	22.09191353457615	5.0	331.60321336980496	23.888888193386947	14.0	0.6434950402374154
1045.4427380939376	14.978903826756907	5.0	246.4607351209357	23.75836413665864	5.0	313.18786795064295	24.535062648391662	14.0	1.8853252984401239
1138.53447635573	15.475150945469641	5.0	206.53689067948622	24.30403220640198	5.0	308.86249105634215	24.301997909784426	14.0	3.430938258492324
1148.480488363971	15.584155675126578	5.0	163.05599311073186	23.24701730325091	5.0	337.982726528111	23.84382719892204	14.0	1.7702282082445533
1172.253393272632	15.326978120577087	5.0	224.18821230075105	23.471688320899144	5.0	341.3016893451248	24.600930746860396	14.0	3.522312390815447
1324.5018419417797	15.64205517151352	5.0	180.55960320841393	24.863386035585588	5.0	351.78540509049253	24.895134512918943	14.0	3.41902133645117
1176.9907323029734	14.972969578914572	5.0	331.99655307969175	21.89641294506966	5.0	352.27435195241065	25.45819843622327	14.0	3.249327117283189
1240.9289956073253	15.09082359623833	5.0	295.6077081733634	22.88249682521079	5.0	395.8604586854981	24.706824403507785	14.0	1.5515409041708443
1223.4664302987214	15.524876155047007	5.0	176.84106167604313	22.408981166913318	5.0	443.3652957471619	24.494394898896143	14.0	1.688682502516898
1272.78538021438	15.485978041283683	5.0	250.11822948335129	23.129524566423886	5.0	425.4259815843068	24.969290518807036	14.0	1.2038881209339485
1297.7899707016757	15.509980924127813	5.0	254.58111454781553	23.33886889049454	5.0	442.53036977095303	25.27986563351149	14.0	-0.04328135205371837
1332.837061891705	16.175122800644594	5.0	144.44842394688695	24.933125769575753	5.0	492.9334557164555	24.35161046338436	14.0	-0.15339178162701417
1307.3033697752671	16.02269925306135	5.0	183.29933583471737	25.623592070806986	5.0	480.3696832699336	24.607760272975593	14.0	1.3580826242228328
1374.9377971090312	15.98400702526812	5.0	210.28260000286275	25.072906338664907	5.0	485.3453582591567	25.426375678837708	14.0	-0.5542878636127008
1322.690350628898	15.994291479628316	5.0	203.41961511049294	23.52290102201795	5.0	501.77634543019275	24.886143584903714	14.0	0.02882190832669499
1548.6065996506034	16.40210138932982	5.0	207.4145946617966	26.873284910772465	5.0	433.65497028387836	25.058521700863743	14.0	2.922905842152397
1726.781162728504	16.796876410572256	5.0	163.85639812777575	27.68838744025685	5.0	433.33729575259247	24.6926922485647	14.0	2.8306241126516487
1753.0689949520408	16.876690534007107	5.0	125.96083135386806	28.74419870628694	5.0	454.0851155519551	23.612038522791735	14.0	3.798422220658263
1763.4800942548893	16.92434973724346	5.0	132.0226189713012	27.742127857016094	5.0	440.51447327495066	24.23793688554958	14.0	2.9687493714620525
1853.1150907527929	17.03765660203822	5.0	183.11227438978327	28.385076411498808	5.0	424.88077886078753	24.400373263890444	14.0	4.065586696180588
1866.2604500361922	17.504915885241203	5.0	116.9859528811966	29.54292080720955	5.0	443.8872433706526	23.909886774792657	14.0	3.6917179016242114
1886.0053912877502	17.434718896671917	5.0	145.9485816297088	27.95495812895347	5.0	450.73358778210843	24.12408708683083	14.0	3.2365121162485333
1753.937110832547	17.555028997865833	5.0	199.5546626122057	26.548025226934204	5.0	493.5061874363579	23.799286223003335	14.0	3.7091872647100566
1726.756633771619	17.402138591028077	5.0	299.3198531008731	25.52342395701611	5.0	458.1451107234072	24.460891629704534	14.0	3.5250504266782787
1766.9157700889348	17.31588071641101	5.0	351.8024586836558	26.060135018805425	5.0	480.785895144397	23.445557068314965	14.0	3.5897090180453213
1764.7940997344256	17.491057898736514	5.0	328.9954929587539	24.504716475815467	5.0	537.9607714613769	23.597179643247014	14.0	2.675468454470868
1811.6442642040677	17.67540574462601	5.0	253.7045497287048	24.67672398474617	5.0	584.1537218398369	23.74592018342756	14.0	1.0862156155697391
1773.949050516324	17.64274731342774	5.0	273.65875808997646	25.091853642545342	5.0	591.1127492756491	23.579624184579234	14.0	0.01161654333779846
1809.814116027958	17.453773840014822	5.0	395.5519656277866	25.365875033460252	5.0	571.0942148071277	23.574446470356982	14.0	4.05356187321593
2092.119710559523	17.681369765165947	5.0	324.0474747978316	26.853010265919906	5.0	565.6315179695489	24.70595912367175	14.0	2.0781163547421677
2230.907896097448	17.870050383192794	5.0	320.5041138601874	27.664991636875953	5.0	609.7305462940059	23.94184811924411	14.0	2.0582210347556695
2419.6751818265498	18.007879118072125	5.0	255.36595984561467	27.732201184620436	5.0	613.653228131042	24.662786418229256	14.0	3.041033211593681
2549.4002079751267	17.896542668497407	5.0	265.4262876197602	28.870529480114666	5.0	627.4615523215759	24.241007778570552	14.0	3.190111735406838
2671.266438358803	17.647036057519024	5.0	301.13015939382916	28.250480778884505	5.0	606.8233093270482	24.99833038431826	14.0	7.046304583004984
2799.316589115043	17.51174578960656	5.0	262.42577315270063	28.54529859335648	5.0	601.5987095848699	25.461622868392254	14.0	4.977878105181709
2886.0552570333643	17.333727655971934	5.0	271.43992855610924	26.740182166125898	5.0	613.8554483204483	25.387830965380754	14.0	0.9821438455751188
3095.240480124596	17.194536746315983	5.0	315.3504242510008	27.716649276056653	5.0	534.3205273034207	26.19890377721107	14.0	4.5627589027300095
3305.48597153844	17.17552346076033	5.0	321.7408958672273	27.729305380157225	5.0	490.71271879710196	27.19464533076959	14.0	5.8097273779783976
3551.3608720909774	17.379346877784812	5.0	330.72357623889314	29.663004704572913	5.0	401.66909030607354	28.19691064166095	14.0	10.704456885529511
3459.568373901781	17.396898034910652	5.0	345.4042272193633	27.722943616071728	5.0	434.2341032640861	27.54279188715391	14.0	9.058984156146005
3702.0537058553127	17.488845338351794	5.0	351.51462593160204	28.212652211028676	5.0	432.2729499468387	26.753207472154607	14.0	8.26424310880716
3697.606260644	17.435384073976486	5.0	321.1224947370301	27.057762714895972	5.0	489.39764065715315	26.35497162462977	14.0	8.557276145891908
3829.8112723821887	17.29996955427039	5.0	371.9365293094867	26.91465723433886	5.0	477.90544061320065	26.39731905899965	14.0	8.933316950626214
3993.6287171646372	17.23757067918945	5.0	340.2578759989593	26.4289694844351	5.0	517.8720882885917	25.71300378593428	14.0	7.553165055430697
3906.851475135948	16.58879570861661	5.0	712.4128837091537	23.199877046133242	5.0	537.5357048221423	27.033301478442596	14.0	10.0875022926019
4260.410894945931	16.499642924296932	5.0	758.3244801027558	24.537495929841697	5.0	505.07396920263005	27.795059747792575	14.0	12.918700697448761
4240.691626049701	16.2045727716402	5.0	930.7890693272734	24.173612125167537	5.0	491.8562274278551	28.96585284244438	14.0	13.031926757606094
4324.149347519825	15.802281587893505	5.0	1239.128521187047	23.82943387811368	5.0	485.8540606005273	30.160740821072256	14.0	13.212450170075915
4621.88413054322	15.701896806474355	5.0	1379.2099357369727	23.835889776914343	5.0	467.1760851428989	31.403351669828368	14.0	12.611491635449484
4899.418386965977	15.780086744249271	5.0	1371.9262384782696	23.94939708186592	5.0	458.18346738925754	31.327473370885276	14.0	13.384602899570256
5326.540327588696	15.745583483370897	5.0	1402.5690993369592	24.309960788021222	5.0	434.0318619211706	31.652884351318512	14.0	11.066852069046998
5779.611892024742	15.565905188981382	5.0	1629.9233672735288	24.43930099004112	5.0	393.84217431260697	33.48542885003875	14.0	10.866616467277426
6181.002035318713	15.623580467369834	5.0	1593.0829738747104	24.347608961516343	5.0	422.59702371880866	32.39361361169271	14.0	11.548725485949516
6613.817729669857	15.557700132549602	5.0	1848.5013727206435	24.26385662262366	5.0	414.5760062805753	32.798276318017805	14.0	10.874651780946811
6856.205313218844	15.451772032864705	5.0	2164.155550084273	23.618483110123798	5.0	431.75673846187055	32.81435038398537	14.0	12.578956670415945
6958.283681145207	15.232722180574866	5.0	2757.9886789636876	22.82156022112346	5.0	443.98397807753094	32.239074530211816	14.0	14.726021646098117
7166.960936217513	15.180511977895858	5.0	3396.5291253497135	22.213718775845287	5.0	546.1287022997462	30.565724498299772	14.0	20.301981262363604
7015.14465711407	15.0950394861713	5.0	3715.0424930275058	21.77169674655305	5.0	580.6033275251963	30.03289360338552	14.0	25.3279914988061
6361.491390941445	15.280026639834448	5.0	3112.800834666631	21.476034020310863	5.0	553.280493900551	28.281606938627274	14.0	23.7817008453842
5492.324929160592	14.986841337308034	5.0	4308.417515534907	20.4182755346955	5.0	578.4837593457137	28.27968252637193	14.0	22.84136758820875
4783.947122050102	15.12413819260477	5.0	6015.735945047144	19.742062535917736	5.0	685.65293765675	27.70491950730088	14.0	24.72666815229298
1659.0176152580714	12.976082887980397	5.0	8562.735843072083	18.498137712128926	5.0	581.9272332228204	28.428573818783985	14.0	20.768038169911808
1643.8285311847212	12.539134612798259	5.0	10315.487547156397	18.82239017224388	5.0	425.1327299824826	40.0	14.0	13.40531449354062
791.4053620116251	9.676768087358337	5.0	11538.196749560868	18.535280521920587	5.0	415.8434225914138	40.0	14.0	8.63880192458272
657.4188109576687	7.795897289886119	5.0	12601.73743012863	18.502327158568303	5.0	407.30805683687527	40.0	14.0	6.678417990090878
541.151621179832	6.349478479840549	5.0	12253.610056916963	18.50084497537333	5.0	377.29029997661684	40.0	14.0	0.6904753353101402
474.8522684541725	5.387619752653976	5.0	11187.455637076197	18.4361347452367	5.0	328.05922521753826	40.0	14.0	-2.5218253110422446
576.6344282652229	6.032893381008324	5.0	11826.736513747908	18.676701217777737	5.0	325.22109944238576	40.0	14.0	-2.0704515972402606
500.2198173945711	5.297675500226022	5.0	11755.14575339522	18.69831581244256	5.0	329.6163358609559	40.0	14.0	-4.860876432591042
480.2711061465239	4.450080997477944	5.0	11620.590968734175	18.75931191868234	5.0	304.85763597868583	40.0	14.0	-8.775122055679198
512.506537894839	4.910127162780009	5.0	12400.116876445207	18.839887595699842	5.0	318.4977987450694	40.0	14.0	-7.229102548376741
434.2014144724682	4.044412898582066	5.0	12438.076930704809	18.699417274649925	5.0	318.86972155320314	40.0	14.0	-9.948492419727595
388.3598773966784	3.219328595986094	5.0	12691.036875721718	18.51354976088981	5.0	324.32680037655615	40.0	14.0	-13.189945078512592
411.9511562749988	2.759435593288557	5.0	13972.747843574178	18.40825871133212	5.0	357.860237759958	40.0	14.0	-15.555176204370696
341.7941237655891	2.022649350400343	5.0	13022.489528165093	18.10333377153302	5.0	318.9936931948834	40.0	14.0	-16.76651156593613
372.9094800538096	2.5403903628195734	5.0	12685.240331518902	17.97358782250373	5.0	330.97130346067405	40.0	14.0	-16.042653257882577
386.08135525332125	2.5091719501999887	5.0	12598.300208630695	17.96962227682855	5.0	361.5052462691801	40.0	14.0	-15.904465785038537
393.53968537299505	2.954704209336146	5.0	11467.267626548426	17.71207045571826	5.0	354.7703052761579	40.0	14.0	-10.021267235872376
467.0486683348751	4.23671197280484	5.0	10857.090163776444	17.8359368559907	5.0	363.28429023768734	39.730070152109874	14.0	-5.515310630222766
512.1679175738747	5.027044153425958	5.0	10512.515466160597	17.871785424346452	5.0	378.9338825687076	38.2600916547165	14.0	-2.722546577647987
631.1041413989473	6.078548879219906	5.0	10163.341887984645	17.90461277958866	5.0	396.94496165518774	37.07928214931162	14.0	2.209532614303932
692.5017077432785	6.630097474100517	5.0	10143.737020009314	17.955916715167437	5.0	397.58013919233423	37.92958637143923	14.0	0.0329199110863153
767.8632334600406	7.163436796337235	5.0	9829.91377792658	18.03151192003545	5.0	386.7987871298749	37.32758285646876	14.0	3.0297617617862325
961.3937181460826	8.431340775599129	5.0	9330.025575490405	18.132485620456286	5.0	372.02066122206645	35.73309495349442	14.0	6.949293351510622
1129.100880237027	8.737833148464146	5.0	8907.122059441708	18.30811640756177	5.0	349.25155531203984	35.24664371131252	14.0	7.6999268074342195
1322.149625640816	9.132852578401685	5.0	8397.042227576947	18.505913837411185	5.0	376.349410367043	33.36702935481334	14.0	7.187166513070641
1782.1491613075482	9.98870487058486	5.0	7922.717670699066	18.923947149268585	5.0	307.7049597174145	35.98948513035185	14.0	5.864504297703318
1748.2173202080637	9.779842561589327	5.0	7780.978716486942	19.03615432475232	5.0	316.13004784097143	35.3468886964885	14.0	5.153496904977009
1763.681285921777	9.685357895291938	5.0	7557.578128430309	19.176321884346667	5.0	312.592328986062	35.23278776028905	14.0	4.173709425800051
1832.7503404124793	9.260801444642999	5.0	7221.25831775054	19.422046288863665	5.0	316.4959096871637	35.41524906095428	14.0	2.981176848298212
1886.2454522823082	8.998000568457115	5.0	6911.961104959307	19.67997810126441	5.0	306.07638850568816	36.119353382977785	14.0	2.1577700151736767
2082.6051394415376	9.274460170580179	5.0	6262.022316677913	19.966287535348055	5.0	326.2576722401252	35.01361367059599	14.0	3.3027565917864448
2231.7919766375508	9.315404877212076	5.0	5779.645623084514	20.20175973521002	5.0	331.71259127270025	35.151637519896155	14.0	1.880300293227471
2411.211016003727	9.414675081700988	5.0	5461.931513442138	20.50768315147067	5.0	340.23735531490115	36.622316588594394	14.0	1.953444755987202
2684.5245435801135	9.533575346597026	5.0	5300.610463374569	20.82202526198699	5.0	313.5754842548467	38.24995812560919	14.0	-0.004490232800968417
2885.564615517647	9.627381893967756	5.0	5092.749047407748	21.13009228989972	5.0	351.85566410155775	37.75122772579859	14.0	-0.21055756546476892
3071.7693702011047	9.650604862552028	5.0	5139.376970227645	21.434304054629557	5.0	349.8290800183091	39.200060427179395	14.0	-3.346042050292822
3233.7920539930938	9.58319486712258	5.0	5265.939999887922	21.611384890053337	5.0	361.8487361934042	39.03876696848668	14.0	-4.872848198910807
3441.402969703726	9.78679661140531	5.0	5371.918755572289	21.760686890656793	5.0	349.94677591466586	40.0	14.0	-7.06039274786916
3705.817688535374	9.998372821927708	5.0	5256.678685671499	21.89460528849902	5.0	333.6183755211318	40.0	14.0	-5.109873350209394
3852.642405871304	10.166839331854217	5.0	4924.758568477375	21.935636677830704	5.0	331.16282108638563	37.67466927286041	14.0	-0.3571972338736784
4117.239407730351	10.358876344698812	5.0	4576.90208545509	21.94466123935302	5.0	323.10900841964394	35.90185942417827	14.0	4.953066050688521
4269.888569487918	10.441723040902362	5.0	4230.097405010422	21.946712189677694	5.0	329.95832532280326	34.76432683010962	14.0	7.126172316737629
4509.31574585769	10.486757623919019	5.0	3956.6178321098973	22.156816028538955	5.0	314.6355589857035	35.65087407095172	14.0	5.584119279676781
4544.503126626869	10.294824856010898	5.0	3841.0068532120767	21.925344452024415	5.0	326.0208198929413	35.538766392629306	14.0	4.13667608732487
4568.634455137121	10.214781771724509	5.0	3556.4441495475116	21.79430662673287	5.0	351.74087917960105	34.45043534177407	14.0	5.341323453876021
4618.582248710336	10.169096400627495	5.0	3287.995579555095	21.500905142775295	5.0	354.2818226765183	34.52618881411134	14.0	4.998225744143078
4622.169920968325	10.177805423929833	5.0	3060.030006392406	21.038843212058627	5.0	396.5816450334405	32.513912754740694	14.0	5.966436505903236
4694.900908390376	10.148666919703178	5.0	3041.441445035609	20.732604997300548	5.0	399.8082381644345	32.561602335354344	14.0	6.73287657602566
4784.435415522254	10.241897639105414	5.0	3009.756014191728	20.542602996798326	5.0	398.33781943610586	33.28435378358008	14.0	4.338087142124748
4829.350746564344	10.369685163286984	5.0	2923.1172587466785	20.304027096473934	5.0	402.7024787601541	33.496200890839674	14.0	6.277653899629681
4648.058057078127	10.127422786914401	5.0	2842.8188932615913	20.064379235044136	5.0	445.4362044238655	32.01540264902381	14.0	9.232157929169073
4709.626244037242	10.049445932538463	5.0	2771.4313767519525	20.1446822720037	5.0	430.7414845543998	32.50347403080892	14.0	7.666347578630541
4700.341311130709	9.888021273074047	5.0	2787.249619037375	19.9898457206835	5.0	442.1921816844957	32.4480448371865	14.0	9.332308025111036
4851.476268910077	9.72859655756105	5.0	2766.2833088941748	20.110215068353654	5.0	432.24657819589356	33.38032250812287	14.0	6.921810193434888
4886.101559592985	9.704218110091526	5.0	2609.7838400118444	20.430658982318	5.0	433.25452578505127	33.47451570600922	14.0	7.937751696838007
4967.38989770761	9.585508469892721	5.0	2523.2921734875963	20.5108282875252	5.0	428.4738531872966	33.051414934974744	14.0	6.500332095777068
5032.419320644417	9.529715350703217	5.0	2442.5665987463185	20.592469588563244	5.0	421.1904979626855	32.17886140799972	14.0	6.190325044836251
4983.739879448426	9.57818996753355	5.0	2461.9959274245257	20.278984621761353	5.0	430.2484395021026	30.817904388919125	14.0	9.121617380716536
4852.293614098341	9.391533341245395	5.0	2581.9901607652187	19.895053854225793	5.0	431.381488142342	29.408211499093373	14.0	10.63541213896486
4610.499632566878	9.264718876630633	5.0	2737.2096962235755	19.292950288159897	5.0	504.36199131335155	27.05983268236578	14.0	13.246944061241688
4460.626052683218	9.387399595289079	5.0	2920.6751923043694	18.68610772867942	5.0	738.7945669744573	22.555634501247475	14.0	14.550771874584182
4484.067535864035	9.372998735779685	5.0	3382.1297866243003	18.035150689964563	5.0	868.6962168316278	20.761549813703247	14.0	13.92962491159573
5011.185122996529	10.227549009796766	5.0	3137.185401323444	18.230853946776882	5.0	1061.9489973178452	18.350450627782937	14.0	15.601412613819218
5100.886513363357	10.438452005043885	5.0	3328.2737634837968	17.672886972326737	5.0	1199.8785287892713	17.551102407174252	14.0	12.92186067259353
6355.081314572048	11.332290175564209	5.0	2651.8798566704904	18.459423585511008	5.0	1252.2795480236036	17.131381395414927	14.0	12.71078135552544
7549.467049884263	11.733990498381658	5.0	2105.117715642679	19.78150948144466	5.0	1235.2302162718047	17.064947269635287	14.0	15.959510276841206
7915.160388668932	11.770491795789914	5.0	2187.4169100944428	20.416669957618925	5.0	1212.6192794102333	16.827669239036336	14.0	18.535592917517544
7686.741038106787	11.593256434314634	5.0	2520.125593016313	20.85607725804523	5.0	1207.9443226208718	17.17012482682067	14.0	20.458550416070597
7173.218744292381	11.128860261522481	5.0	3102.6696000554416	20.21344504483341	5.0	1255.5430464295514	17.385742072403872	14.0	20.659657111078644
6843.471158129554	10.779734594711533	5.0	3368.2368259085038	20.00684411316812	5.0	1337.9168162897727	17.64453250754348	14.0	18.270087524830792
6828.499113315192	10.326450907711749	5.0	3704.123193299891	19.81606833164149	5.0	1330.6896747486282	18.354233088210744	14.0	19.51680274260383
7039.306466953339	9.81650617233709	5.0	4109.639892517407	20.031900572605498	5.0	1177.0714343596348	19.667158381828965	14.0	24.59115369470064
7895.120833593304	9.417215963487443	5.0	4422.970194565493	20.483895323310232	5.0	791.1120868024959	24.136033618248664	14.0	30.52510402044243
8795.435040630764	9.209209598361875	5.0	4536.713507109334	20.949151329182424	5.0	575.8568246832705	30.737952167908624	14.0	22.888888448787306
9104.652161636583	9.18527322297509	5.0	4390.399918787086	21.13174038180739	5.0	603.1540358053062	29.79285864250095	14.0	26.43242080300551
9335.719501380721	9.260531438028414	5.0	4300.76724174458	21.405946770482036	5.0	625.4755987106246	29.63155878979063	14.0	24.73969348804871
9310.96850138393	9.405864471311867	5.0	4097.705816642244	21.337611879236025	5.0	767.0436523711061	26.913858471119685	14.0	29.008719531130193
9119.83733045495	9.744611210590202	5.0	3786.740973294862	21.60782497135558	5.0	970.3713148621121	23.38420151730667	14.0	30.430592570717316
8788.086450677352	10.11372889993998	5.0	3865.416245887557	21.551849127319787	5.0	1090.592650845512	22.310780844549168	14.0	30.660702174872572
8135.101710529055	10.492234357173961	5.0	3956.280145514859	21.416710452580098	5.0	1218.7707611224046	21.05214694451677	14.0	29.49233871259357
7485.326131975267	10.903620418679875	5.0	4079.483685467659	21.450046124840874	5.0	1361.207329279345	20.296004137798842	14.0	29.17008074732207
6931.207350332499	10.867065766164808	5.0	4436.9538654054495	21.231284053208206	5.0	1403.2578405413722	20.10088735980057	14.0	30.0102674013443
6623.1424698692645	10.889791434261994	5.0	4685.68344444389	21.503716137211352	5.0	1371.2064373722746	19.459090761952762	14.0	33.17094188007122
6032.930385460043	10.835328117481401	5.0	4826.403246455251	21.60900843314979	5.0	1474.0475020057315	18.592373080902547	14.0	33.429252716114355
5362.842347847259	10.834954501604196	5.0	4796.378495345461	21.587794327744334	5.0	1584.8709403860212	18.26329028780607	14.0	31.42163657166676
4378.608345813361	10.651468881098715	5.0	4839.091436832377	21.158875304527545	5.0	1657.7402446013587	18.092977497059078	14.0	35.543207466526816
3502.4736700408334	11.196477293634656	5.0	4478.2477608409845	21.324867933771767	5.0	1830.653084461085	17.22038864503637	14.0	33.01435753829017
2881.7033705359813	11.483346324005117	5.0	4463.198788830263	21.406590837842092	5.0	1741.232593964285	17.309185320125525	14.0	35.42194185876306
2745.693454018128	12.840635797219408	5.0	4058.5100992510606	21.857236716680056	5.0	1654.5521561777207	17.05757363921009	14.0	35.93380779612809
3064.4339639455197	14.260108740837797	5.0	3518.7407943338067	22.416071587494542	5.0	1522.8074646620616	17.05112474386666	14.0	37.29977633991375
3577.1641346345755	14.996005965288296	5.0	3081.1048190925517	23.180378592684594	5.0	1291.6044650083218	17.347404425310554	14.0	37.61898841696599
4103.589954159312	15.554382150610031	5.0	2591.1151670922777	23.909071206548123	5.0	1083.6564514236888	17.86459246753596	14.0	37.289762049691916
4305.729427030773	15.735615565604727	5.0	2493.789772035713	24.156003117611235	5.0	961.2174107096959	18.402125114840874	14.0	35.716768152858535
4361.152665964744	15.550359121708972	5.0	2800.218778679087	24.27159540609621	5.0	775.7224690614805	19.39996970295711	14.0	34.72110871541132
4239.953651605194	15.589121194488863	5.0	3205.276835434124	24.160274405524333	5.0	697.0698972838745	20.4712895207024	14.0	35.10113681078718
3862.517070569106	15.451671437837495	5.0	3616.906548762267	23.887569190460944	5.0	663.6563056589927	20.86624063339261	14.0	30.504111606764226
3540.850264345365	15.114934723615107	5.0	3957.1477330810485	23.782492703673526	5.0	697.5335402699355	21.119461603663982	14.0	28.10057139968146
3471.0596038909616	14.758112365455087	5.0	4392.2327960535795	24.03712107272095	5.0	632.1517235056951	20.861549212215067	14.0	30.144233265762804
3371.1601732755257	14.316847097085276	5.0	4706.133835243693	23.88283964748284	5.0	668.9388754523469	20.558873723789155	14.0	29.7538991848013
3278.534890671202	14.015779525091505	5.0	5096.354120874054	23.806286295163293	5.0	639.1656525706259	20.47370797452787	14.0	29.266536277788525
3382.5776044995273	13.759365996254068	5.0	5358.82055684372	23.71939198779876	5.0	525.9290786532788	20.27442657160192	14.0	30.671578345759787
3624.57577721062	13.606239300903907	5.0	5942.093706066624	23.495969845508018	5.0	239.7831429207933	36.62687207161721	14.0	32.31947503498439
3395.4397905649653	13.44729189633863	5.0	6226.319981572457	23.341422001186377	5.0	223.87150763213506	37.156048056715925	14.0	29.64794670712102
3256.271818590055	13.224189282779609	5.0	6443.497371101856	23.23990353623626	5.0	239.16318614855211	36.59215547549889	14.0	27.99494459582039
3030.0310379720577	12.986939681504367	5.0	6681.075536124794	23.211212964508725	5.0	235.28288918210006	37.74040389228907	14.0	28.65256721260185
2854.403559999209	12.856182293128501	5.0	6934.967341314594	23.296716814411987	5.0	226.78598148637337	40.0	14.0	28.784504655139845
2656.588816816087	12.618151334098002	5.0	7188.860851813023	23.34092409746882	5.0	236.07872482549047	40.0	14.0	27.644171310444545
2716.9961114927723	12.619752972578445	5.0	7264.064087558079	23.547686235916373	5.0	241.56508946418677	40.0	14.0	27.120235685316224
2785.7056031082825	12.439944347831503	5.0	7371.31016140335	23.75824353931548	5.0	218.59098856741898	40.0	14.0	27.71275028973253
2857.2910261954053	12.531583396907608	5.0	7452.952476949598	23.829833349852596	5.0	213.24503418823866	40.0	14.0	27.193546579863305
2834.0671099182396	12.484086871545038	5.0	7554.3758573546365	23.83057190510195	5.0	219.97513940836333	40.0	14.0	22.655914262126828
2938.933164213814	12.729326674604382	5.0	7563.291687277115	23.74920858677884	5.0	228.54841562714617	40.0	14.0	21.799078499662546
2825.2271280752134	12.567168742359927	5.0	7614.45089993919	23.489942298902687	5.0	253.59498751503241	40.0	14.0	19.55609718039847
2897.5483138237496	12.89136124317339	5.0	7642.332579128796	23.48264997183805	5.0	261.78787843824296	40.0	14.0	17.411141266406858
3062.0998589904175	13.1986408513031	5.0	7555.470936338989	23.626133217794415	5.0	258.6104866461461	40.0	14.0	18.124617313280215
3177.7232500388986	13.581953821375514	5.0	7544.828569331965	23.706555434549845	5.0	258.53042808509866	40.0	14.0	19.46539410441765
3452.782111849653	14.203665798088922	5.0	7273.960708530665	23.751055934447365	5.0	274.5359867428088	40.0	14.0	21.707567849986734
3692.9956689903565	14.733447009790522	5.0	6909.177130473852	23.83458268784325	5.0	304.3549862489266	37.41804135970755	14.0	26.033205344658874
3957.394601646573	15.426562858034133	5.0	6303.673677633506	23.898104876626856	5.0	400.9661908740295	31.651278006705102	14.0	30.9309113388443
4323.923395977683	16.097942236559554	5.0	5599.983677128189	23.881771671736566	5.0	574.3363166416447	27.254923594469158	14.0	26.957888039191086
4678.634475770122	16.592410243458037	5.0	5264.19300159354	23.935607352637216	5.0	556.4716215312258	27.682460096223803	14.0	26.363597401377113
6871.1072507370245	20.0	5.0	1391.73189951284	27.51632416943449	5.0	1283.7154710830107	19.785369214793374	14.0	-9.55916804113629
6904.747381611893	20.0	5.0	1441.3072349249169	27.447452033371984	5.0	1243.2767607461835	19.98707384188083	14.0	-6.752343267911128
6870.934223257503	20.0	5.0	1737.049986884343	27.55917637055263	5.0	1110.6188184977395	19.898158515917437	14.0	-2.933955497338398
6925.429606060353	20.0	5.0	1939.3255428474204	27.33194679926079	5.0	993.3699082900072	19.93976131988371	14.0	3.574600095179636
7280.3579148254	20.0	5.0	1793.8234562523983	27.634754153290988	5.0	867.6768020282941	20.557579913164417	14.0	9.28436720607044
7675.371371539782	20.0	5.0	1623.0781383453534	27.91912413731689	5.0	778.7453183470981	20.63167328901393	14.0	11.816573614283582
7785.98446953292	20.0	5.0	1571.4877676395197	28.131979897995414	5.0	723.178171616804	21.00539684117436	14.0	14.341847140439938
8093.221522004704	20.0	5.0	1716.7910636550832	28.025352650544836	5.0	611.801847544498	21.64266816303185	14.0	18.098702577894603
8314.576556890346	20.0	5.0	1846.1332426617812	27.776834440676932	5.0	614.6189596394864	21.906996481718767	14.0	19.71569080472275
8675.661104455114	20.0	5.0	2082.170667169971	27.696231477522392	5.0	537.2545227703907	23.19183005643547	14.0	22.234952966780796
8786.378939032822	20.0	5.0	2592.093446315098	27.043372192632727	5.0	468.86764629359857	25.522900720540456	14.0	26.37173322381945
8939.504099717617	20.0	5.0	3391.705328729901	26.552411465325253	5.0	283.4249002941769	35.54880597904974	14.0	27.645451119685102
8302.359545808808	20.0	5.0	4335.498480321059	25.429377509617744	5.0	316.38549892635325	36.08313849993081	14.0	18.89513298051276
6075.842178649882	20.0	5.0	6536.667016292686	23.683128598986915	5.0	479.0411244445475	31.74571939654503	14.0	13.35335205691577
2101.333718085721	20.0	5.0	10388.971345430002	22.332232309470122	5.0	616.1239555430551	29.038090334480028	14.0	9.162010329051062
0.0	20.0	5.0	12927.404422745558	22.015368254289005	5.0	558.1193718547946	30.58675854330644	14.0	9.265911138445551
0.0	20.0	5.0	13515.612885380091	22.024352060686105	5.0	492.5405742411033	33.789743631551076	14.0	2.9067008303216295
0.0	20.0	5.0	13517.421565085582	22.174886739586697	5.0	500.339750209567	34.59229477920348	14.0	-1.9552108123392
0.0	20.0	5.0	12894.283021945843	22.326325881016064	5.0	715.0819999473407	32.681466726777046	14.0	-10.012678835950945
0.0	20.0	5.0	11781.0469137264	22.513172018617116	5.0	987.2118895769356	31.32975532575713	14.0	-24.1529558432964
0.0	20.0	5.0	10710.414901612809	22.79096384382008	5.0	1206.0083419224159	30.588933341734297	14.0	-33.7945660084384
0.0	20.0	5.0	9854.366048901205	23.139283613767912	5.0	1383.210845469024	30.199835643824755	14.0	-42.585645486621985
0.0	20.0	5.0	8852.203373532167	23.648873892488485	5.0	1522.0198474031888	29.905326818113917	14.0	-48.709295412978534
0.0	20.0	5.0	8117.90593948788	24.325937133112554	5.0	1641.8975224034934	29.499172198772747	14.0	-51.66464483871919
1714.0487408983383	20.0	5.0	6892.401676695211	26.143672280220702	5.0	1235.5372937064737	31.01405710963974	14.0	-36.88849519797584
2169.3273397342136	20.0	5.0	6946.76644067108	27.224054828698186	5.0	828.4738955768419	32.348259580177604	14.0	-17.99213705511448
2129.711402426916	20.0	5.0	7225.570454493099	27.540210468172422	5.0	587.4542275512234	33.08565796349168	14.0	-2.0867930636324816
1691.2372136397182	20.0	5.0	7296.129832742547	27.550896208972876	5.0	484.7938831451706	32.049952923372516	14.0	7.75107008050456
1262.1146208801297	20.0	5.0	7434.767445494551	27.455567891999923	5.0	413.31090605356394	30.3123482180043	14.0	12.60593878989882
553.9201350306944	20.0	5.0	7675.689018688317	26.901090716662363	5.0	501.261997734355	27.69934173072862	14.0	10.183541122033521
551.8067577151237	20.0	5.0	7850.137732730166	26.855258598434155	5.0	427.1406982402963	27.669925461421357	14.0	11.293584477095818
731.6448449238251	20.0	5.0	7685.759901006433	27.1408599925345	5.0	364.36125694044694	28.514125917893978	14.0	13.448006370246464
848.3226246477693	20.0	5.0	7504.29390668201	27.592982423479707	5.0	340.30976009143995	28.02330269833718	14.0	14.16051503194871
1025.8457345855334	20.0	5.0	7292.3936111551575	27.93015631436396	5.0	295.6257150492706	27.41104796150729	14.0	16.81926373889638
1150.8061224648372	20.0	5.0	6708.852664308008	28.18467397156878	5.0	307.0872544525264	27.388293556211355	14.0	15.023950276316587
1295.3481735194202	20.0	5.0	5882.199365147055	28.403112365604617	5.0	364.8190245630008	27.409027990163633	14.0	13.924838854878812
1308.698472773948	20.0	5.0	5234.630145329638	28.541490918493007	5.0	446.6046842308799	27.97391698174597	14.0	10.187928237228128
1322.827220186872	20.0	5.0	4967.693439585619	28.599305394050116	5.0	450.1371120339221	29.84565159120552	14.0	9.219672055157604
1217.932202702533	20.0	5.0	4846.598565704623	28.693837231486164	5.0	484.57496255418744	31.36384517609002	14.0	5.281773086281122
976.7280535481841	20.0	5.0	4723.357499088284	28.707548808316883	5.0	537.6665368639282	31.308258530861544	14.0	3.422640949182283
922.0629581446582	20.0	5.0	4460.020774033431	28.79344005698922	5.0	547.6054061955437	31.311388819569174	14.0	2.3986789005153653
795.864249686261	20.0	5.0	4327.610208255496	28.549396099318866	5.0	547.5193905385966	30.71691509022915	14.0	2.984317298544451
840.6257435164566	20.0	5.0	4290.796630371138	28.39544093184032	5.0	495.7952684860711	30.652224325224182	14.0	2.332656366189672
738.9585043099427	20.0	5.0	4320.531275151058	28.136299924681477	5.0	539.0375569416685	29.941705034409587	14.0	1.3998923422066083
797.3069078413175	20.0	5.0	4419.662850715732	27.968146887208327	5.0	538.4202303071254	30.440382313068294	14.0	-0.375208828074187
488.43267938037627	20.0	5.0	4585.630219312275	27.544760932075903	5.0	686.4675375495445	30.177562606790563	14.0	-6.132500692553899
352.63425153830246	20.0	5.0	4603.10288041739	27.378565410608395	5.0	841.5981533465567	30.349698692772947	14.0	-12.346905214560698
37.47269304371523	20.0	5.0	4592.422308710452	27.08599097234975	5.0	1018.0701468909417	30.217936398512027	14.0	-21.64882467928908
0.0	20.0	5.0	4421.5313260662115	26.741916994176595	5.0	1105.7060090581756	30.44398409277791	14.0	-26.895753865936197
0.0	20.0	5.0	4199.013342617818	26.577096940992377	5.0	1177.6362008316019	30.60581381142322	14.0	-28.894357129474972
0.0	20.0	5.0	4036.7804885956757	26.353895235645325	5.0	1150.7152042602704	30.78709256703893	14.0	-29.216542007257193
0.0	20.0	5.0	3811.0349602455985	26.003875747909575	5.0	1181.7642658252053	31.021452164002337	14.0	-31.565242955412046
0.0	20.0	5.0	3664.3490265333166	25.82376120641252	5.0	1180.2351943176868	31.108250315696417	14.0	-29.993462365876088
0.0	20.0	5.0	3517.4936961663534	25.676138081064455	5.0	1199.9096945631195	31.18279855215876	14.0	-30.525531306487782
0.0	20.0	5.0	3452.406893076829	25.674222590418157	5.0	1173.4688391112081	31.156574516688643	14.0	-30.23242260942927
0.0	20.0	5.0	3368.8852533246927	25.79805434052136	5.0	1149.8226526273575	31.191104775973493	14.0	-26.677143765693437
0.0	20.0	5.0	3267.398578777638	25.826998251895244	5.0	1120.0108479035098	30.733004691000783	14.0	-23.540791750001052
0.0	20.0	5.0	3253.067543078222	25.66997842781721	5.0	1093.8958736160532	30.79235091711912	14.0	-23.738330882707505
0.0	20.0	5.0	3208.120335963652	25.482320881120824	5.0	1102.5309638106007	30.378529686506443	14.0	-25.616052237737577
0.0	20.0	5.0	3091.7252010978214	25.300288326526662	5.0	1139.393940667128	29.75135670505936	14.0	-26.224038263534286
434.6069870299784	20.0	5.0	2899.4967700389407	26.00494887092572	5.0	1009.440918529049	29.620523271479506	14.0	-21.340032532238645
1154.7523800094534	20.0	5.0	2799.213493139503	27.20830303278424	5.0	784.2869412424054	30.17604530825704	14.0	-11.961332705341432
1458.1336202042924	20.0	5.0	2939.107280551489	27.98717334618065	5.0	647.3794827134742	30.3262703698536	14.0	0.5569826716246802
1845.4299206864557	20.0	5.0	3302.2137804551226	29.04118885674977	5.0	432.5909467933726	32.178302481260424	14.0	20.842873714376374
2032.2619371477565	20.0	5.0	3711.412617237857	29.361329229888916	5.0	407.2783252050075	34.061040675700944	14.0	35.36009811091309
2117.6871161552203	20.0	5.0	4391.410364748675	29.768709664304637	5.0	361.190296640762	35.65408093431728	14.0	36.440988487226704
2096.385555612243	20.0	5.0	4772.2540412707585	30.01658706316317	5.0	476.14395167986686	32.83452063235011	14.0	22.203295400985287
2224.440392533838	20.0	5.0	5404.968582048273	30.327920529263622	5.0	432.4924009634961	32.50400792396856	14.0	16.241488529810603
2661.83550484249	20.0	5.0	5999.690112814892	30.404793017509068	5.0	247.16845286340885	40.0	14.0	14.177901628085479
3088.173863955285	20.0	5.0	6271.871726734057	30.136696075727603	5.0	258.8900032705437	40.0	14.0	8.51838404226897
3533.1219371498087	20.0	5.0	6545.010682625215	29.75173712643686	5.0	265.72686938613873	40.0	14.0	3.0542996940064935
4036.072198052654	20.0	5.0	6685.469761097711	29.467053890773112	5.0	226.48193732461155	40.0	14.0	-0.7387663166416499
4083.091306475722	20.0	5.0	6894.241700328904	28.95897871126136	5.0	178.61818825196121	40.0	14.0	2.224310651462434
3895.931081170884	20.0	5.0	7049.090562930572	28.229956726533295	5.0	172.860433080572	40.0	14.0	4.89421921333691
3453.270581344344	20.0	5.0	7285.8538217118585	27.424205779805092	5.0	213.03314432427266	36.90800369284997	14.0	9.119734691142323
2919.404546560028	20.0	5.0	7865.144624953115	26.515903089746324	5.0	250.08643353306152	34.89513238712265	14.0	13.18610904497677
1762.4091779946102	20.0	5.0	9018.638715502151	25.133609124622353	5.0	430.33617438400313	30.73576381333748	14.0	11.993715766364014
0.0	20.0	5.0	10995.266488307661	23.89929836009686	5.0	490.673730003529	28.963371003243406	14.0	14.877244207982477
0.0	20.0	5.0	11870.454397453876	23.479015798340832	5.0	339.2595740786444	34.98143506062785	14.0	18.162053720152443
0.0	20.0	5.0	12225.92446629104	23.14667329628995	5.0	353.21689517642795	36.64514620963962	14.0	13.011827809678758
0.0	20.0	5.0	12569.077508720033	22.983673732261643	5.0	366.5188490600772	40.0	14.0	12.697003812791563
0.0	20.0	5.0	12685.810827485851	22.982322041908656	5.0	352.9750679645988	40.0	14.0	14.645332648158677
0.0	20.0	5.0	12789.259743253844	22.94195061613792	5.0	305.4678797809593	40.0	14.0	20.20674479313413
168.74589905216536	20.0	5.0	12392.460500883584	23.039977526873695	5.0	255.5131812412118	40.0	14.0	26.589500590609703
0.0	20.0	5.0	12579.033447808426	23.003355639931332	5.0	220.13766011461828	40.0	14.0	26.08178378627786
0.0	20.0	5.0	12822.616554023694	23.148539844768138	5.0	174.74931082475626	40.0	14.0	25.02514603349977
0.0	20.0	5.0	13528.617332127698	23.312547183576235	5.0	136.425465450131	40.0	14.0	25.60090547173793
0.0	20.0	5.0	14567.03736756108	23.44211576260984	5.0	114.92546390079225	40.0	14.0	20.503139132160218
0.0	20.0	5.0	15430.19656643744	23.556888900026717	5.0	98.19963480587298	40.0	14.0	19.368078353931057
0.0	20.0	5.0	15494.773359911958	23.642988529385228	5.0	79.32157493632624	40.0	14.0	20.47146691459523
0.0	20.0	5.0	15469.368286298679	23.638052208792605	5.0	59.70252216564865	40.0	14.0	23.537064541012224
0.0	20.0	5.0	14845.0760924381	23.68859084034543	5.0	90.51466069181252	40.0	14.0	27.867976539336365
0.0	20.0	5.0	13942.570414215259	23.75365439484246	5.0	153.09036703521485	40.0	14.0	24.43298450834372
0.0	20.0	5.0	13071.657837556975	23.8836059605653	5.0	211.47093418856457	40.0	14.0	27.84441481611567
0.0	20.0	5.0	12133.374733099172	23.931699839633467	5.0	261.17604080787834	40.0	14.0	29.507531784320207
0.0	20.0	5.0	11740.73577681032	23.946547527269097	5.0	312.9856961038444	40.0	14.0	26.40906011711528
0.0	20.0	5.0	11142.33968094899	23.818701767725102	5.0	514.3700574702473	31.38450867463	14.0	15.805291967307664
0.0	20.0	5.0	10745.226741540717	23.527157012865878	5.0	715.527560403305	29.80468797073456	14.0	3.107630032307131
0.0	20.0	5.0	10059.587382559735	23.131115028060535	5.0	906.1383342332556	29.537780648393436	14.0	-12.338207289839035
930.6623044979458	20.0	5.0	8559.758131480507	23.1911369849421	5.0	1067.161631934448	29.19322557005188	14.0	-23.11400883335197
5100.662757835347	20.0	5.0	5737.341004916391	25.29432284177047	5.0	662.5926099969811	33.14216885914414	14.0	-14.746525899605224
6298.9765474848455	20.0	5.0	5375.432147287539	26.352184215385765	5.0	463.40464141466066	35.84870472964613	14.0	-11.065228859333343
6930.930663735411	20.0	5.0	5404.716046659587	27.03270016274605	5.0	351.15764119190635	38.635442615281654	14.0	-10.156662535779416
7217.823161112863	20.0	5.0	5726.995234513675	27.09254768081054	5.0	334.78062548763836	38.8435125959247	14.0	-5.7603176022643945
7718.916713721014	20.0	5.0	5935.053802299726	27.272953814328506	5.0	307.1827003966125	40.0	14.0	-3.2670351729026708
8096.481352334712	20.0	5.0	6024.853152818116	27.40355775618542	5.0	261.71050782904155	40.0	14.0	5.760861511829652
7850.3870482217635	20.0	5.0	5910.450128936968	27.43411766980131	5.0	321.78796682520624	37.957581997181016	14.0	10.66127382090968
7156.431430492035	20.0	5.0	5809.90095413574	27.65374639425048	5.0	301.4903252364111	36.099476956486534	14.0	25.732506858551453
6594.398763506405	20.0	5.0	5929.655875540625	27.57639428376356	5.0	307.57435132866874	36.10126563438668	14.0	19.246779761179432
5922.507497670305	20.0	5.0	6353.804405012483	27.34969589505372	5.0	259.2578596437466	36.971780373720904	14.0	27.59645152107729
4998.458558068268	20.0	5.0	6945.2372204154535	26.709153938001403	5.0	419.912958286273	28.37085871100755	14.0	32.61017704434391
4138.293297919214	20.0	5.0	7591.987405563712	26.100917918732588	5.0	554.9831673682037	26.356490581270624	14.0	29.146814746800107
3408.2769346860973	20.0	5.0	8323.158211786358	25.504622449350773	5.0	612.7930352333854	26.478109839904484	14.0	27.95419121623513
1583.9576728372738	20.0	5.0	9581.993502534902	24.62450799533615	5.0	768.3942960595446	25.514446217329333	14.0	22.078617340620752
841.4546279544558	20.0	5.0	10062.730311275767	24.236290819969263	5.0	741.130963582466	26.398867770790208	14.0	21.61719344754293
616.1711284916579	20.0	5.0	10426.4286464924	24.01557632873406	5.0	722.7759702680361	27.75546966179076	14.0	19.056455777150994
161.2110151865329	20.0	5.0	10954.430564253733	23.743594107945576	5.0	678.7322499234554	27.18067571580376	14.0	21.5540774942336
0.0	20.0	5.0	11012.475832323658	23.60001560306147	5.0	633.7147429109307	26.87057701823743	14.0	23.876991306529675
0.0	20.0	5.0	10709.376204180027	23.465516005132738	5.0	608.3673790183158	26.124311876271303	14.0	21.69626841901161
717.6435004731643	20.0	5.0	9676.275380311057	23.615356072436192	5.0	578.0802906745918	25.739525053431734	14.0	24.92145701333729
2091.9480909298936	20.0	5.0	8001.58201376867	24.009536684062596	5.0	584.3628178045808	26.203022872920172	14.0	20.98245242046658
3868.643080204763	20.0	5.0	5797.958573951775	24.612069042141957	5.0	583.6442184592679	27.870115102044743	14.0	17.821413391099654
4796.650116775437	20.0	5.0	4290.814927547261	25.638440377885914	5.0	604.4408596589536	26.903701532826354	14.0	16.67295385745891
5339.254099595818	20.0	5.0	3178.1462013072437	26.447547675511565	5.0	667.5676200425908	25.856114042773914	14.0	11.748621742273436
5454.353973092755	20.0	5.0	2481.99403873548	26.969678217000617	5.0	714.6032499928917	25.8449601034569	14.0	11.361147608293297
5473.766253789516	20.0	5.0	1972.9857397388078	27.292483690840452	5.0	738.8057929871197	25.4506388049104	14.0	10.634047906505124
5596.202222288808	20.0	5.0	1445.4661129222807	27.927262093657564	5.0	738.5347464733054	25.792104459197567	14.0	7.4272118738661606
5697.906358589144	20.0	5.0	1265.0542605681467	27.94078936600729	5.0	671.8147107749966	26.68215594834781	14.0	11.26675397429087
5839.988040625492	20.0	5.0	1046.9031388455394	28.398664761102623	5.0	689.5191151724642	27.08340764872844	14.0	11.314135108263626
5863.688059156714	20.0	5.0	1077.6249993532667	28.634964517880388	5.0	640.4567553150583	27.018742592467483	14.0	13.289053986501322
5613.6632740397945	20.0	5.0	1211.1148511257677	27.650550604398127	5.0	606.7689768474189	27.179611592114806	14.0	15.79378137755186
5261.282422653644	20.0	5.0	1407.9546304181852	26.821065371397875	5.0	537.0994858890284	28.190639243064155	14.0	19.783658776068037
4236.7720851347585	20.0	5.0	1968.7591426701617	24.410480903677428	5.0	625.3158992004701	27.93583133055912	14.0	11.592992248740176
2360.5010979128188	20.0	5.0	3264.084357350951	22.17652663187792	5.0	766.2318204870533	26.979636087551846	14.0	4.379807699337308
0.0	20.0	5.0	5423.249313997699	21.113581820765962	5.0	772.0587797485093	27.08941460764311	14.0	4.043771316483674
0.0	20.0	5.0	5512.062816592907	20.79500530541865	5.0	734.3076001410582	27.87924895443512	14.0	5.945988658297839
0.0	20.0	5.0	5463.67918554954	20.438429322671816	5.0	735.0769115296933	28.988829053461295	14.0	6.660770281506065
0.0	20.0	5.0	5662.724617464307	20.295305094505643	5.0	759.9531541809159	30.208686254728637	14.0	3.8393297521157126
0.0	20.0	5.0	5690.190009951174	20.187753862352846	5.0	835.6378518858427	30.14448140258516	14.0	3.5170528884993186
5762.805828726857	20.0	5.0	0.0	25.36060251647067	5.0	888.8432526509634	29.90417338318984	14.0	3.866390031487006
5947.367601659874	20.0	5.0	0.0	25.36060251647067	5.0	888.8881279654136	30.040491738125226	14.0	10.868361437765769
6176.71144848074	20.0	5.0	0.0	25.36060251647067	5.0	833.3358395960685	28.923203146108563	14.0	21.568745816865263
6525.958235727055	20.0	5.0	0.0	25.36060251647067	5.0	774.7627564680402	26.697193141921005	14.0	38.63314080743113
6975.531768299702	20.0	5.0	0.0	25.36060251647067	5.0	721.1018571267118	20.317854930719747	14.0	51.06235524844403
7329.538507828719	20.0	5.0	0.0	30.08947602365004	5.0	787.5459213692602	15.521821380353895	14.0	48.220518330446495
7485.54057117474	20.0	5.0	0.0	30.08947602365004	5.0	941.714368890581	15.0	14.0	34.49414397142579
7622.2159231116575	20.0	5.0	0.0	30.08947602365004	5.0	1153.871640951527	15.0	14.0	21.82815181213677
7953.775462838629	20.0	5.0	0.0	30.08947602365004	5.0	1315.1068126078935	15.0	14.0	17.98624790184103
8225.77501844677	20.0	5.0	0.0	30.08947602365004	5.0	1436.1030955847648	15.0	14.0	12.957433699213164
8454.310795383195	20.0	5.0	0.0	30.08947602365004	5.0	1529.178246285324	15.0	14.0	4.724530596306101
8781.43743494981	20.0	5.0	0.0	30.08947602365004	5.0	1588.8781494919976	15.0	14.0	-8.339278208896962
9253.128417676431	20.0	5.0	0.0	30.08947602365004	5.0	1493.466299768367	15.0	14.0	-10.329771607650475
9602.82557350791	20.0	5.0	0.0	30.08947602365004	5.0	1395.3585161969227	15.0	14.0	-9.588974315249766
10093.411757665903	20.0	5.0	0.0	30.08947602365004	5.0	1309.7758539382562	15.0	14.0	-12.261571303717831
10623.491920195978	20.0	5.0	0.0	30.08947602365004	5.0	1231.8720825932196	15.0	14.0	-13.196004854623254
11101.357960479021	20.0	5.0	0.0	30.08947602365004	5.0	1147.9303477066185	15.0	14.0	-13.650592138154915
11702.502897170865	20.0	5.0	0.0	30.08947602365004	5.0	1143.1489122922233	15.0	14.0	-25.173293530743834
12597.028485475133	20.0	5.0	0.0	30.08947602365004	5.0	966.2956069228711	15.0	14.0	-17.917173524061116
12972.935772503055	20.0	5.0	0.0	30.08947602365004	5.0	873.3545936726742	15.0	14.0	-19.234597059349564
13601.337888046786	20.0	5.0	0.0	30.08947602365004	5.0	764.023304641819	15.0	14.0	-11.763475849449604
14105.168584020323	20.0	5.0	0.0	30.08947602365004	5.0	588.2858607760664	15.0	14.0	4.072363398963349
14566.92505985044	20.0	5.0	0.0	30.08947602365004	5.0	415.87015096966553	15.0	14.0	22.666906487205196
15114.356865449427	20.0	5.0	0.0	30.08947602365004	5.0	365.70190532839075	15.0	14.0	28.85376836045684
15600.798018551472	20.0	5.0	0.0	30.08947602365004	5.0	296.954918284359	15.0	14.0	38.90912403755757
15740.306977146904	20.0	5.0	0.0	30.08947602365004	5.0	271.3525086176143	15.0	14.0	45.52280272323409
15581.57870347767	20.0	5.0	0.0	30.08947602365004	5.0	283.39985057727745	15.0	14.0	51.268342979232784
15584.53328040733	20.0	5.0	0.0	30.08947602365004	5.0	255.01661277399472	15.70291108189823	14.0	57.186183374969886
15628.33724550724	20.0	5.0	0.0	30.08947602365004	5.0	219.147079131337	15.0	14.0	54.074204861745685
15866.347898616488	20.0	5.0	0.0	30.08947602365004	5.0	250.83779485464007	15.0	14.0	43.336606752387866
16034.493766044237	20.0	5.0	0.0	30.08947602365004	5.0	307.9016633618093	15.0	14.0	27.08796609673683
15713.745250824199	20.0	5.0	0.0	30.08947602365004	5.0	384.3406880338009	15.0	14.0	21.29208152428243
15186.8891178664	20.0	5.0	0.0	30.08947602365004	5.0	537.8912607055984	15.0	14.0	11.490204251249049
14494.422491461159	20.0	5.0	0.0	30.08947602365004	5.0	772.4371966124011	15.0	14.0	-0.027739711125928324
13830.666381206865	20.0	5.0	0.0	30.08947602365004	5.0	1074.2389313405401	15.0	14.0	-18.78279975663053
12808.555166494145	20.0	5.0	0.0	30.08947602365004	5.0	1353.8484541675487	15.0	14.0	-31.251892837116937
12347.39647958979	20.0	5.0	0.0	30.08947602365004	5.0	1453.0474789365417	15.0	14.0	-32.77461441565161
11990.342309834477	20.0	5.0	0.0	30.08947602365004	5.0	1428.5986079293818	15.0	14.0	-30.35171268981932
12003.051050742442	20.0	5.0	0.0	30.08947602365004	5.0	1250.6210338903356	15.0	14.0	-22.628917764930627
11654.135380406871	20.0	5.0	0.0	30.08947602365004	5.0	1221.8733736426907	15.0	14.0	-27.63907779034807
11127.15109680613	20.0	5.0	0.0	30.08947602365004	5.0	1153.4263571375257	15.0	14.0	-31.82312414102662
10630.572885411946	20.0	5.0	0.0	30.08947602365004	5.0	1143.4210819567047	15.0	14.0	-39.83818396916359
10248.648443669525	20.0	5.0	0.0	30.08947602365004	5.0	1019.3129966779369	15.0	14.0	-33.566042517853994
10241.547054088907	20.0	5.0	0.0	30.08947602365004	5.0	819.6149541232809	15.0	14.0	-19.44607784126845
10264.583898966344	20.0	5.0	0.0	30.08947602365004	5.0	800.1916994023383	15.0	14.0	-17.68408946525098
9886.130573451574	20.0	5.0	0.0	30.08947602365004	5.0	724.1598503373779	15.0	14.0	-8.617923891851694
9834.57691764841	20.0	5.0	0.0	30.08947602365004	5.0	619.8904871340947	15.0	14.0	-0.44508035759753417
9580.093603605636	20.0	5.0	0.0	30.08947602365004	5.0	623.5437015720329	15.0	14.0	1.8349661486864899
9494.694427081236	20.0	5.0	0.0	30.08947602365004	5.0	580.9086480638592	15.0	14.0	7.889372728027172
9051.373305961513	20.0	5.0	0.0	30.08947602365004	5.0	679.1003243568155	15.0	14.0	2.554900636843367
8576.337082275655	20.0	5.0	0.0	30.08947602365004	5.0	754.568227981517	15.0	14.0	3.969130989379622
8378.054801778891	20.0	5.0	0.0	30.08947602365004	5.0	729.9172715385013	15.0	14.0	13.93330541272966
7998.5613740709605	20.0	5.0	0.0	30.08947602365004	5.0	710.8674567821611	16.16495194917583	14.0	22.877353362362463
0.0	20.0	5.0	8064.163436269173	19.30411413736902	5.0	680.0445282005395	26.573134739916203	14.0	18.543462320670425
0.0	20.0	5.0	7839.672810695769	19.677374996906355	5.0	729.4813677943188	25.4124383484842	14.0	15.552630143399712
0.38009837387814766	20.0	5.0	8053.652852392052	19.86781826419064	5.0	677.5440616922673	26.300558990230204	14.0	16.625857757521864
0.0	20.0	5.0	7901.117268274451	19.990615069713517	5.0	728.1335924915086	25.035797395880437	14.0	18.335356515670718
0.0	20.0	5.0	7870.27549246053	20.144149501099275	5.0	631.6847618034028	24.602245482684413	14.0	25.015096716975805
0.0	20.0	5.0	7701.848882826124	20.17671404726099	5.0	713.4083699539427	23.315227457581006	14.0	21.33907302608847
0.001305951345018569	20.0	5.0	7244.316500735157	20.270285640618976	5.0	812.70005683713	22.381904157916857	14.0	16.419486997997446
0.0	20.0	5.0	6916.075046230396	20.21892239785265	5.0	868.7846838008167	22.0137166232721	14.0	12.824412748705159
4950.230426664528	20.0	5.0	1898.477026012796	21.089500599521166	5.0	876.2748248291444	21.509005341193536	14.0	11.250673649378097
5312.46528999455	20.0	5.0	1689.488086779794	22.139780383002652	5.0	870.9956583889999	20.85807943727171	14.0	12.93170919624913
3403.4448816445492	20.0	5.0	3600.5657055628058	21.73103482322566	5.0	933.4881512469727	19.90946927054917	14.0	10.101896761324726
3492.6911733059796	20.0	5.0	3886.8953646300356	22.52199103339924	5.0	938.6609415716135	19.22151087751995	14.0	9.291727133036133
3413.310716253983	20.0	5.0	4054.7768809811105	23.156587484613627	5.0	914.149486594106	18.565246509825915	14.0	8.003321490011606
3297.9473394710863	20.0	5.0	4151.61236059006	23.76872556713668	5.0	882.7387824449739	17.257408343037056	14.0	5.819087333220149
3618.3956839402463	20.0	5.0	3646.1848983525433	24.650298253302402	5.0	894.8977885328053	17.49192883565942	14.0	3.552375909828797
3593.120856721501	20.0	5.0	3089.429278181216	25.295964595577637	5.0	935.2044714363193	18.13734409817905	14.0	2.1744562586771687
3199.4102961871677	20.0	5.0	3109.1765318261528	25.622896371485936	5.0	1006.6200124745804	17.93672393453081	14.0	-6.071757731489346
2772.989032716736	20.0	5.0	3220.2452662759365	25.644785648898008	5.0	1008.2506062583718	17.781593522175356	14.0	-6.855261125422503
2437.606856761873	20.0	5.0	3099.4669759842704	25.864008113574787	5.0	1094.6143451879252	17.904422445212266	14.0	-12.66461667089766
2922.96623730678	20.0	5.0	2537.817214765822	26.731671923737196	5.0	919.2901627802773	18.59941693457037	14.0	-7.122301568455056
2645.8595523657864	20.0	5.0	2240.1163243514293	26.911796118588953	5.0	933.6743448887045	18.871224577360636	14.0	-8.074901681878021
2505.019935260522	20.0	5.0	2022.5539556133658	27.33774221965822	5.0	878.0883333485035	19.14660270470765	14.0	-5.346350136577118
2497.702851831626	20.0	5.0	1754.6513472489805	27.89971405247229	5.0	836.5127269833107	19.454502690261837	14.0	-6.2479173093594245
2485.1625402459877	20.0	5.0	1527.3094319783188	28.347587370520575	5.0	765.3744188860547	19.98361680487433	14.0	-6.090656871445021
2382.0114379214892	20.0	5.0	1387.6367712760675	28.194514327142834	5.0	702.8798213770901	19.75121799288773	14.0	-2.6007257717357835
2411.3233925596655	20.0	5.0	1180.9639019349027	28.03175123912881	5.0	689.6480835088183	19.538638765899584	14.0	-3.7119937234736797
2558.9894630465787	20.0	5.0	911.0139029247446	28.38265427191206	5.0	633.862720777275	19.617860547498623	14.0	-0.0943666152134794
2329.863097223399	20.0	5.0	603.2947668966286	29.2674371499426	5.0	651.553967596997	19.316374194831848	14.0	-5.76554785509804
2080.8122705441783	20.0	5.0	313.9391171957838	30.638795816153525	5.0	685.1785140948433	19.21224440650415	14.0	-7.472328578686062
1815.4660040760198	20.0	5.0	156.85581997182337	31.44901371790832	5.0	705.9092650886174	19.192862960456022	14.0	-11.107226299422917
1668.406251229055	20.0	5.0	72.96287225869696	33.369118097294994	5.0	693.7650679199597	19.17607606312157	14.0	-11.526321044366814
1582.0852648936666	20.0	5.0	35.703507373759834	35.0	5.0	690.8312701987245	19.134900978853164	14.0	-10.60740183534427
1436.8815692265255	20.0	5.0	0.0	32.92190860535203	5.0	740.3832464286309	19.207617792596967	14.0	-13.378097497614723
1373.0000322181752	20.0	5.0	0.0	32.92190860535203	5.0	770.3179501553416	19.73593370582169	14.0	-14.656783039570964
1279.2938505755867	20.0	5.0	78.82200544839245	28.00808392873234	5.0	783.7760465577649	19.438014329399454	14.0	-14.509178899688765
1282.7130961248354	20.0	5.0	240.51603358816746	27.06951375449474	5.0	789.7520429075681	19.276913038010665	14.0	-15.93454724623555
1239.8268229998234	20.0	5.0	371.4738806923877	26.52056835855637	5.0	866.2858763186663	18.890334429442905	14.0	-20.476404892057943
1141.5310201977263	20.0	5.0	373.78666068319086	26.603829354439867	5.0	919.1337510509419	19.10384400787374	14.0	-22.389307719483178
1168.2956206489262	20.0	5.0	481.40508035086214	26.6772348088405	5.0	915.5681438578115	18.68191147402146	14.0	-22.92181526462516
1028.7977156189065	20.0	5.0	580.0202917333955	26.202087699070105	5.0	910.6450825792115	18.620544991845385	14.0	-20.802566267918174
938.2161673644089	20.0	5.0	645.4314303318542	25.732514306255965	5.0	914.2968396644768	18.357837116490227	14.0	-21.89920293825154
1026.3580022948615	20.0	5.0	495.12977236003707	26.207930662236127	5.0	905.6819700405612	18.402600838937172	14.0	-21.16589052850214
1114.2774310372574	20.0	5.0	518.0808140548488	25.676690160127603	5.0	877.7357397906784	18.432844986498516	14.0	-19.8541201414194
1188.5740008842693	20.0	5.0	460.83043092723256	25.410581985332872	5.0	840.1906703991183	18.236410498079195	14.0	-17.666733355613548
1346.7561129040387	20.0	5.0	392.58231986668284	25.571480968621863	5.0	845.4311817499338	18.30576804699319	14.0	-14.952056914874813
1214.333674688242	20.0	5.0	475.8653876436494	25.48667479422597	5.0	878.4422347209652	18.119004144013925	14.0	-15.540499109878356
1093.4146118901847	20.0	5.0	500.054316932003	25.581518329436125	5.0	925.1066707098121	18.044191919038447	14.0	-20.742315010705525
1147.8181335652437	20.0	5.0	441.2897543650104	25.7891776463508	5.0	933.2027076913001	18.2804739549731	14.0	-18.549457345975593
1019.8557735096393	20.0	5.0	534.5072882361615	25.51967568424773	5.0	955.2018930171848	17.99476253939866	14.0	-19.778772463358905
897.8736288780253	20.0	5.0	673.859886519331	24.82438201547688	5.0	977.3843812366263	17.44178661929213	14.0	-19.952436461551105
929.1519347492775	20.0	5.0	597.5961992457565	24.99521390132666	5.0	987.1249634810032	17.41185631137271	14.0	-21.191949087053878
833.0131605183003	20.0	5.0	570.7140379248342	25.20082099407983	5.0	1067.2943988204806	17.174223490588854	14.0	-26.309393997006122
795.9349484190486	20.0	5.0	648.2707235817958	24.98379459564797	5.0	1060.0416444278524	17.338682930837827	14.0	-27.488652993312233
810.4947775405382	20.0	5.0	444.418156855508	25.74308732524303	5.0	1075.6661525950885	17.75837831685819	14.0	-27.51512878824508
655.8398422188981	20.0	5.0	411.9633189260299	25.665847678010078	5.0	1119.9045152091908	17.66720210260899	14.0	-29.815190239637612
655.2116717253659	20.0	5.0	440.90257953822857	25.673635645822788	5.0	1126.3400259330272	17.939755933892638	14.0	-30.142416041753908
659.5268968643755	20.0	5.0	441.75210438131853	25.75431296594629	5.0	1151.345718853522	17.720553221586037	14.0	-32.53265830339864
809.6021714381408	20.0	5.0	366.33697689293274	26.145940297636628	5.0	1091.6446054506291	17.898718655640696	14.0	-28.542844992582545
884.570277566789	20.0	5.0	355.0627551935566	26.267844736905076	5.0	1085.0068377454375	18.23842222754612	14.0	-26.570796037838413
1074.0962737360915	20.0	5.0	356.6969572669877	26.09668080353628	5.0	1046.9908277053307	18.45934099872984	14.0	-24.979106082522804
1159.8311460075504	20.0	5.0	249.58284404001898	25.51610740138512	5.0	1097.1976739961774	18.3337231512371	14.0	-25.514288515872913
1488.7326370827293	20.0	5.0	72.20422252901606	25.26749612155552	5.0	1108.7910826173593	18.410176618946704	14.0	-22.177856126407082
1610.5711853535392	20.0	5.0	0.0	26.450059376704978	5.0	1119.8081400263163	17.891459005291146	14.0	-24.963409027762587
1686.3017212286475	20.0	5.0	0.0	26.450059376704978	5.0	1134.3613421159514	17.482871114327303	14.0	-24.021157103782382
1739.8072000142593	20.0	5.0	0.0	25.428200911446265	5.0	1137.5752962173472	17.323425043428923	14.0	-21.93282461315525
1635.3235595173246	20.0	5.0	0.0	25.428200911446265	5.0	1186.4860729016887	17.144922955456156	14.0	-22.88764245119863
1565.115727239557	20.0	5.0	0.0	25.428200911446265	5.0	1152.2094688749949	17.253212488518013	14.0	-22.036856527871304
1445.2618214682946	20.0	5.0	0.0	25.428200911446265	5.0	1167.6492433001877	16.88407557564432	14.0	-25.397771370292965
1328.2742602586902	20.0	5.0	0.0	25.428200911446265	5.0	1136.8300055409134	17.387334246466693	14.0	-23.423677247703946
1299.4918115887078	20.0	5.0	0.0	25.428200911446265	5.0	1071.3005652697805	17.06484200757009	14.0	-22.395351459959553
1255.8458059232348	20.0	5.0	0.0	25.428200911446265	5.0	1053.246649593862	17.185031822701585	14.0	-20.0798970997799
1148.1255903472088	20.0	5.0	0.0	25.428200911446265	5.0	1058.5326110143226	17.29105366357964	14.0	-16.42224913110958
1047.005770558374	20.0	5.0	0.0	25.428200911446265	5.0	1045.003751271862	17.45002763604744	14.0	-16.852142584019756
1089.1203225614524	20.0	5.0	0.0	25.428200911446265	5.0	1017.4854165332422	17.441294434583266	14.0	-20.372521173781006
953.5426268038146	20.0	5.0	0.0	25.428200911446265	5.0	1016.113365401665	17.712578662615247	14.0	-20.525625748581085
821.738042395639	20.0	5.0	0.0	25.428200911446265	5.0	1078.5758043422395	17.87714890059735	14.0	-20.31082709575321
866.004239967977	20.0	5.0	0.0	25.428200911446265	5.0	1039.637219377722	17.24262124145133	14.0	-18.15098289485907
806.0760395793496	20.0	5.0	0.0	25.428200911446265	5.0	998.0185188036637	17.53161431651871	14.0	-12.718311539768012
681.8107585236545	20.0	5.0	0.0	25.428200911446265	5.0	1033.5405642940782	17.49128668558358	14.0	-14.42724814100742
659.2934663959969	20.0	5.0	0.0	25.428200911446265	5.0	1063.9285858438154	17.394751631281665	14.0	-16.68115914872263
668.3901087147511	20.0	5.0	0.0	25.428200911446265	5.0	1075.492979800681	17.13492593972519	14.0	-20.852014850802313
623.7268355804192	20.0	5.0	0.0	25.428200911446265	5.0	1074.387642090781	17.105039967246448	14.0	-17.147106208620226
