amplitude_0	mean_0	stddev_0	amplitude_1	mean_1	stddev_1	amplitude_2	mean_2	stddev_2	amplitude_3
262.2974518505445	16.161879939549145	5.0	50.80623516799226	24.10599001228004	5.0	445.00030911230886	18.833315424458135	14.0	-5.823855427142198
206.27338648556497	11.339828799227554	5.0	246.13268135944517	20.707095478161012	5.0	381.88478613133094	19.441286771617598	14.0	-3.2656401060139504
163.1450885988718	13.409052096339746	5.0	208.85504323483556	21.124564127128945	5.0	410.1812157079682	18.951896867050404	14.0	-5.365515783755508
82.83791945668027	4.647890031828403	5.0	389.28936537015716	17.479231539787715	5.0	418.8448197981304	20.194703389225637	14.0	-8.430947644997527
374.56451347777374	16.9018866568258	5.0	53.37008592808673	27.96340360127011	5.0	424.4451896856553	20.156409369050976	14.0	-11.03887726345883
279.7623606503416	16.08125805742414	5.0	106.24514919137219	25.009825839011768	5.0	424.201257436032	18.124573884596497	14.0	-2.6144508875802583
176.68558190322366	12.088235307628208	5.0	259.3041295016818	20.631338781392113	5.0	403.86256149705446	19.979011808748528	14.0	-3.9461433501331955
69.59279540944424	6.7917693312130725	5.0	297.9394743459243	18.60848987744115	5.0	429.01388373334316	20.24644648774019	14.0	-2.71233983211029
89.32695884768887	9.726642553732079	5.0	337.16423823304467	19.19409754063098	5.0	383.3513941586108	20.05382070406322	14.0	-4.027886630708426
203.1266656412846	16.204155616665098	5.0	157.82301638825072	24.452015915088584	5.0	407.80132639311387	19.309720944632986	14.0	-5.452084012358326
280.54735027029534	17.16964812254792	5.0	135.17798107016978	26.441518057433434	5.0	417.26214893802	18.222549454931706	14.0	-2.146227924395512
386.7145448166763	17.872255793250446	5.0	89.22606815837614	26.493664606107792	5.0	406.2969940279421	19.685018467223138	14.0	-3.2955726122793454
427.609937837599	17.96931403839444	5.0	117.51821424546006	27.085323605870165	5.0	381.9771922209928	18.814846651099806	14.0	-7.033031393339882
291.08216603978315	14.582621357392432	5.0	181.25150152232072	24.153159276802743	5.0	383.9101287818891	20.146031664088476	14.0	-6.091272190634228
266.4760716959044	12.914378257669707	5.0	217.41922344091927	21.86641082779377	5.0	388.0921117769988	20.237480774508768	14.0	-2.573741682605425
196.63224038459464	12.12572200095232	5.0	330.7494207398253	20.213507148269763	5.0	367.1954017749197	19.877583081331498	14.0	-5.081249244909761
343.31454315557653	15.240692991467125	5.0	144.84305906338264	23.88511821173133	5.0	378.7390352883664	20.076603237418265	14.0	-3.8135229188799875
159.0176968497306	13.604313100432037	5.0	249.29374533225774	19.076155005026425	5.0	387.5584601062282	20.094954048144224	14.0	-3.456889309461873
69.3979813348772	7.530142348084128	5.0	424.6217083623611	17.065924416996346	5.0	385.60427880393684	19.96786347408383	14.0	-5.460111780793873
424.0817034837459	15.960934959766027	5.0	73.3210538124459	25.894570560516662	5.0	395.6841733997222	19.385070138890605	14.0	0.4337383392502123
487.574446828987	15.471449865479423	5.0	108.13249992588835	27.10212340279591	5.0	356.6795868308592	19.166787117721075	14.0	2.0207029076607155
94.48750905146136	8.852534396664348	5.0	408.7169805588578	18.16571774097388	5.0	409.94440770839856	20.345521206041088	14.0	-1.1398957808316779
422.5057864222207	15.934625389923914	5.0	142.81086326776537	23.90283327458623	5.0	409.403600028977	20.31424088061803	14.0	2.675970850139343
90.78355404732292	8.155954406377573	5.0	436.8356657618782	17.941093099761694	5.0	391.00469380722484	20.511187934617062	14.0	-4.079832298818985
347.43315190875535	13.390995883847816	5.0	258.43883657358845	20.972065496153082	5.0	389.9774394380393	20.318050234574894	14.0	-0.7156067012840962
424.2368499141627	14.831460787388597	5.0	212.55474181572535	22.31109894902257	5.0	387.8618926496284	20.97398621625982	14.0	-0.97657405042719
376.0438873509676	13.99259943292355	5.0	260.34835684407494	22.03150263926373	5.0	387.079685871591	20.951774783855676	14.0	-3.0255658535290975
357.6048072648616	14.436429606457088	5.0	242.51369776459802	21.560660252498444	5.0	405.0000590007257	20.92889780700437	14.0	-2.80386177614455
451.3373100953555	15.906459037679612	5.0	126.85145377721358	23.981130164619568	5.0	397.79604014176346	20.08580001613695	14.0	0.12224708625320298
399.1492265970482	13.895916191674338	5.0	288.4430751977827	21.915917100568397	5.0	384.3761064787569	21.376993934202062	14.0	-0.45139001455907907
401.4215249497218	15.617488703297834	5.0	190.80261841687144	23.323730415203766	5.0	449.3553638315344	20.554670101753725	14.0	-4.3930012804859375
542.4446570237308	17.72933946343812	5.0	60.57772831406387	27.543079179506538	5.0	472.2379095376177	20.119892641735962	14.0	-5.713271589365087
516.4312424882539	16.061633926954258	5.0	172.9393825438737	23.52073857929707	5.0	466.55176665626976	21.165951316219452	14.0	-4.302106136927555
374.0419949854097	14.62679694391357	5.0	342.55592103308675	21.696338749567047	5.0	465.90524562970506	21.116220728303805	14.0	2.6771679553532532
233.86877116195777	11.535017486180317	5.0	587.3003914394955	19.393143757300475	5.0	469.3517984077126	22.820462322006268	14.0	1.2067128052052052
458.172124739335	15.946117501491765	5.0	230.35363258956275	21.552304119629817	5.0	548.7770181161354	22.38867624749895	14.0	-5.476129035451104
148.74889375784795	10.10591561567976	5.0	625.2765557288715	19.744504126728085	5.0	554.4049055919668	22.770650518615344	14.0	-3.120168393879061
386.2449586110744	14.4631136235352	5.0	338.79125516921084	21.461884115183068	5.0	578.7815506268688	22.651266882737453	14.0	-3.7752945819518744
301.6903346656637	12.097671062859662	5.0	566.2204688593453	20.48369617857136	5.0	549.4040747228993	24.195958539907796	14.0	-4.031840155173301
230.336490840037	9.913462422621254	5.0	670.610070254362	19.92504385337597	5.0	559.7195874244727	24.105710570834365	14.0	-0.9679142121295286
586.3681190954541	17.734291168940164	5.0	115.02349292704521	24.41009567171007	5.0	636.0278876362206	22.728844998785814	14.0	-1.6852742427585858
151.5970596378954	8.937415450500618	5.0	592.9791147274934	20.236163374346244	5.0	602.0666494669708	24.277330079830346	14.0	-3.854290221916716
160.66900439973585	9.446502818678635	5.0	647.1409215420052	20.158972318850402	5.0	586.8707983602512	24.084553303954774	14.0	-4.769241502884388
170.12923932305355	12.629511284838419	5.0	588.6580626459541	20.22800360919588	5.0	613.7254462120659	23.79198691383949	14.0	-4.0886555248819745
143.68414558249847	9.370992248908804	5.0	627.1322738681704	19.941691966824152	5.0	638.4944842658074	23.69009530605738	14.0	-6.556537530933206
286.31833968035346	13.389479423011862	5.0	457.73647052972603	20.81369501023741	5.0	673.8317157776056	24.307907584463	14.0	-2.6680810751257695
179.36373346342813	9.76093593836222	5.0	599.2969438676604	20.12538236192648	5.0	687.5781171930519	25.27247684794497	14.0	-1.9276162960558314
254.0566199150731	12.582773808453508	5.0	538.5623872922495	21.226200671695416	5.0	695.991820837471	24.128026991176768	14.0	-0.8078373778971571
249.6169482219836	9.450931306659106	5.0	642.96105032341	20.95984643138101	5.0	634.1193427818974	25.483373930801193	14.0	-3.996444377987216
318.62841864880636	10.511838933283286	5.0	625.8395532962995	21.330666782498845	5.0	582.9511072344249	25.452028688755867	14.0	-2.181278821936255
234.06362426337662	11.138711786736554	5.0	435.3561928680356	21.186328486496745	5.0	657.2297627411992	24.410738117942422	14.0	-5.629637381441056
213.18732118323297	9.722506964695635	5.0	464.56791761232455	21.319423685008346	5.0	573.467651268768	24.17542679945304	14.0	-3.7010235314036786
294.7672238452941	10.142620195110048	5.0	423.7534966309234	21.56299036435027	5.0	594.1101582723398	25.622785301226525	14.0	-4.438064194275451
365.30331273793786	10.107173657080464	5.0	601.3724411618936	21.652377049490582	5.0	507.30577399878933	26.535947042513204	14.0	-2.321153730313705
314.94497400364816	10.819362344335167	5.0	575.5593733479013	21.84346575370458	5.0	528.38035737521	25.396285658370626	14.0	-3.787239880627126
365.66437605534236	10.692289093676296	5.0	580.6954033356338	21.57451003391309	5.0	539.6031752793439	24.903661111077383	14.0	0.5105569806025231
477.50140686636405	11.77855087548567	5.0	584.4423760255833	22.09790508350359	5.0	463.2147035492809	24.876645049240313	14.0	0.25234617991020447
592.5138980135882	12.357473559656457	5.0	515.4745905558857	23.072183574448285	5.0	398.9354773490563	23.811241907457802	14.0	-0.6365384293471898
519.6986919527181	11.1279596558877	5.0	627.871456480693	22.205042114153407	5.0	356.63751591749013	23.918885230265072	14.0	1.9027483360362105
598.1902294331454	11.317728598233492	5.0	649.8976364785597	22.25019786600202	5.0	302.50275130180415	23.982387880418784	14.0	2.213596094438722
581.4158276428057	10.94841655718165	5.0	708.0848704146749	21.78962396200303	5.0	293.2181343364639	24.967666619757356	14.0	0.4274996922848148
548.3839750839716	11.704091871785904	5.0	556.2595672229828	22.263614053595553	5.0	338.00521333722025	23.35487127156113	14.0	0.5256829842187876
533.363308521432	11.086958377232063	5.0	640.4349079109372	22.413768973183753	5.0	331.84534338752496	22.822852527235966	14.0	-1.805643270509876
536.5936287538676	11.507480618527998	5.0	515.3942913035245	23.051019750209573	5.0	360.17619056402214	22.568514683006438	14.0	-1.2004954962806305
593.3504905272883	11.503127426809222	5.0	466.3543693325549	22.89951430856837	5.0	409.4103274676474	23.41355892182799	14.0	-3.982151449617829
611.071611645569	11.313035222285535	5.0	535.3086433136688	22.908110183448283	5.0	396.1468309299369	24.440234169047496	14.0	-3.0310758251788354
744.3021410889507	12.450327971485887	5.0	506.0135946638543	24.316510480020256	5.0	384.26364980820233	23.893239692682936	14.0	-0.20047065805877812
719.420569607872	11.979686427735114	5.0	532.9633204949096	24.004591660019976	5.0	409.83109952430425	23.215450081568672	14.0	-0.054934668232275045
730.7831686560909	13.037054503496199	5.0	479.0877159598836	24.66403966128423	5.0	403.4196733410323	23.40033356187432	14.0	1.1945980941815613
786.1643396123849	13.079061973619519	5.0	455.1653509245889	25.29654597998589	5.0	400.24249931631795	23.78185786711819	14.0	-0.1769389870565535
707.6312679534078	13.872490667980246	5.0	420.9081089611518	26.174372646877945	5.0	453.5755236095889	22.626404276073146	14.0	-2.5964894166965666
761.048560087369	14.437667270902732	5.0	361.26571944661083	26.290937702314285	5.0	437.61440900464686	22.198568380574464	14.0	-2.9391750686298206
802.2376702901093	13.72686297410184	5.0	394.6093943293003	27.063045959998075	5.0	396.47491707508635	22.567920190198322	14.0	0.9289927438422478
755.3932914966152	13.53910426054658	5.0	434.6858681643265	27.648118724774776	5.0	406.33750009755244	22.1095893893312	14.0	-2.3684564162402197
828.1239837371527	13.402933071950214	5.0	447.445785580418	27.341803362845013	5.0	409.98357116690767	23.29291909752576	14.0	-1.7605710091906055
913.8051700711325	13.467041725240039	5.0	562.1683167240391	27.20066788452981	5.0	335.6411074760925	23.07629509157193	14.0	2.0277634319832196
885.9437924542931	14.05245861083092	5.0	522.6902980306086	27.086498817015627	5.0	412.6029257510107	23.299165884858372	14.0	2.8857445495760525
912.571502213851	13.066523826762534	5.0	634.1004338547816	26.385895848823168	5.0	391.95481663301814	23.9282149486787	14.0	-1.1379449091864005
926.6076199262891	12.892309243823492	5.0	602.647011325529	26.497438518443953	5.0	419.7204096817318	24.50002338555099	14.0	-0.08223757530055349
915.3534730350468	12.74108662168951	5.0	671.0102655184864	26.264665036327745	5.0	416.0044934382295	24.451551688319093	14.0	-0.5327840631384593
932.1738042706468	12.446483862630014	5.0	724.8190122939358	26.634779162429616	5.0	372.02873723516933	24.768578758155428	14.0	0.07201124976328555
964.4517301281893	12.41460261310769	5.0	676.870118208196	26.446607313907425	5.0	366.9168217297354	24.971593518954688	14.0	0.4178032946585868
932.0745118334714	12.849666957727612	5.0	650.7376548817226	27.47503858921668	5.0	308.28610491035835	24.74185320331407	14.0	0.7404693919706412
833.3837349729557	12.959943168789517	5.0	583.6548035122643	27.06851975496647	5.0	320.43522922532037	24.844595278497778	14.0	1.6186921651426773
855.2861751555372	13.308615915240418	5.0	522.8696279536905	27.998060634319444	5.0	324.38026161813195	25.70913779021546	14.0	-0.9820803083455922
746.1950244308168	13.010849520531888	5.0	506.28526874282835	27.23238521584095	5.0	335.90924776564367	24.32540871108919	14.0	-1.5965135903280778
864.986209489637	12.76939498351971	5.0	606.0973693235006	27.474538059131927	5.0	242.52152245674185	26.93485195977374	14.0	4.098662165910991
695.173094551213	12.754692585199507	5.0	463.03469070004644	27.046901059928516	5.0	334.06760767233703	25.464224581871765	14.0	1.8867336188996133
674.1096106351482	12.74858895614734	5.0	449.65995337532036	27.55066334385165	5.0	356.98388189992653	25.65182027693668	14.0	1.1977785595347088
728.71532377505	13.208809402786738	5.0	546.1567955388414	27.176130761946304	5.0	286.1753951752243	27.95955695050476	14.0	4.275203701975627
656.7576489774191	13.075340458216068	5.0	517.8590574739212	27.117430816922887	5.0	345.24744163212483	26.191863199412495	14.0	0.1269048200754019
709.4820128078401	12.926351055638595	5.0	571.3025183955605	27.763716822798486	5.0	347.7526199627753	27.305958290370768	14.0	-2.2976231996476937
703.4280870318953	13.19359646272811	5.0	531.3766114635335	27.089077136678416	5.0	416.32465570285274	26.167003247493984	14.0	-3.0406831304080337
670.4253584695758	12.995467929934705	5.0	506.3550701710581	27.592116915720514	5.0	430.15053945644246	26.170591055901724	14.0	-1.5330417015718003
732.2855181755635	13.313060129586368	5.0	522.2395065189814	28.064932848781545	5.0	469.66674488083015	26.514002878215905	14.0	-5.216753277499423
737.9286040023688	13.542535779061126	5.0	529.9769444205788	28.689149110334068	5.0	525.7410572254163	25.60505733822563	14.0	-7.0584909196403505
312.38568647160355	13.250817347561929	5.0	91.49339407032161	35.0	5.0	927.9427729842228	24.108569278731256	14.0	-21.971886736247097
680.5316117575704	13.457793624709062	5.0	492.1754807188109	29.160989681363237	5.0	635.5088551221407	25.70093503480936	14.0	-6.248032337204162
365.5046122775835	12.935860497087257	5.0	0.0	21.126834008926348	5.0	1019.6085177810912	24.981901125209834	14.0	-22.076020209446536
379.31495330858075	12.240518297446352	5.0	0.0	21.126834008926348	5.0	1115.022346160372	25.384564217397077	14.0	-26.609165137458135
426.26235845155026	12.659456422920345	5.0	0.0	21.126834008926348	5.0	1175.1048496505225	25.691614189209247	14.0	-27.264735437388932
559.0072238524625	11.946423858914152	5.0	0.0	21.126834008926348	5.0	1209.261803120687	26.42179550255329	14.0	-29.123024844573028
630.8718102284134	11.864134474103958	5.0	0.0	21.126834008926348	5.0	1286.8851972478055	26.937998251747374	14.0	-32.45556990895202
734.8299448495193	12.010083801670506	5.0	0.0	21.126834008926348	5.0	1305.422777328416	27.660928986538636	14.0	-32.57823752121235
806.8084984687488	12.463630523692336	5.0	0.0	21.126834008926348	5.0	1303.2453392558596	27.82561940201744	14.0	-32.3350662601869
808.1711371556733	12.744584172736031	5.0	0.0	21.126834008926348	5.0	1297.4671554479914	28.051098351894925	14.0	-30.634013077562223
822.1874996000192	13.003623067112871	5.0	0.0	21.126834008926348	5.0	1359.202681792721	28.442754586818328	14.0	-32.98995668835658
717.9406059638458	12.760064996412478	5.0	0.0	21.126834008926348	5.0	1421.751072880106	28.355893482909394	14.0	-34.105033980863524
637.2597911897584	12.65279579673659	5.0	0.0	21.126834008926348	5.0	1513.2026317096236	28.194753439262634	14.0	-39.053211930269
597.4566537747398	12.116548531256742	5.0	0.0	21.126834008926348	5.0	1603.0199348715707	28.742282446424113	14.0	-43.530132413695405
660.6755692274141	11.934108815223682	5.0	0.0	21.126834008926348	5.0	1666.7719316060848	28.81886400606631	14.0	-47.70646201476658
659.8341820477392	11.893724650295459	5.0	0.0	21.126834008926348	5.0	1699.5043744531745	28.817866369060674	14.0	-46.38668361143724
0.0	0.0	5.0	0.0	21.126834008926348	5.0	1891.716502966574	26.398392371343125	14.0	-36.280709903522315
0.0	0.0	5.0	0.0	21.126834008926348	5.0	2007.0356061240182	26.64615531766696	14.0	-39.394949701797856
0.0	0.0	5.0	0.0	21.126834008926348	5.0	2129.88750503564	26.755185078414307	14.0	-44.69754558555355
0.0	0.0	5.0	0.0	21.126834008926348	5.0	2463.315514962643	27.274284236393534	14.0	-54.644659373749505
0.0	0.0	5.0	0.0	21.126834008926348	5.0	2528.01588777543	27.578674554091243	14.0	-58.967884688593244
0.0	0.0	5.0	0.0	21.126834008926348	5.0	2155.0249078351944	27.419808831145122	14.0	-52.2415871556059
0.0	0.0	5.0	0.0	21.126834008926348	5.0	2302.603261196575	27.62904066261877	14.0	-64.75031488442869
0.0	0.0	5.0	0.0	21.126834008926348	5.0	2392.8155133632586	27.525159570307313	14.0	-67.50377776198442
0.0	10.193619435613687	5.0	0.0	21.126834008926348	5.0	2484.6981105311966	27.334651616968912	14.0	-73.85845095375257
0.0	10.193619435613687	5.0	0.0	21.126834008926348	5.0	2513.741457967523	26.91018730895725	14.0	-79.45231547493589
0.0	10.193619435613687	5.0	0.0	21.126834008926348	5.0	2831.1583842527407	26.723235301456658	14.0	-91.88863567581548
0.0	10.193619435613687	5.0	0.0	21.126834008926348	5.0	3177.595851457427	26.19972871774248	14.0	-101.07832466877635
0.0	10.193619435613687	5.0	0.0	21.126834008926348	5.0	3055.977741880583	25.77422268722018	14.0	-102.90268242729306
0.0	10.193619435613687	5.0	0.0	21.126834008926348	5.0	2847.4623641041176	25.419282986607268	14.0	-100.50714156995438
0.0	10.193619435613687	5.0	0.0	21.126834008926348	5.0	2988.0845077332306	25.175516131120375	14.0	-107.1424741142908
0.0	10.193619435613687	5.0	0.0	21.126834008926348	5.0	3179.4110686344393	25.366795809581355	14.0	-117.42690318920671
1107.0889894199045	16.981590200448395	5.0	3211.480929773625	30.840173622763547	5.0	1398.8032381835746	20.898614621330204	14.0	-18.565489042859863
1189.6009885407564	18.69456125387565	5.0	3191.3764327574877	30.988207640670463	5.0	1507.1725325192288	20.515774363016114	14.0	-23.464288612578947
1250.0899507288636	19.348923289494753	5.0	3232.402373480043	30.520354895559713	5.0	1437.7333148167424	20.65580013895883	14.0	-17.144168918119604
1119.2323033573082	17.374480186832507	5.0	3523.6188244831596	28.727059500047808	5.0	1424.7694193542195	20.64198463624849	14.0	-17.050369918989578
1402.6032470183857	20.0	5.0	3481.30773870785	28.40105680369953	5.0	1384.5248663947093	18.99280567372552	14.0	-22.200698679374998
1575.9034561662709	20.0	5.0	3557.1352789166353	27.459999491645068	5.0	1267.1314135298642	18.74001954699397	14.0	-17.08288509580262
1633.4001623793397	20.0	5.0	3261.6042161199084	26.48471871762125	5.0	1180.8823849762634	18.236467390465375	14.0	-13.354510920610918
1611.5649966892727	20.0	5.0	3613.3195122499906	25.508798405410978	5.0	1218.7346591062217	18.252156340565655	14.0	-13.867041594757671
1637.980325103856	20.0	5.0	3884.248991716187	24.424650916717646	5.0	1227.078358396167	18.554891630189143	14.0	-13.688423225356722
1328.0360802547998	20.0	5.0	4469.974649626542	22.904012622357314	5.0	1188.5079151180776	18.56094482746791	14.0	-9.637525181267218
848.5125670791776	8.024766822697618	5.0	6500.575775876677	21.51486394513815	5.0	618.4370455862218	24.199195871504536	14.0	5.707690350915486
871.490100593259	7.9908008990601935	5.0	6612.778661529241	20.781228785278092	5.0	596.8498853773916	23.861075898044046	14.0	7.720184496280358
935.4947890536772	7.982861765569159	5.0	6595.1165858128425	19.995723533395346	5.0	482.78178235920376	24.97986702443232	14.0	13.435573748387524
927.8240781745423	7.450879284691568	5.0	6440.734006607458	19.156934459583116	5.0	509.4963879026339	24.677360655214287	14.0	9.468104594504046
1159.3997076987516	7.187091407761575	5.0	6904.532899887159	18.619568424031954	5.0	376.0643185575251	30.762069052639177	14.0	5.605504115293083
1375.6148527451624	7.43764530145533	5.0	7674.074337960837	18.211637209902197	5.0	361.7369023190507	31.566443111978828	14.0	7.2852197621479355
1372.0689341359828	6.5406315970065565	5.0	8955.763514172662	17.672789638266977	5.0	332.5683808096982	33.90515487997279	14.0	6.007920200361111
1444.1456107503625	6.648780283069064	5.0	9838.774105382729	17.443234167187615	5.0	342.34118951570343	34.88541513877803	14.0	4.298556700804
1635.5250718943448	6.8166589266054185	5.0	10538.06978411952	17.373623912124643	5.0	327.5034709956172	35.52786106224243	14.0	5.153438693194805
1681.4169101297455	6.593190161390668	5.0	10746.855994163981	17.152640574184378	5.0	362.4007967411775	35.10815959577556	14.0	0.5219712878081008
1802.944849128212	6.7492259458834285	5.0	10488.18623727797	17.143922380817116	5.0	371.83871479541716	33.78533185949361	14.0	5.03064543520527
1851.3786395004654	6.601782393787721	5.0	10187.812098233067	17.14477356641673	5.0	397.9900437589571	32.31963750446708	14.0	7.102855047781787
2255.302460647803	7.063940073706227	5.0	9912.960258750392	17.569381269820404	5.0	375.73228471443355	34.597228602395354	14.0	1.9801731093584598
2432.4728707029008	7.195903344586655	5.0	9544.20654607464	18.121984573792627	5.0	398.11158168981717	32.68708084491882	14.0	2.915326608062444
2616.8458839791447	7.578562110154378	5.0	8872.412270568033	18.558337236805134	5.0	425.776381830381	30.812629649234307	14.0	7.5958876390488825
2525.966587049022	7.492510212112203	5.0	8154.914397097311	18.66330898397437	5.0	578.886064014381	26.134713233054864	14.0	7.346997767925078
2380.9838218561217	7.564740090988628	5.0	7728.002506412419	18.7064526347567	5.0	580.9533281384191	25.839355453587018	14.0	7.209666160079175
2254.450548856496	7.697382829749572	5.0	7248.713854428572	18.6680332176466	5.0	649.1714291861105	24.76585149331284	14.0	7.5709404431733045
2103.7153518948153	8.194334886845855	5.0	6737.152181604538	18.61820488756832	5.0	855.0795615252663	21.726938171820535	14.0	1.5377593594178818
2243.0137935524194	9.284691511612753	5.0	6238.566735764855	18.8723369788575	5.0	1066.5666395160204	20.14481311893914	14.0	0.6630649679280481
2632.7982531975586	10.55121955172509	5.0	5249.052297526522	19.274944465019423	5.0	1327.8854209151832	19.320114226519962	14.0	-4.6599815029924
3307.8461760511223	11.340961654448014	5.0	4513.956777093259	19.64909433106477	5.0	1432.0274552360245	18.65126161142465	14.0	-6.498930306207969
3529.0076933610417	10.82416581827589	5.0	4608.287291039799	19.104219983481343	5.0	1405.4778377911693	19.010825382799613	14.0	-4.880850402180309
2991.1271152277236	9.490626072348878	5.0	5548.986509764143	17.532414002662215	5.0	1358.479178367094	19.808117826152962	14.0	-7.124380520016766
2106.222025484018	7.42160621630492	5.0	6975.96214600435	15.855590016438779	5.0	1195.272621918752	20.535472584032675	14.0	-4.567745739953331
1950.4255801752765	6.585796924465883	5.0	7620.062332030697	15.059348185472356	5.0	1023.6963302126264	21.429772169764973	14.0	1.6646558852222326
2255.473844014824	7.893101813680073	5.0	6921.426930522708	15.0	5.0	1069.8041331913478	19.914104999760806	14.0	6.68565790310319
2529.4338296786227	8.002163733724178	5.0	6556.500031974079	15.0	5.0	950.4358342351414	21.298792638861208	14.0	9.062353346393653
2933.4918955025623	8.650447496877907	5.0	6202.766606239757	15.0	5.0	818.9470198930039	21.76742109996733	14.0	18.432171923461574
3628.2905811220835	10.203870019959876	5.0	4889.347472146974	15.0	5.0	1031.865129477624	17.804493171508334	14.0	17.605315802425213
4847.536996037663	10.973948376909034	5.0	3399.889249119615	15.0	5.0	1089.3593139396241	17.036010671167954	14.0	18.506462766736796
6776.26592070027	11.765646178980987	5.0	1231.1171763440684	15.0	5.0	1095.0884181157912	16.576233566042657	14.0	18.60952967353259
6887.253290110351	11.113281818473618	5.0	1384.8608824859657	15.0	5.0	997.2135210464586	17.870759505901237	14.0	21.87698283014188
8094.898317344303	11.47016229166552	5.0	81.39924418454154	15.0	5.0	1054.9018311395916	17.268240143746016	14.0	24.340525697126886
8053.920309730393	11.19251765148867	5.0	537.1865600927989	15.0	5.0	954.6769958680629	18.05615450363954	14.0	25.608533381880775
8069.739310577807	11.020927868172707	5.0	976.3751456242361	15.0	5.0	910.881183106671	18.734173078199646	14.0	27.393893817297542
7660.482371991056	10.362727004647242	5.0	1815.2769599697006	15.0	5.0	806.3167728066259	20.468588040702127	14.0	28.641924992399336
7499.434290568967	10.072342552752515	5.0	2154.9521394994154	15.0	5.0	740.9938273737616	22.580275493782448	14.0	29.56467304533761
8447.414058142025	10.911024425018416	5.0	0.0	35.0	5.0	1254.6975455810743	17.147853315131684	14.0	19.142985093074593
8502.875084285271	10.641827060736787	5.0	0.0	35.0	5.0	1212.6566728533373	17.317071832654072	14.0	22.39362023713742
8795.247157221187	10.389400780187922	5.0	0.0	35.0	5.0	1116.3642435060822	18.31989160817461	14.0	30.94847788980336
8999.729545608652	10.311937344874034	5.0	0.0	35.0	5.0	1026.186053059382	18.755442786792866	14.0	33.43261068902138
9119.658246166968	10.247513562075914	5.0	0.0	35.0	5.0	859.7006826679974	20.714860243115307	14.0	37.170551222505054
8855.466135524073	10.273521816591543	5.0	0.0	35.0	5.0	806.8317927603069	21.702189068498875	14.0	41.42759346026644
8287.036855923883	10.122439005316853	5.0	0.0	35.0	5.0	814.0151003842673	22.338989861679398	14.0	42.336164233776415
7835.109437157024	10.148190147669181	5.0	0.0	35.0	5.0	843.3186672659466	22.895393693637214	14.0	37.131233673100105
7580.505614221622	10.084069043742373	5.0	298.21221346404604	20.378825362015416	5.0	685.408646005437	25.72739410272181	14.0	39.64031726100221
7323.326371763303	10.030833306479295	5.0	581.7237395286271	20.313263275213895	5.0	571.4917199523455	29.190006485364403	14.0	38.372432799211666
7001.187850505584	10.158164756267029	5.0	631.8307452177442	20.030843961483118	5.0	536.8801282134772	30.231563014458555	14.0	39.055878512168405
6124.610209877498	10.345169081067016	5.0	605.0765594904285	16.760774850852567	5.0	731.8826292376312	23.638809535015447	14.0	41.8069688770527
4843.124219389675	10.005647486179956	5.0	1592.3988247310615	15.0	5.0	710.7005462764516	23.06586406730521	14.0	47.96028220292756
4318.574005785923	10.500895369650317	5.0	1395.4130525047358	15.0	5.0	865.7591598010786	19.082279801088987	14.0	49.782096587352356
4488.320572437019	11.369815207273998	5.0	980.6053071910966	15.870793503694282	5.0	922.8438984361394	17.13133119449766	14.0	61.457841784986485
4288.435455399328	11.519375226824753	5.0	1302.4629271932884	16.437017053239128	5.0	751.3222884493946	17.76596695553611	14.0	80.33794574114415
3595.955667942495	11.150798277207084	5.0	2305.2833096840463	16.09462369309461	5.0	541.341391202549	22.3448490815385	14.0	92.49974303694998
3317.0702305925024	10.885109544773034	5.0	2864.84519140148	16.14683631325873	5.0	406.9394716077423	28.814883864506225	14.0	87.49110581793536
3678.1937747262486	11.105818319646213	5.0	2586.008712262363	16.62276125369878	5.0	401.32851770747254	30.325616608259935	14.0	78.39168647747877
3544.050076347591	11.044366655178797	5.0	2818.9630959783076	16.225099917882634	5.0	431.03638572635913	30.28318842944547	14.0	77.75832327028748
4145.8470911646	11.375225953005094	5.0	2335.763528878927	16.65903181307246	5.0	458.1696117635276	30.95252872622725	14.0	74.06035234271192
2803.299935963494	10.333615904068104	5.0	3690.403508343972	15.35426771680219	5.0	496.53277978568445	30.515323671772485	14.0	71.48479531474408
2768.941297085173	10.420844060538506	5.0	3837.894174857668	15.422063231183854	5.0	484.1538478937095	31.115354642676493	14.0	66.55742276156808
2624.7534511868494	10.297586936327408	5.0	4249.706906899404	15.598510927676863	5.0	442.3816635920612	33.267439455781705	14.0	56.87837651772983
3958.9147286321227	11.468952109479627	5.0	3256.6242915844896	16.71862937781298	5.0	442.16071391990454	33.881750802859834	14.0	39.9775145776313
4876.020431340512	11.854466841268787	5.0	2761.206594952108	17.517802822681432	5.0	435.2461148658788	35.70035688404724	14.0	30.443930863606955
5385.5060474346055	11.786795122975326	5.0	2818.951884244558	17.856193268452717	5.0	408.20246977780374	36.833840058248136	14.0	24.074083695105433
5362.503850460916	12.123960949046475	5.0	2910.7452789881822	17.85435479011797	5.0	408.05685031491396	36.67690806741336	14.0	23.642769696310317
6428.25306779284	13.097587841635994	5.0	1674.4803000362983	18.900123633622368	5.0	405.75418340756374	36.01273435750417	14.0	28.669591456325254
7123.943554767835	13.206840748288432	5.0	901.9752769141269	20.18977385535051	5.0	402.4951035502389	36.73238738471305	14.0	27.377424347101954
7438.363483439003	13.092483047687887	5.0	442.8803652256807	22.906432765284105	5.0	421.3290578954606	37.55483375519097	14.0	28.643339292413973
7179.302777721128	12.689622247255848	5.0	358.50408152046083	24.11882484430037	5.0	420.1787244503521	37.73685602286414	14.0	25.374507547455835
6707.958682955771	12.129506397289438	5.0	337.57350607240807	22.813564419916972	5.0	476.33910409604977	36.56373111237382	14.0	24.00631368954482
6587.308684229237	11.78688868464507	5.0	366.29686561872256	23.082376090423576	5.0	491.45971180907515	36.90507845708321	14.0	26.222981156157964
6656.816296894804	11.47201647025182	5.0	391.94172217949966	21.62887612738678	5.0	523.2229573422765	36.57764356399249	14.0	21.41523521381765
6989.233603816262	11.492700572728806	5.0	381.842718465788	22.474757581178	5.0	534.2056396683295	37.141982762277664	14.0	23.229585640455127
6801.021817088869	11.404087131801571	5.0	733.0677900954042	19.161841808492	5.0	553.1471715938434	36.514916469281005	14.0	24.958559643694006
6284.314595969004	10.883478079288563	5.0	1597.9347160571713	17.67088986928304	5.0	518.5065969433288	35.64370746328923	14.0	25.290719612277265
5810.05962199327	10.549903128807294	5.0	2093.3870635870753	17.824304597831944	5.0	505.49802212659716	35.1674803807278	14.0	27.357141103753808
5701.8569892877695	10.187864820827462	5.0	2485.901644388518	17.793008257590724	5.0	503.8919663985157	35.89353090576705	14.0	22.630579289235705
5992.425728712156	10.212971463308369	5.0	2423.4131936921613	18.19225136428929	5.0	507.8218424551435	36.03680630512426	14.0	18.789756811849724
6927.4392455594725	10.567662440181733	5.0	1835.2688876319035	19.55303576900517	5.0	485.9325375612629	38.307416134751406	14.0	14.019321925423533
7406.650017488818	10.62682921543195	5.0	1428.5925037307427	20.43299953202253	5.0	496.28723250553554	38.91237822600345	14.0	9.489314854483563
7647.678308292629	10.554280386523452	5.0	1108.6549862977647	21.0455635356022	5.0	525.7562015105258	38.76051163444145	14.0	4.834822163882183
7751.1737111825005	10.47062217509935	5.0	920.5466079809871	21.309311938158864	5.0	527.7341129974075	38.32987505870884	14.0	8.337067841973374
7730.983658756952	10.480816190686152	5.0	824.1654679101032	21.457848775628882	5.0	563.6481363234851	38.03217943330331	14.0	7.341303198921371
7433.394914490911	10.40598629471109	5.0	938.3276864631007	21.17671948386609	5.0	529.6978170117366	37.85962760076225	14.0	7.151320487833289
7093.493451070401	10.242785858853525	5.0	1116.5791845716842	20.739739158633352	5.0	503.3313272627449	38.03734397534818	14.0	4.022200141518009
6779.654322664386	10.300614073758126	5.0	1242.0872947008847	20.751025441580698	5.0	499.86693586896786	37.55350449841344	14.0	8.081795477513147
6527.672171703971	10.41324028904608	5.0	1347.108427711203	20.574010249659754	5.0	489.29644237977453	37.667613359034	14.0	12.974133190993353
6516.6561934685815	10.535994360885795	5.0	1376.3165357278651	20.015946423583628	5.0	525.0281328551233	35.641817199900956	14.0	12.300458579324697
6774.348600485056	10.738584112710008	5.0	1322.4330695185326	20.0278018213142	5.0	551.4381524480939	35.6834223081665	14.0	13.277118282732049
6773.3595462978265	11.055583127037709	5.0	1541.646502698817	19.09107211315433	5.0	618.3366284185564	33.99727867009769	14.0	17.77201389369704
6824.262765559929	11.330985853448588	5.0	1883.852862307368	19.395061445270716	5.0	667.982457027235	34.21994341597861	14.0	19.75348943981582
6705.542422343124	11.661895089474726	5.0	2522.849745189483	19.775394625714963	5.0	666.6653916722648	34.152390986223715	14.0	21.748441501816856
6499.8288285318895	12.072597854211196	5.0	3368.4575177851907	20.0122267143588	5.0	624.1032170908156	35.63649271056706	14.0	26.155557958442316
5361.116210238271	12.039085834891875	5.0	5272.318669400697	18.65442078482527	5.0	598.8890724772758	35.93099330708254	14.0	26.14228928753818
3688.570449904713	11.35470755005043	5.0	7601.173593622566	17.553394749567246	5.0	608.1839648942463	35.32003628712915	14.0	23.40145833797173
4258.591333398641	12.121544818131914	5.0	7529.470729723445	17.579432388102564	5.0	587.9819583220817	35.40605620424432	14.0	26.525073775301056
7836.965248870358	13.565253512792077	5.0	3503.0362846251396	19.104687183320326	5.0	602.9437511194286	36.105736793532735	14.0	27.023787861079015
8835.452781916514	13.622918963761972	5.0	1456.9633331111477	21.837188930712482	5.0	576.812016769147	37.85230005274662	14.0	21.869714456561336
8323.917285604697	13.454358495070922	5.0	979.792368899535	22.954976569932096	5.0	629.0621284688824	36.936056213920956	14.0	23.95827827253883
8394.04463057391	13.359500103536524	5.0	1003.588011723418	22.386113867245957	5.0	671.6376305926663	36.42055483312543	14.0	26.66760427622438
9590.99777229585	13.291475466787979	5.0	722.0197254034748	23.986270842329407	5.0	643.0664771874175	36.92048734457751	14.0	32.47879314536575
11209.921367058443	13.056168472536026	5.0	768.5914275796215	24.635007291513283	5.0	596.3853432150911	40.0	14.0	23.88195809313447
12285.531293164457	12.786623128257169	5.0	780.2354501488563	24.0555252572754	5.0	650.349926997944	40.0	14.0	17.247960486704855
13218.37158796942	12.689946480631253	5.0	803.9205757790411	24.03392871924344	5.0	657.3988562719943	40.0	14.0	25.76903401242508
13514.387029459467	12.60736755915831	5.0	941.0500541078591	22.77275573746645	5.0	717.0768112896221	40.0	14.0	19.605270626082486
13568.211899328639	12.603519147194353	5.0	1059.8575013751106	21.81198209465037	5.0	746.658720716254	40.0	14.0	15.555160825930061
12876.255235532739	12.414150730405199	5.0	1685.1523388392043	20.26231053083339	5.0	784.0841573712213	40.0	14.0	10.8227119164088
11768.257335492934	12.21724244544812	5.0	2419.3169410017354	19.428569845809264	5.0	795.9399777523391	40.0	14.0	12.025684241535098
10562.233303461804	11.919303886219803	5.0	3365.7039240464596	18.70409336170363	5.0	780.4779534886521	40.0	14.0	15.728889888396285
9937.861869338976	11.725618870814843	5.0	3603.11996256465	18.725211975156864	5.0	723.7869543337345	39.7734671347494	14.0	17.066395264366164
9346.359172382521	11.36937514247434	5.0	3901.310170883369	18.869112900046762	5.0	720.8530204940162	38.64810038719778	14.0	17.581569584253124
8189.113665542828	10.986982870582045	5.0	4372.932286077302	18.823453247738257	5.0	817.823290246063	37.24428325139355	14.0	19.294083303769114
7247.094141440314	10.681021065519518	5.0	5040.47401390212	19.22302958503969	5.0	880.9802119673078	37.411191064653345	14.0	18.859715486903138
6780.280802377612	10.57006392303766	5.0	5674.315537897399	19.440918327705067	5.0	942.1016950409438	36.50732577848054	14.0	22.59736740781359
6202.941745110179	10.248607338290233	5.0	7297.80808828774	19.243999995611226	5.0	996.3324381429536	35.41482605408947	14.0	24.554265015469387
5725.800952359581	9.985361465089012	5.0	9202.283175911773	18.699850644179755	5.0	1139.6045876928204	33.24865145598624	14.0	27.1083156315179
5915.637357913536	10.343149263371364	5.0	10301.902817795954	18.227974783541033	5.0	1278.4302106847135	32.19671042103746	14.0	35.38225958954611
6306.222636358052	10.961680587220988	5.0	9781.884918256004	17.72339477740046	5.0	1678.3470240504173	28.6121026734347	14.0	44.3947415919783
7841.095669706504	12.144308967999697	5.0	6795.296688746402	18.440175731303775	5.0	2100.231480756496	25.911386764258932	14.0	45.82547836981256
9289.45336795787	13.018151879215202	5.0	4171.734930472738	21.19671047191489	5.0	2176.607588390561	24.777543549218652	14.0	48.52124008941123
8335.147360391467	12.544988211860105	5.0	5202.283978297138	21.602019995207836	5.0	1889.0763385839991	27.44663576845186	14.0	58.251718995693366
7964.927066261867	12.644198200713792	5.0	5681.755040046358	22.26409196347228	5.0	1774.6410705154262	28.485298500312403	14.0	65.0993789422628
7768.600073737213	12.687863246680331	5.0	6207.729950762065	23.25231363177024	5.0	1740.884774202706	27.564038604261913	14.0	57.3178701824613
8222.348114992881	12.436519131195114	5.0	7036.150266658945	24.378641964891305	5.0	1155.688663413152	31.238415512918003	14.0	46.460208452763744
7961.292266223736	12.100909647719632	5.0	7587.507417088843	25.080942414314954	5.0	695.88861162992	37.096754811809	14.0	31.83439631679044
7183.276573159879	11.613562609213012	5.0	7378.195686253199	25.212192152719297	5.0	537.587389772605	40.0	14.0	18.062570414676866
6468.005209659311	11.424521713679017	5.0	6810.283696178283	25.084645857931406	5.0	539.6465659405301	40.0	14.0	17.620599876760263
5898.118393484683	11.41474819388512	5.0	6082.807966774347	25.068959426027245	5.0	602.400825355208	39.39456868508221	14.0	13.590980520120937
5498.448977699879	11.621968667589561	5.0	5374.823099291413	25.21402038696437	5.0	709.2701313053722	36.95969972915491	14.0	20.129195786860688
5251.163929452172	11.882583125436787	5.0	4698.33734526944	25.428692012535898	5.0	675.4806881082446	36.33646665942108	14.0	25.635303831082233
4983.48245867538	12.187194362975319	5.0	4017.857137509037	25.64084996616415	5.0	681.3122115063162	36.20113433614989	14.0	27.037659896304028
4758.682252768793	12.207437774898374	5.0	3570.6319677054603	25.545481833237616	5.0	685.468260740961	36.15129908500815	14.0	24.699511193914798
4620.4652434629525	12.034219366686097	5.0	3386.9318831563596	25.17682117073839	5.0	763.6700648938594	35.20616869573503	14.0	23.235395125803013
4673.997155454198	12.034647000106625	5.0	3279.728652463976	24.600246546058877	5.0	877.6696021145013	34.81167321026293	14.0	20.349341875846754
4766.191623398668	11.996521135992626	5.0	3184.0663378246427	24.000447775656742	5.0	978.3215067873672	35.167561492889455	14.0	17.80391366864887
4679.287415567512	11.982026155936184	5.0	3466.656722875853	22.896377438278595	5.0	1095.6239427913765	35.273011510718106	14.0	18.66074184307924
4676.451777622831	11.91438241784832	5.0	4061.6015491379735	22.03411220780974	5.0	1175.1590788209326	35.331872487229184	14.0	16.848284860564625
4709.002922666832	12.015460651362378	5.0	4671.526854485862	21.355338575424852	5.0	1221.149567574051	35.34049427760977	14.0	15.317150325082562
5126.730006584201	12.681997405837004	5.0	4707.758000422508	20.988833147476264	5.0	1325.6399767811697	33.74144307440386	14.0	22.985798604621774
5844.661188993979	13.034326144750835	5.0	4675.90848983398	21.207664092969754	5.0	1309.507615347592	34.10236247600929	14.0	22.05699650144334
6352.752159496481	13.139892489724675	5.0	4832.999054526063	21.44498627087963	5.0	1296.8947883721635	33.50318663668297	14.0	21.77354521723746
6618.628937552586	13.255391538625775	5.0	4999.653849132969	21.444912339486272	5.0	1450.891342820831	31.865492018960882	14.0	24.247873861982068
6156.659589743703	12.719868049484466	5.0	6174.412975143136	20.588277759459512	5.0	1531.1921840025639	30.334061684993983	14.0	31.110324530969464
5928.219799214456	11.786457475298716	5.0	7675.817606765903	20.023845027202356	5.0	1667.8508528679706	28.902868848539118	14.0	34.87071260569829
6145.918633911381	11.056208563904836	5.0	8903.17604944558	19.642639812834886	5.0	1771.85563360074	28.28667764497008	14.0	34.73541832446584
7402.428537384288	10.97137839417194	5.0	9627.643700384408	19.922470459378136	5.0	1627.1291840030215	28.742537975545286	14.0	31.32687923565001
8032.200541287795	10.758851329692042	5.0	10577.155375037666	20.046042416120923	5.0	1365.85274796734	30.53578716902618	14.0	26.29091470675562
7919.507647891556	10.38921904650331	5.0	12049.728086518582	19.874267647229694	5.0	1176.2923437132158	31.91481027191389	14.0	19.835017538425255
7901.460546445665	10.352404490696028	5.0	12661.297739011334	19.704122832966576	5.0	1067.5920131420767	33.365058671180584	14.0	15.660015036732055
8073.125696559138	10.56382971624654	5.0	12415.478810799243	19.760916135190236	5.0	973.0912365813746	34.451173960153525	14.0	13.477789137731765
8613.712911384773	10.844977001698178	5.0	11844.170505632515	19.908834951003097	5.0	936.6710153698025	35.294624414381396	14.0	12.351390205354303
9262.859796265133	11.19880705972688	5.0	11072.83956868715	20.134983441644106	5.0	917.1651582914416	34.59039537397494	14.0	16.419327633171044
10091.765258276588	11.672555298966516	5.0	9846.415145422234	20.537299640664752	5.0	939.7427640747201	33.44837888055378	14.0	24.829762884693633
10418.10991551806	11.85555855959876	5.0	9287.688313709295	20.67827683409347	5.0	982.0129737208771	32.457025726558875	14.0	31.745614056034256
10566.911529507695	12.077186052241206	5.0	9083.373165013807	20.79237407243538	5.0	913.3003742282749	33.558658312529595	14.0	34.29657616176874
10061.067943864451	12.208527310878791	5.0	9232.697946680648	20.616434632574823	5.0	916.347859208147	33.41319454265896	14.0	34.10969066714618
9081.422592243021	12.315990135207345	5.0	9745.388197002832	20.347543818233955	5.0	866.8213375487527	33.05230084516708	14.0	43.906071445711675
8838.360262326076	12.65611750729016	5.0	9899.597521702908	20.237711127122537	5.0	816.1860525717843	33.47948367109404	14.0	41.52859156803788
9220.703159506074	13.037388128972777	5.0	9806.898967054845	20.141654442733834	5.0	780.3696288642109	34.11596779149748	14.0	41.58138265155461
9560.506001642685	13.443073592859053	5.0	10247.490483970558	20.155134053214695	5.0	754.0564396955953	34.2972671622317	14.0	47.78788788972023
10722.039355549161	14.073378574112786	5.0	9923.30713721034	20.311930400609175	5.0	714.8626156819297	35.48140288226076	14.0	52.39537955370129
12069.740912732374	14.79935480611156	5.0	8966.85201911751	20.35395186835384	5.0	675.5363789622373	37.570121322441885	14.0	55.07065638714355
13084.138484660309	15.37484746034989	5.0	7745.437122773125	20.2832674200125	5.0	679.8960007726458	37.56697640902184	14.0	64.05765160290792
14000.084114121873	15.91562699603399	5.0	6712.067477373485	19.884035047689856	5.0	702.6047918704778	37.04808278852718	14.0	85.57671797828819
14146.08999908459	16.259928596393227	5.0	6602.055295012201	19.20894387962684	5.0	659.9636539379751	36.009415322440816	14.0	122.45716796248166
15809.74829506589	16.577106472500464	5.0	5493.238324441503	19.249664355805688	5.0	499.08632472642745	40.0	14.0	156.83415506438516
11916.197061020941	17.189473549591543	5.0	10081.309531020714	17.189469337634993	5.0	471.75014078633853	40.0	14.0	173.81492777199645
0.0	9.89577581944934	5.0	22927.515226614312	17.145850739017447	5.0	457.86596747156824	40.0	14.0	167.74360080945937
0.0	9.89577581944934	5.0	23774.04317934527	17.141488276383505	5.0	486.16275372211555	40.0	14.0	143.36169073224872
0.0	9.89577581944934	5.0	24361.28141179705	17.26244258325952	5.0	504.8692011322818	40.0	14.0	111.27091462525648
0.0	9.89577581944934	5.0	24850.962579461546	17.427308063421297	5.0	510.80669431789147	40.0	14.0	83.15560388915131
0.0	9.89577581944934	5.0	25322.05570369234	17.592675118847843	5.0	487.58984133002616	40.0	14.0	76.62285104605272
0.0	9.89577581944934	5.0	25710.08186975006	17.669452199753298	5.0	451.12508817731975	40.0	14.0	78.58835820765007
4805.022331580734	17.701399244714814	5.0	20235.647978001238	17.70122113498461	5.0	472.38944678225516	40.0	14.0	75.54285157284465
4688.949718029293	17.5947859060548	5.0	19916.514644763814	17.594795440603125	5.0	494.6421357947397	40.0	14.0	76.56201772694105
4672.701628043607	17.432487932423236	5.0	19795.98846563329	17.43203974621104	5.0	547.2439842617929	35.72190692735541	14.0	85.4056193447093
4204.70155981276	17.289362728570033	5.0	19443.781095619892	17.289095583473685	5.0	908.1483395586085	25.35440974554617	14.0	86.86124662795588
13154.122286283146	15.71451168972778	5.0	12811.091850035382	19.104124151911282	5.0	465.7051671924524	40.0	14.0	74.34721826178094
6948.808602493463	14.005247817311107	5.0	20381.991064335234	18.77257488071925	5.0	417.73257701399166	40.0	14.0	63.50293094088954
7140.093791165295	13.687017218537884	5.0	21199.302186775752	19.15781193934124	5.0	374.34727334796526	40.0	14.0	60.31621299057917
5646.3890107340585	13.292799701373365	5.0	23180.489837177083	19.257835977290505	5.0	346.596089172374	40.0	14.0	62.02025928111282
3645.162371969388	13.155485692396145	5.0	25370.60478395511	19.2513482033258	5.0	338.37483831449646	40.0	14.0	65.9163963815671
2063.6167727096617	13.100365850614326	5.0	26398.978474719715	19.389571230842762	5.0	342.61437596524354	40.0	14.0	73.25201742526941
440.3116632405199	0.0	5.0	27513.248641628215	19.404092357184282	5.0	394.34876873602013	40.0	14.0	42.25343729367555
0.0	11.162446652882727	5.0	27507.419245191195	19.717864790906205	5.0	292.53808725591153	40.0	14.0	77.10888740593218
0.0	11.162446652882727	5.0	27796.771778717244	19.993739988257246	5.0	213.8565643452798	40.0	14.0	52.24734751269034
0.0	11.162446652882727	5.0	27667.817926175907	20.188509751129555	5.0	137.46700790175603	40.0	14.0	37.222271341002156
0.0	11.162446652882727	5.0	26695.72927865844	20.247963843275073	5.0	123.04603141668781	40.0	14.0	25.43607481972669
0.0	11.162446652882727	5.0	25069.780623900093	20.323881783254294	5.0	150.02517680965806	40.0	14.0	15.291445186136672
0.0	11.162446652882727	5.0	23310.67085997262	20.495118397945433	5.0	194.201336123703	40.0	14.0	8.18287874609957
0.0	11.162446652882727	5.0	20967.633983948523	20.74577930694971	5.0	231.47751422331868	40.0	14.0	12.460298439103298
0.0	11.162446652882727	5.0	18857.978080854515	20.973547860800135	5.0	267.6979588902849	40.0	14.0	25.21110490245451
0.0	11.162446652882727	5.0	17809.274329029548	21.238438509072854	5.0	292.44307126779336	40.0	14.0	38.64526735055354
0.0	11.162446652882727	5.0	17934.962379140412	21.30221591897222	5.0	346.8073684243048	40.0	14.0	41.64686235966625
0.0	11.162446652882727	5.0	18321.370967698804	21.229318093469907	5.0	315.0808941250664	40.0	14.0	50.629078121332164
0.0	11.162446652882727	5.0	18601.266854930433	20.996564011430962	5.0	315.6443226903237	40.0	14.0	38.44076690388034
0.0	11.162446652882727	5.0	18372.79390976927	20.75913954873731	5.0	310.2838919270792	40.0	14.0	26.871447283746303
130.23659436505272	0.0	5.0	17901.87951728163	20.54326405032053	5.0	377.2620081255043	40.0	14.0	1.8764748800304034
133.29267445188165	0.0	5.0	17347.951665613065	20.426320841203673	5.0	433.7158856064243	40.0	14.0	-3.4128682608001446
134.46466295345843	0.0	5.0	16949.205819063896	20.448136361821454	5.0	462.25902914291777	40.0	14.0	-8.30843193698273
127.00602575438523	0.0	5.0	16326.347521466309	20.577374316249745	5.0	484.21111327545856	40.0	14.0	-5.540012962712832
119.3374602003585	0.0	5.0	15993.446176086496	20.724731226227735	5.0	502.60563395619135	40.0	14.0	-3.238879030596521
140.82416175804423	0.0	5.0	16013.470217590177	20.964196624524973	5.0	490.4363124984794	40.0	14.0	-4.151928321471936
177.63432065086172	0.0	5.0	16094.361395032964	21.17839421472616	5.0	475.47202795614874	40.0	14.0	1.892879688441567
253.26195958824908	3.398474638752783	5.0	16463.68949661928	21.338702955070858	5.0	460.0345780650083	40.0	14.0	12.194589917539181
426.719093202369	6.134175596986852	5.0	16937.50355965662	21.381736567823356	5.0	437.75566871350185	40.0	14.0	14.195874849776025
568.6694560247105	6.896501038352379	5.0	17351.80332695904	21.289614987557666	5.0	483.99615712464885	40.0	14.0	16.041641524927826
630.6418746628066	7.26732997823811	5.0	17211.965073476294	21.18035854182689	5.0	532.3867110766872	40.0	14.0	17.095396573089396
659.1156454926257	7.956903762227427	5.0	16923.75927230772	20.9884753422682	5.0	608.1924060049907	40.0	14.0	17.134164426812074
691.6972539958024	8.364268330938481	5.0	16677.510671515134	20.67559333778598	5.0	672.9780968311678	40.0	14.0	17.963441780664464
625.8248442886276	8.137635219569306	5.0	16664.254711968282	20.232207029112633	5.0	697.7913991912736	40.0	14.0	23.029578269062743
407.321072046419	4.704054385946108	5.0	16530.424539666885	19.78314669266743	5.0	768.9683880654351	40.0	14.0	18.762966178473093
363.34545336002174	0.0	5.0	16514.140788947203	19.558911156730026	5.0	803.7810633569811	40.0	14.0	1.8914679521980167
0.0	20.0	5.0	16200.523322034582	19.601287888745293	5.0	949.679403560367	33.381607938191	14.0	26.039624786295143
0.0	20.0	5.0	16254.691188838384	19.718679620276966	5.0	1022.735827903936	34.25380016524444	14.0	9.726755195601555
0.0	20.0	5.0	15855.35695939603	19.75392558714605	5.0	1277.1356521550329	33.113791386818164	14.0	-9.158434179426685
0.0	20.0	5.0	15741.22365028657	19.613757283788363	5.0	1335.3265602647862	33.04435837964733	14.0	-20.3129859012235
0.0	20.0	5.0	16404.367534769528	19.46941875377269	5.0	1072.3369314476108	40.0	14.0	-23.274138001276444
0.0	20.0	5.0	16673.581351584937	19.314325624990172	5.0	944.6748560052456	40.0	14.0	-28.938091895946176
0.0	20.0	5.0	16842.749832955546	19.245778784601416	5.0	836.7049974262436	40.0	14.0	-34.38455630706553
0.0	20.0	5.0	16886.557788188296	19.18903764799619	5.0	688.2951999492421	40.0	14.0	-24.101720621467212
0.0	20.0	5.0	17002.888892956315	19.203201917957518	5.0	582.351177849872	40.0	14.0	-22.793724400847182
0.0	20.0	5.0	17083.555431146862	19.188358282571684	5.0	545.797452195813	40.0	14.0	-12.72183306957249
0.0	20.0	5.0	16706.020601871794	19.12625736590357	5.0	508.6655009374901	40.0	14.0	-3.581041242527695
0.0	20.0	5.0	16336.91341207905	19.22652839922445	5.0	463.8519837609368	40.0	14.0	5.288424392027247
0.0	20.0	5.0	15627.956753917777	19.40321059405725	5.0	467.20484532520175	37.23474710823892	14.0	17.920579639098815
0.0	20.0	5.0	15314.664777858396	19.718859077651857	5.0	495.0533070912841	35.94027216719558	14.0	20.825005140716144
0.48253764972746915	20.0	5.0	14728.310220597356	20.127009560357987	5.0	597.1021355750825	31.861790909072003	14.0	31.36056884752212
0.0	20.0	5.0	14039.387290443474	20.60105826995743	5.0	805.9483920747659	27.132013115132008	14.0	34.53816294107238
5730.809917961212	20.0	5.0	7672.632696063285	21.77306493022447	5.0	914.4731768442314	25.24127215946091	14.0	34.45581058842924
7876.655629551967	20.0	5.0	5313.603997371877	23.589860069292584	5.0	804.3381647559819	24.580895913464538	14.0	40.115030793003555
5106.27987851898	18.767037262209055	5.0	7613.5480861442675	23.54830808493965	5.0	729.4673535663417	23.494465907185813	14.0	37.78310361944521
4459.527326269076	18.168325400939892	5.0	7550.2803314804405	23.74237863642781	5.0	730.4517399394531	23.37544297419892	14.0	31.793530511210815
4439.3555849960585	18.279725841102614	5.0	6500.928056936701	24.139533815769358	5.0	691.0135049856124	22.662442732842777	14.0	26.4635371878407
4546.386560473816	18.477454448064027	5.0	5517.741441114031	24.42625856032422	5.0	704.2793405832622	22.587797540060393	14.0	19.920732093632488
4312.030251114569	18.218206507281458	5.0	5362.446754214722	24.560057808912422	5.0	686.6228344122621	23.67761454633922	14.0	21.928181497236785
4233.530266222291	18.279600472344516	5.0	5730.477963721149	24.249510572142746	5.0	747.1205912256752	24.698595529505223	14.0	18.90890829381483
4916.121870553699	18.570809279721207	5.0	5306.778438352555	24.69803000569501	5.0	700.515729503864	24.782351137570338	14.0	20.518550961385113
4749.287778927342	18.413683401351225	5.0	5450.961589182174	24.479529231032167	5.0	746.5625043551197	24.612462776560243	14.0	18.008246498622018
5393.6276783190315	18.45892400101728	5.0	4937.3162679626475	24.53804643328107	5.0	758.0003795528165	24.92723852305465	14.0	18.877695334691587
7277.7199526871955	19.204749830800527	5.0	3396.8752293896305	25.099996464468315	5.0	849.8574854170688	24.337241702664333	14.0	17.724171521280677
8627.760363117693	19.361548753426145	5.0	2374.7678128770194	24.89037388828587	5.0	938.8947403628918	24.66798816817164	14.0	13.092654642894832
10348.269253823006	19.3664632407608	5.0	1266.0874014122924	25.962949925842327	5.0	891.3578263604634	24.58314688815124	14.0	20.032995909143963
11671.486489572035	19.53241418019602	5.0	562.7209753596159	25.723505330414348	5.0	977.932092789731	24.460737793289344	14.0	19.89307267332777
10530.627769369383	19.11127565129619	5.0	2162.176400043699	21.920091576777384	5.0	950.3817381657896	24.36305832408555	14.0	21.7072864655169
2497.3654538350747	17.306831884185204	5.0	11104.339885642323	19.93026487052057	5.0	861.708852294124	24.246650958868	14.0	23.684089943289337
2563.8356819899805	16.219010174790792	5.0	12035.631403386573	19.97319753720162	5.0	764.509277708	25.427266000491997	14.0	28.932733409032107
3920.9931427631896	16.793881740228134	5.0	11215.297229866168	20.082537650664797	5.0	712.2548952233318	26.62321418562899	14.0	30.05515917146278
7510.713254980659	17.538605899013643	5.0	8051.619856320354	20.574957228660438	5.0	709.9451950623653	27.865448966318468	14.0	29.02594986430029
12138.317351032847	18.05247294772871	5.0	3815.584176621434	21.787041936203032	5.0	597.1112257654063	31.05829842200071	14.0	32.98020516752271
14333.559932986878	18.109945204379574	5.0	1619.3716996651804	23.58333765092087	5.0	558.9803364930411	33.2376451943938	14.0	25.93087827563353
14782.034003115972	17.946209760148047	5.0	946.6318370325796	24.88078251963086	5.0	522.2204959474225	34.47656509857276	14.0	24.70663689480709
14446.625675596857	17.92391954999231	5.0	808.1129920533101	24.49288381536974	5.0	517.2075910676509	33.821131743804884	14.0	28.318320936586694
14280.68618276808	17.837000615474842	5.0	616.7543309430591	24.194578936908062	5.0	534.5164518077906	33.23739295689977	14.0	27.952833034632523
14048.990594584138	17.74572286872964	5.0	695.815063020484	25.624642299768663	5.0	450.17766526992085	35.29165533429395	14.0	28.16898089223013
13515.9889274523	17.548258485834914	5.0	1010.5744402800603	25.545904213003123	5.0	431.7019509377818	36.40123048098517	14.0	24.73434361378736
12779.71164410467	17.273882430103093	5.0	1588.4691141449791	25.689338699274643	5.0	396.3815876222153	37.35598497807232	14.0	22.022609764295666
12132.18507396861	17.08966637825057	5.0	2114.0731265015934	25.47717074221347	5.0	413.35047228039986	37.97543903975901	14.0	16.75626569425794
11340.503002732708	17.141145745307007	5.0	2896.819648690798	24.397053654623985	5.0	465.578109814124	34.50940404790376	14.0	23.475900058707506
10283.061619564269	16.968811098420918	5.0	4192.640519632538	23.022711034875815	5.0	447.6327657272145	34.378353180503694	14.0	26.714197004809506
7662.985603028293	16.449917755974234	5.0	6798.2009431607075	21.128938777350008	5.0	469.4489492832354	33.45864016552149	14.0	25.11441179604374
4073.9918251701156	15.280087564662873	5.0	10485.290815912811	19.887446255193762	5.0	457.193308763825	32.87162584665243	14.0	23.958498366400452
3527.854174619171	14.972408153377062	5.0	11377.765388343338	19.673442313978924	5.0	398.840992505243	34.75595019762016	14.0	24.793336384279776
2522.3372159510795	14.310647818682146	5.0	12502.813333887712	19.255399045952174	5.0	440.90033374973956	32.894378826974226	14.0	25.825070847256068
5232.740394209535	15.87062591105456	5.0	10009.981408753369	19.683962244389807	5.0	440.59203949716	32.2731318753953	14.0	26.175893830306393
3856.790328330786	15.317027580418822	5.0	11309.260433257115	19.43581434961381	5.0	543.0753999827618	29.31865918784025	14.0	26.75868847420799
4117.034326828334	15.038093925632136	5.0	11130.070442799142	19.815034349917134	5.0	457.96351851039157	31.914860529135716	14.0	28.726472361961367
3672.335562172114	14.822344833618105	5.0	11084.859515358547	20.040570928822977	5.0	508.7934222441339	30.51809036991963	14.0	28.769758573283077
4084.230134447	15.17536135846825	5.0	10051.605767986453	20.40192370308476	5.0	552.1793217566566	29.331924574253932	14.0	27.491818790065533
5113.540279604333	15.995400682235685	5.0	8050.268795110958	21.153960985523856	5.0	639.5122733668776	27.07714547942452	14.0	27.539156571133915
5425.481769895149	16.283952659868742	5.0	6651.403178422235	21.826870802644553	5.0	751.3998504253893	27.063370147017324	14.0	22.276405402533758
6700.4477062090255	16.783151668233096	5.0	4464.338851057421	23.77646736983129	5.0	824.1757441659478	26.473166227180606	14.0	20.241285601724645
6352.373997721716	16.44875710883662	5.0	4014.9745365122785	24.886216943494603	5.0	860.7037204654378	26.62828587052662	14.0	17.52441662274278
5972.700321786732	16.065782779415017	5.0	3874.9391762973473	25.34784976826008	5.0	873.7989342818153	26.771440331022436	14.0	16.95763339696691
5581.827603360923	15.98414386830016	5.0	3724.263891610422	25.384863743686587	5.0	1017.694483828738	26.024661729889825	14.0	12.776353541845003
5229.940528909389	15.851261800085258	5.0	4256.4745697843555	24.209457070474055	5.0	976.9580914068274	26.51189579340816	14.0	11.046275621039582
5271.758502437754	15.648304596127394	5.0	4837.33717994864	23.122551509886033	5.0	794.8241979030948	26.810273064041887	14.0	16.597357669536258
4638.1603736582265	15.075600333209872	5.0	6226.673902120963	21.949135860048802	5.0	516.4874643166903	30.428977155025063	14.0	21.10189845455714
4417.191243459536	14.941397127484462	5.0	6806.132767806257	21.544667050710494	5.0	332.8575208652761	34.0116724279479	14.0	24.158655715763132
4230.748040284658	15.020262624733379	5.0	7048.201989063562	21.469736503023984	5.0	252.9888784820127	37.92580633863466	14.0	23.55908607968898
3012.342005845048	14.419789796074616	5.0	7790.166747940523	21.010031487196898	5.0	282.6246620892239	34.09243494773257	14.0	27.310441148196457
2709.543406782948	14.084129414021431	5.0	7622.196712557922	20.971226130418472	5.0	323.0548212985536	32.53947633328479	14.0	23.93797176082982
2175.533760440523	13.83394154848347	5.0	7562.268736005804	20.75130431237124	5.0	292.26866472062187	32.43224564232448	14.0	27.476764225742976
1723.7230318140173	13.484502853251206	5.0	7299.004478221982	20.254735432021544	5.0	339.0580324365869	29.854606468115968	14.0	27.21573678016205
1080.1089120181832	12.449774367122883	5.0	7507.101689484833	19.751791072735923	5.0	347.9602606831246	29.08471974202253	14.0	24.2791590043321
1126.1334720695247	12.458108843727585	5.0	7072.0156549850035	19.746180031412628	5.0	293.3739781028379	32.46087432152672	14.0	24.376058754428474
1432.5948720878773	13.852898524519176	5.0	6445.246504609191	20.040672334465512	5.0	292.0822975353426	30.934412335282037	14.0	25.052103795139185
1377.6852458318174	12.817220654725789	5.0	6549.851711485853	20.373482636888973	5.0	240.06229195867948	35.30036875657796	14.0	22.33664401851084
1564.4415647380904	12.643015597407103	5.0	6204.844972616014	20.924217440009706	5.0	217.699041746624	35.47681623083609	14.0	21.333944859227422
1755.647441750067	12.790758478020061	5.0	5862.545858014454	21.31976655342714	5.0	176.4075290785386	35.65567796175871	14.0	21.439020839046403
1770.3563094432582	12.67345237542389	5.0	5799.440268738921	21.74516153921887	5.0	167.90264620040134	38.39761837412021	14.0	18.484358080530416
1921.9202085018358	12.943527273048694	5.0	5289.3426486985745	22.31807569689489	5.0	163.94659823957824	38.885827068219655	14.0	17.617060653945366
1892.1657459422008	12.835234300949839	5.0	5049.53048599322	22.4453833253253	5.0	190.7476844615297	37.74378493730123	14.0	15.606745884389285
1922.9785309647345	12.903976132569765	5.0	4830.981930895839	22.74153102318537	5.0	219.75714865904257	35.92448941045007	14.0	15.444379430672772
1800.6620754808848	13.02339646873095	5.0	4687.839091432804	22.7286471209287	5.0	329.51295188718524	30.44519429744878	14.0	16.800257451799897
1769.396636568169	13.0674656737439	5.0	4596.704665300885	22.73605504243789	5.0	379.13015550932397	29.22436293116605	14.0	20.06661375897895
1772.2643744205893	13.381620678415423	5.0	4292.747869798122	23.078780138061596	5.0	432.5283760873627	26.502492771009166	14.0	16.733617894977844
1898.1473611656543	13.188541952766453	5.0	4267.55983670058	23.180966950066296	5.0	287.0670701222012	31.52003910649466	14.0	14.210314243117706
1759.3061650664383	12.915587659847898	5.0	4074.4857585705063	23.30728736458766	5.0	263.5936927791711	32.28012474425804	14.0	15.63957678633461
1536.3360975675712	12.897077592137189	5.0	3755.1515869992113	23.115395450182607	5.0	357.1266139212515	26.395144021110006	14.0	17.00221595563373
1407.2993926997813	12.363034252577267	5.0	3778.745158260374	23.01169510272073	5.0	337.58957310632456	27.505690055529058	14.0	14.483279455845668
1538.4161263292444	12.04410305735701	5.0	4073.1342030747346	22.88985991567489	5.0	236.86051661707899	33.411655154484905	14.0	14.782412164887969
1347.279815649188	12.218225266035047	5.0	3839.2002270273965	22.823863538747926	5.0	386.7684754835868	25.756964077901646	14.0	14.366230295298315
1481.0657247832073	12.12003793973911	5.0	4172.615802917785	22.991034237756985	5.0	271.75693583027515	30.620980149448396	14.0	15.801816581992465
1647.8917843032755	12.411561561216242	5.0	4078.700911788982	23.363274817500727	5.0	243.28529928707388	33.36182154261238	14.0	15.783045577206117
1636.2068250471264	12.15939141464462	5.0	4155.2824442275705	23.477239502908546	5.0	270.6773539264449	32.65499417863453	14.0	13.707382047311789
1547.2418268273245	12.002399419050413	5.0	4084.7479137639284	23.12683290168302	5.0	352.74440642799743	30.471337801355986	14.0	10.621094742791279
1505.7252798993836	11.914816960853193	5.0	4163.682352450381	22.924234870804767	5.0	383.6601482001716	27.890805977136246	14.0	10.865922690136449
1469.941864832744	11.565458673865297	5.0	4178.163594177569	22.743168766021647	5.0	359.495665490501	29.469366756005822	14.0	13.098691078782467
1421.8591340822406	12.071000849542173	5.0	3636.922532272609	22.784244089927114	5.0	408.40696388488874	28.846458788565442	14.0	8.387112531639092
1152.3943436633813	11.779981351489726	5.0	3249.798728272725	22.61140736189133	5.0	474.7850375188458	26.874326420944566	14.0	12.136586506852373
1110.9056469412105	11.732461387975553	5.0	3182.1311383390716	22.583298925641788	5.0	413.6565169219224	27.343842267201104	14.0	11.21259611476787
1007.2171799615812	12.202134700982723	5.0	2948.6279112462157	22.70757563553231	5.0	478.0013611419751	25.13930831425448	14.0	9.408688344365958
1098.539359179952	11.832854561671128	5.0	3119.3409148108194	22.94876038462531	5.0	352.10011461867936	28.102597997167717	14.0	15.3008604264506
1091.2446199982044	12.35269222882579	5.0	2953.0976800645817	22.99021705199099	5.0	361.4060338017402	27.665601336949287	14.0	13.863098248299996
1048.1012017691867	11.867742067059824	5.0	2993.4261114425935	22.850238802728082	5.0	347.2426220325032	28.4514781621576	14.0	12.522592091983348
1064.9111605583498	11.628140826887384	5.0	3052.6597462146924	22.961945643060474	5.0	344.26273892113005	30.52130171947762	14.0	10.63857981619901
968.7704718162045	11.816547259086514	5.0	2915.528074877263	22.85781229259355	5.0	440.99157849788753	28.356835553552976	14.0	11.722836543211795
1025.7559490298067	11.890762865564627	5.0	3144.1231744213073	22.54259113219922	5.0	415.7777174767153	29.077327049289647	14.0	16.887136991747848
1049.570008329564	11.633184897710796	5.0	3450.1157334083555	22.053996423285902	5.0	403.1659522641601	30.83200329069854	14.0	14.53635301468868
964.2747492439576	11.86670136644416	5.0	3367.708215059099	21.732058584927	5.0	519.642251866773	27.66950727266242	14.0	15.652167774155519
957.5121275491333	11.385032636484748	5.0	3532.677837077208	21.343299841285855	5.0	503.4082331680893	28.25044069322865	14.0	17.55215975761905
1010.4457734304605	11.444802224686985	5.0	3557.156120305518	21.262344641089737	5.0	495.4342486895135	27.535122641492073	14.0	17.161942681622925
1190.9661971470816	10.478696434760755	5.0	3963.2873845557297	21.332227722886408	5.0	375.85506907647857	30.109188669977815	14.0	22.546891637443853
1252.3376308081781	10.732751934806345	5.0	4197.481157223802	21.25753191222825	5.0	334.4984134978119	29.915983974002266	14.0	22.848871349818403
1229.7446604506167	11.515497347248207	5.0	3791.6756934292866	21.33913032532757	5.0	564.0221700176087	23.595004401521887	14.0	19.104810539809712
1302.9547757383978	11.712621977364568	5.0	3912.8612846925207	21.387782921030247	5.0	488.9724200000695	23.853961111329607	14.0	21.970782821159332
1294.0870130791266	12.13542866843568	5.0	3560.413479117877	21.436678209954785	5.0	518.6250581967332	23.11524574458236	14.0	16.6270017883669
1214.5772749448622	12.834631366749223	5.0	3291.1038820188596	21.580657569469786	5.0	595.6821835485188	21.562126535308224	14.0	13.823979917891599
1274.118959503294	13.645740870238063	5.0	2925.3444383194874	21.61284520529725	5.0	647.0802389805953	20.929820484074483	14.0	16.32854616487768
1183.658406853991	13.04041845785115	5.0	3049.391509730961	21.320314769686327	5.0	576.908748387722	21.229969233832996	14.0	15.459828579083197
1281.9076428499175	13.11632144955197	5.0	2762.813138449533	21.71598953844073	5.0	617.0749877407404	21.985802115935837	14.0	12.513964231953869
1215.3793285487905	12.821469155922356	5.0	2832.7746115199425	21.62365431491637	5.0	582.4875179756863	22.537710030450913	14.0	11.04798601207964
1341.2078076956523	12.81105915043803	5.0	2641.325570917632	21.76987285144488	5.0	584.999676304716	23.82290472248511	14.0	11.44215015547276
1065.8886076693798	12.760261622437735	5.0	2573.419054152714	21.666132642253192	5.0	653.1082518132378	21.671931930091578	14.0	7.961943477201799
1076.9419446411741	13.576929230549888	5.0	2329.35487260991	21.74079656293804	5.0	754.7627278480248	21.525634439028664	14.0	3.5848727998564667
873.462497390736	13.15639172130176	5.0	2369.5256657248424	21.68146682157074	5.0	830.7405174450361	21.057828039720306	14.0	2.59328746392849
969.2736210664774	13.659945628969473	5.0	2138.9755948774423	22.13884972191325	5.0	868.0056899162449	21.232892669037483	14.0	0.10285906422421416
796.4463099724926	13.163474196535335	5.0	2239.373914777362	21.938724246176136	5.0	896.7576098608062	21.974767795309415	14.0	0.8093364531738416
1110.8552327898449	15.034069770815817	5.0	2055.5510152973743	22.741993227252923	5.0	879.2510267214561	22.310031267047417	14.0	4.51223416264992
745.3618462451426	12.8133066534627	5.0	2459.17834088323	21.839252361057238	5.0	848.2953196142416	23.68381908369904	14.0	7.598922007561974
732.6533622839563	11.613555479247557	5.0	2711.1290712581217	22.06369688722849	5.0	736.6749766179867	25.225289213439684	14.0	6.780499400879299
761.5202139197647	13.744999249938015	5.0	2437.062565124175	22.472115011752162	5.0	827.2202134617125	23.728265351879546	14.0	5.147377136533022
800.6448965622283	13.252899776238865	5.0	2541.7978842237944	22.73723557226543	5.0	761.7261587895096	24.079018249181274	14.0	5.944996918251462
850.5632549564353	15.120933883866167	5.0	2144.627061683384	23.243414871650213	5.0	830.1734945857388	23.42880956010236	14.0	4.006377999201462
569.8421330931014	14.033224550376223	5.0	2332.6919544926723	22.804842393611697	5.0	841.8583127724106	23.194949227156826	14.0	2.718687015542933
632.8261807084216	12.750667362841474	5.0	2306.917712021878	22.642671079275143	5.0	812.7399833603197	24.06268619805858	14.0	1.7533292786082173
615.1904387053597	12.335282502709463	5.0	2257.374408908544	22.578840970885704	5.0	849.3442463787883	23.488406503248296	14.0	-0.5661172813410618
634.3789445823699	12.283592949607135	5.0	2327.779249633042	22.86201274428132	5.0	858.6511572538649	23.961666858257203	14.0	4.855391589430152
721.8322258195633	14.73290037553183	5.0	2029.9891850768329	23.244233400395633	5.0	952.2555248982208	22.72445015890498	14.0	1.0268999373112426
664.8462648237903	12.390704897545573	5.0	2397.1692961057915	22.522710837662576	5.0	864.6064238923376	23.99792395974921	14.0	1.9502459274488477
522.9646947906326	11.368586718189963	5.0	2372.1589424215254	21.957448800163828	5.0	922.621006534437	23.786834866627935	14.0	2.955153268390034
605.8886377477052	11.250889235214688	5.0	2298.4688987775103	21.905792297200012	5.0	906.341065947112	24.149910892992967	14.0	-0.25040455227796055
646.0124391065187	11.06710580790532	5.0	2417.4664730792933	22.163645687535325	5.0	846.189059658045	24.06757945393524	14.0	4.206263958068554
683.6194791874343	11.467227072392278	5.0	2354.336450053927	21.793524002795102	5.0	933.1081301689576	24.15603710609465	14.0	3.9100247576547673
617.7294433460034	11.711237182355822	5.0	2223.0850549860957	21.981190375687916	5.0	956.6157157316555	23.823746467763915	14.0	2.058388816649017
684.6629842146737	10.616514056483533	5.0	2283.762395423906	22.32437807479126	5.0	888.9864529553577	24.23538922060955	14.0	0.36678367868126754
706.950125071268	12.626244324174644	5.0	1844.789798138416	23.218904964877673	5.0	967.340537335729	23.924409556494105	14.0	1.5016836624319634
826.3585206483159	13.303855354935974	5.0	1719.9242446098233	23.192797226436635	5.0	949.6207845701489	24.194910253219973	14.0	3.045248949083632
667.4556690548523	13.811370179776683	5.0	1595.1857938733274	23.098595681638713	5.0	1028.3437284450897	24.005448128954598	14.0	0.7749653592739132
595.9529557204906	12.349355598778677	5.0	1712.9445530161574	22.204799776159707	5.0	1046.8587479463708	24.477428844962446	14.0	-4.7923659714719165
982.6351370716943	13.640203375733895	5.0	1693.898107781637	23.278663222232417	5.0	893.7472479333672	26.101832713204924	14.0	1.7893822450960286
755.4033291932593	12.740541682074856	5.0	1800.998749507069	22.785965910564144	5.0	1011.4868705799691	25.692956823746794	14.0	-2.1936711222345373
775.6896222094163	13.079142479313104	5.0	1796.9228776129573	22.78718391293639	5.0	1056.9398393923454	25.760950338385975	14.0	-5.7441203926191395
970.4252289771741	14.518505392312663	5.0	1575.0982063573692	23.792907053601628	5.0	1137.5194043253302	25.03292859009758	14.0	-2.6525281029793555
957.74108980073	13.128517205341735	5.0	1811.2153655494262	23.46532625529413	5.0	1039.7650554008358	25.394179936023754	14.0	-2.8569178324445548
1026.8491810102169	13.720209833512056	5.0	1675.2670425341203	23.263121470770656	5.0	1068.6861693554097	25.270991246452017	14.0	-6.612695437037642
946.2010834048632	13.229399557461102	5.0	2098.501279500716	23.51259013941267	5.0	992.0723459939112	25.42715845377444	14.0	-1.6185536991409184
1127.0573093735086	12.801525293481845	5.0	2215.443938829084	23.641751191590853	5.0	863.1599366050178	26.864822878955778	14.0	2.6850794028483427
1082.654909208975	13.581268966030395	5.0	2202.7772503855504	23.60116853213358	5.0	878.1075067585805	26.69102268349553	14.0	4.3333662057515365
1065.9782053744495	12.415477427479143	5.0	2657.625144671614	23.34024332597764	5.0	693.4219498660237	28.11603203480873	14.0	8.670237880329015
998.0004436271827	13.207499763707808	5.0	2295.6896605755287	23.544492781728255	5.0	790.4672438784768	27.23291035351201	14.0	2.150269937006249
993.7642588972346	14.289044893793378	5.0	1926.1880856742687	24.011672618933964	5.0	886.9086842517331	25.921705425072602	14.0	-0.12007043701204562
948.9000247080684	14.207889377543863	5.0	2126.4986772051807	23.484073392154347	5.0	801.8251785413439	26.09295741621143	14.0	3.711975147504891
1029.624584770127	13.639676295089018	5.0	2194.589696898428	23.82344877855559	5.0	673.0655502320753	27.35794156115761	14.0	3.639905675435896
