amplitude_0	mean_0	stddev_0	amplitude_1	mean_1	stddev_1	amplitude_2	mean_2	stddev_2	amplitude_3
769.678518157491	13.238322911458654	5.0	643.1773491915383	21.520700134065798	5.0	288.09590128092634	22.883854412249907	14.0	-2.955141951247267
580.6313821463906	12.769521832235087	5.0	737.064258919121	20.166210689952898	5.0	318.3013293152764	22.420080282714366	14.0	-2.992769958475233
609.3595637400203	12.642883112343997	5.0	744.5074882017562	20.48117002433504	5.0	281.2185059176326	23.13285957678158	14.0	0.08190491952399838
633.230532476454	12.838724236042488	5.0	742.9198462793099	20.70655346228943	5.0	276.08883991450244	22.563456290306448	14.0	-0.6513387997115055
627.8536525916079	12.110027460683327	5.0	844.7561711617561	20.311770262207162	5.0	254.65443898946393	22.990737154107705	14.0	0.4302461970230726
680.1029088580045	12.60481997947881	5.0	810.7976877622743	20.22594457196759	5.0	272.6192077417875	22.679748262584155	14.0	0.8337728657239079
710.5631428550498	12.955885448610703	5.0	813.2930925821714	20.132906974332478	5.0	262.2220290499129	22.337904878600757	14.0	-0.3692633414866496
729.3906981894976	12.821589154772349	5.0	859.7362538085774	20.393242429508877	5.0	243.246334125114	23.065571456284854	14.0	2.1601242598509396
720.5731759931053	13.362127892472936	5.0	825.6715576150744	19.528608439962365	5.0	281.17952151227274	22.273769165614645	14.0	-1.3267817888680307
663.8334016849001	12.71666612841213	5.0	977.9259399762744	19.486090548403038	5.0	246.34468073905234	23.0845086165814	14.0	0.4970534168573542
480.50450752745553	12.436899327548277	5.0	1084.0843672307074	18.947329793439167	5.0	283.3901074032138	22.001697772759297	14.0	-1.255678556259355
335.48390812199597	10.53651209648112	5.0	1299.20094239584	18.3145898798472	5.0	249.3722011906636	23.351021841744995	14.0	-1.2444059452563099
315.7501149045036	11.845303918025266	5.0	1314.1553156048276	18.293027875676767	5.0	275.13095326008676	22.08164662518363	14.0	-1.5858640134917446
229.64053892831228	10.173612736970131	5.0	1379.3054190835458	17.98695395848516	5.0	268.0230782149537	22.807546618910454	14.0	-0.9368675041823075
343.1056170953255	11.480701952200139	5.0	1234.6481549106993	18.331343167706684	5.0	268.6201534891342	22.992561459670295	14.0	-0.5706724847500781
481.2232142272527	12.646213743633593	5.0	1093.9073418159228	18.82991636341981	5.0	267.2179081218254	22.666561396423358	14.0	-2.1775817858429534
443.5691952650194	12.003361870628446	5.0	1180.446140574917	18.964312070122165	5.0	259.1274772562998	23.564237541939452	14.0	-0.7428861972726637
329.12564754600146	11.492794284636172	5.0	1309.6471064425173	18.35524679330811	5.0	268.67704758592987	22.633780008585962	14.0	-1.9708311176101718
357.93428755564565	12.103791685148067	5.0	1300.4231659202105	18.401159149326574	5.0	268.4812201567648	23.072401617760995	14.0	-1.3422126905352714
313.4579235109931	10.784847101096155	5.0	1319.0636058688578	18.418220424930123	5.0	246.50706121832528	23.92437513632293	14.0	-0.161558564567395
359.0846235075246	11.441253550529586	5.0	1447.2932600634767	18.687319788715197	5.0	239.80501111174928	23.9366383515332	14.0	0.26741424029883754
226.36635237998874	10.131956009932866	5.0	1481.2940233098266	18.122966463625055	5.0	255.79754488366387	24.124115530745705	14.0	-1.1346951202992999
300.5042510646822	10.632010773388888	5.0	1470.7549265825394	18.578123711936744	5.0	234.06319977370399	24.684141532957316	14.0	-0.18018664209355098
296.1605544496395	12.180130659310741	5.0	1399.4170427917286	18.496556597598463	5.0	267.8248405640147	22.727265411716893	14.0	-2.1341730010874844
262.5294472317691	11.996506025301901	5.0	1420.1336624981914	18.176334729443752	5.0	287.52716324335586	23.103610781201457	14.0	-2.192687603021983
243.4171723784195	10.821252361474155	5.0	1513.644120521438	18.144151549414186	5.0	267.3302484969583	23.57769945098975	14.0	-3.137651251744676
247.0933315247931	10.218679309524369	5.0	1618.8715663551172	18.25144006623145	5.0	233.49173048425516	24.920654239373395	14.0	-1.5633614345776272
483.95758485825735	12.436679461303173	5.0	1385.0114255675935	18.9029577787901	5.0	216.01728869236965	25.0104535215336	14.0	-0.16468700130922032
368.2135670980855	11.637456694388426	5.0	1459.1247610791943	18.77695100103166	5.0	210.12679004709597	25.513190047698103	14.0	1.2744409056879635
301.88758888782587	11.133288600085818	5.0	1513.7653200088155	18.403033659369207	5.0	223.91585863143902	24.649158410338856	14.0	-1.297907674125375
431.63186635838593	13.150806709995516	5.0	1391.757460485314	18.442125906780934	5.0	241.2056268694687	23.12486114095821	14.0	0.9992838630526121
326.6376333368143	11.737296598297823	5.0	1427.9231521591396	18.323389733988783	5.0	233.90688571436618	23.90475217081285	14.0	-1.3394775658701927
249.01219805280238	10.215498927739159	5.0	1623.9035893344885	18.092576491437242	5.0	204.7788122989455	24.91704871899359	14.0	-0.9050612983163223
197.90371302910742	9.60564377453	5.0	1685.3466062359685	17.983257177492398	5.0	215.50789913763356	24.42556768764969	14.0	0.2886199189280596
214.73088164276095	9.92432163121128	5.0	1610.1484435048255	18.14470589804352	5.0	210.89999978906604	24.320369685721197	14.0	0.8018327209167724
192.57925690798922	8.504113200863618	5.0	1770.178176376366	18.114326487280042	5.0	185.5521976303825	25.69676225900625	14.0	0.6926247417041201
135.78757584811268	8.749050548267391	5.0	1796.4345020118114	17.852995259315026	5.0	225.3467080367452	23.806922276134344	14.0	-1.2811748733396013
119.77406001089288	8.236076045639928	5.0	1778.1675391210322	17.593040684804258	5.0	243.2068353427827	23.814036055404618	14.0	-1.4358547147786054
171.37312923980275	9.514433419119669	5.0	1762.111883147498	17.718346083713186	5.0	245.67090385824437	23.912691854157213	14.0	-0.023978884718001116
227.52109725566228	9.985237628379227	5.0	1712.3640260672719	18.01191753115436	5.0	245.25368989834408	23.926172350621677	14.0	-1.5029815940334958
168.54005768488585	10.132823152712023	5.0	1756.5480903280045	17.82040942051236	5.0	260.21057957777407	23.415674979639736	14.0	-1.544879579962146
164.20411727345842	9.391077184743034	5.0	1795.9191063393373	17.680148499254067	5.0	251.20646216385234	23.86581555951045	14.0	-1.3935399245786835
212.41402947195044	9.32915426843296	5.0	1880.5381027773574	17.803360138615055	5.0	223.07266735522313	25.0258090301026	14.0	-0.055050795058384894
233.59942238277316	10.620873273123825	5.0	1889.158690906239	17.87682304813866	5.0	231.16558475634332	23.110660119580654	14.0	0.46021064602146294
232.09362974272975	9.513134693740227	5.0	1990.47818162745	17.758659300830306	5.0	226.16816143741102	23.786028851921266	14.0	-0.9494688522533171
388.5749812232242	11.430915479551356	5.0	1809.646676027931	18.047235773897388	5.0	222.62258212974336	23.530987994668028	14.0	0.12359053645418028
150.67469942187068	8.626779337113847	5.0	2084.6357546477357	17.4116049677584	5.0	215.36512719092278	23.40646048410267	14.0	0.24639763801415665
137.37122457253093	8.23603880109692	5.0	2025.036412682318	17.278418749853987	5.0	227.87641724435116	23.559198169399945	14.0	-0.5866676794167025
166.84133061869892	8.93834368942342	5.0	2010.283008444238	17.449699166256543	5.0	219.68270754707797	23.61597336384701	14.0	-0.5183064689003339
224.54513243592206	9.376609675686462	5.0	1992.9025467404488	17.889292817222056	5.0	202.66999530571195	23.83598432405281	14.0	1.087346825115816
238.97323168582432	8.93060919450776	5.0	2007.7780787210547	18.113433020524457	5.0	186.28815433684525	24.866857287423294	14.0	0.48143141296357406
204.7467715548635	7.382340688976464	5.0	2106.98153512768	18.070325568973313	5.0	170.03700186738098	25.702201055464105	14.0	0.285122846048703
206.37389335165977	8.100093385857745	5.0	2091.360616395328	18.173410341446612	5.0	178.20800825915964	24.81538370335318	14.0	1.387721335486881
235.55050256237274	9.97292042930274	5.0	1944.092364024202	18.223982123019344	5.0	211.34295606866928	23.573027325368102	14.0	-0.14187684453050678
265.1418764895778	8.548340837524982	5.0	1966.9601131093218	18.35322992893327	5.0	166.48413409028865	26.32451283748676	14.0	1.7876465652749536
269.70013800707903	8.65919023160149	5.0	1874.6984216986725	18.394288560666403	5.0	182.16191449570016	24.92798143569343	14.0	1.2121093880114253
310.3397685522411	9.909523743126387	5.0	1804.0266923781705	18.345152562367012	5.0	202.63931067750505	23.904111606705783	14.0	0.090804228020469
289.03054308441557	9.987369228318148	5.0	1728.8903358946982	18.33350299597408	5.0	220.66094858911765	23.270850707778806	14.0	0.2783389058550346
288.6769158823091	9.358006724414173	5.0	1811.9517069321325	18.41250135866922	5.0	180.93832152308744	24.158602142367823	14.0	0.5014376034054318
251.88928439183573	9.004604634156877	5.0	1778.1639663412943	18.29320813150976	5.0	198.39350947258848	23.76653428884735	14.0	1.3059504752934286
219.58008959990715	8.12605353318336	5.0	1870.8398422939213	18.162110467639376	5.0	187.23718573680145	24.045825422692516	14.0	0.9341135115067705
230.92181733549916	9.154497904345904	5.0	1828.6128524216142	18.30700369615516	5.0	188.91658133384274	23.366477961953713	14.0	1.6325030473788222
227.66753663292937	8.927736843345262	5.0	1852.433858815217	18.384568002545812	5.0	191.6855699261082	22.951040282803422	14.0	2.5949222217439325
316.0604685376188	9.590096638569973	5.0	1845.5951883422345	18.636362757313965	5.0	182.76354538575495	23.156910456501592	14.0	2.081672380981394
271.9530344384885	10.436648849841859	5.0	1822.7438466788594	18.653451572521043	5.0	230.97157360824013	22.43804052987323	14.0	0.8195079894599423
338.54220071288665	10.516186674353206	5.0	1794.1747655044076	18.818550225875008	5.0	211.28958782371927	22.823298486741493	14.0	2.5899501784811982
295.8074224499578	9.889649004719699	5.0	1876.8900402261536	18.84787856333175	5.0	228.3391835703066	22.694778248619997	14.0	2.5889002346684435
282.9274673889902	10.386730227444971	5.0	1825.0590069620196	18.89392779899241	5.0	251.4625079021424	22.12954909112856	14.0	2.8264852511193377
499.9155041716428	13.307229777818215	5.0	1524.894129670891	19.33460081103477	5.0	287.62359798011687	21.34594764588042	14.0	2.795899463456445
461.4777226235577	13.212200897911424	5.0	1511.2631561253254	19.356925128231772	5.0	290.52712671669957	21.279229414399147	14.0	1.8754675159578995
405.01091189669256	12.792440512838144	5.0	1518.9368464823	19.279568147254334	5.0	293.8899700587833	21.51440970807929	14.0	0.5246023773378362
630.9034876541004	13.851446166995482	5.0	1293.0398640579515	19.790991237368395	5.0	281.7250189208574	21.2680415134134	14.0	1.0959062232522476
894.9848007407248	15.356268182794125	5.0	901.1814759016092	20.551188631425255	5.0	313.5122290308306	19.82339170000854	14.0	-0.25278078493641726
358.28600517903106	12.936505619164182	5.0	1354.6752613597648	18.9493249596728	5.0	335.4934821893662	20.829546378176868	14.0	-1.119959225875163
384.733206187268	12.217308595651648	5.0	1357.4968358922956	18.98013003783289	5.0	301.2682303003427	21.124832022302694	14.0	1.418484480182982
364.7855694050878	12.204667020488756	5.0	1334.4246354760053	18.81978255148236	5.0	322.14148698646704	21.024408772755926	14.0	-0.6139291932798553
314.7843446283071	10.662612547054406	5.0	1412.0337639061936	18.500523459001858	5.0	309.2962678319168	21.734087481308833	14.0	-0.26026754915645905
417.0556371403406	12.071876201146413	5.0	1223.050482980029	18.766737887392143	5.0	314.68215388196654	20.723741569640865	14.0	0.8865486557035666
249.52711369075521	9.764247934196096	5.0	1392.4345896096122	18.15467706203358	5.0	295.5499348299864	21.575400283045827	14.0	1.8557955585292696
455.3285380277045	12.774477634235673	5.0	1150.4267231932367	18.770723217478075	5.0	302.42923171297076	20.64956853843893	14.0	1.473133128029655
449.1747165903553	12.122453230030997	5.0	1133.961099395586	18.675511605481407	5.0	285.0062255405709	20.888024199242135	14.0	0.47843463735778513
301.83596900756334	10.241400511891097	5.0	1266.8786292854388	18.231665213606544	5.0	253.13659540924039	22.18819241914397	14.0	2.436058951139635
200.77215963767057	8.384334761295138	5.0	1374.9322171469846	17.792736431122904	5.0	251.22407107364955	22.11424879295643	14.0	1.591693388026074
255.874657821607	10.83401297155523	5.0	1212.88648031792	18.069587021251024	5.0	289.7696267899564	20.654404359318363	14.0	1.4987446179109831
211.97321776483614	9.462322905705529	5.0	1334.913807820932	17.611887626221275	5.0	279.0474455664554	21.578053874455424	14.0	2.0448136236049796
435.83696622787903	12.416871140405735	5.0	1128.9808457875345	18.27105983231243	5.0	293.0811875077206	20.571830015552866	14.0	0.7297695117899041
366.4289700020365	11.987441546994443	5.0	1138.8295300318425	17.701340101010615	5.0	305.8268055662831	20.43000098017668	14.0	2.5603332959747607
316.7685235502302	11.428554378520861	5.0	1194.5939476534488	17.61657819272266	5.0	310.80965066830055	20.102400212799555	14.0	1.9966659680331715
392.97098639276766	11.8093798530236	5.0	1121.724182702004	17.918555362376225	5.0	301.54318342431196	19.873496906730242	14.0	3.2341820812391573
291.281612662085	10.3295821219239	5.0	1167.7262085349275	17.497414613283127	5.0	291.9027292943191	20.254000636982667	14.0	4.196507426356577
320.9015506099614	10.689056170758555	5.0	1097.0773293308696	17.62014712833587	5.0	318.72192981425474	19.540582064689	14.0	3.730347250074125
216.32223248791857	9.041493937298089	5.0	1120.2156978683897	17.03996132743502	5.0	345.49672896049674	19.36676634102477	14.0	4.41036933796628
283.0254386440343	9.876109797529386	5.0	1044.8533021312064	17.311729828595002	5.0	345.73250070687754	18.662239732433314	14.0	11.671883655648628
170.18989756022916	7.653746435725352	5.0	1076.0597483329752	16.617856747999493	5.0	367.8750721356617	19.061981935881533	14.0	19.893851255398516
146.52151618290463	5.881301816642942	5.0	1047.9312731576738	16.43026894920655	5.0	386.3215432104488	19.53504550578015	14.0	26.19175509042996
178.5929277754474	7.448049037121601	5.0	987.9780322028552	17.09922894971125	5.0	391.3363988710841	18.462560302344084	14.0	28.88809914484336
53.97107901436231	6.775615652719441	5.0	953.4111870668168	16.702985350470716	5.0	462.4578367097324	17.433534216840574	14.0	26.946980033582502
0.0	3.1712109291184705	5.0	883.4860339588956	16.920298876890115	5.0	501.7383324658402	16.409272765088538	14.0	23.655788316861905
0.0	3.1712109291184705	5.0	854.3941716594679	17.36275676283661	5.0	501.58237299519175	15.435858071684718	14.0	24.260432728120577
0.0	3.1712109291184705	5.0	839.0505021903119	17.439287137387247	5.0	505.22022460507645	15.0	14.0	23.449090866073508
0.0	2.193676286129746	5.0	802.4821552918202	17.36609327142166	5.0	532.118684730835	15.0	14.0	23.23243744893202
88.69679066409125	0.0	5.0	853.045220413809	17.550851664697387	5.0	506.2700392747013	15.0	14.0	18.355447793430983
96.25983414390939	0.0	5.0	861.492607141845	17.54706358096311	5.0	520.3217850085151	15.0	14.0	11.082365890547976
165.8299012017421	2.9238922257512887	5.0	946.7760888834356	17.64952330392389	5.0	458.5794961088282	15.854904542387104	14.0	8.112232725903457
270.04850974850234	4.379444330475858	5.0	1065.6669101719947	17.747095079379463	5.0	361.6206972774708	17.95316386487731	14.0	4.941273607713085
296.82052771305547	5.093535463218068	5.0	1140.6558987144401	17.659274488395702	5.0	325.1589002179909	19.492667739449793	14.0	3.3580517359938296
285.9333446404197	5.0505440100738594	5.0	1243.5156217918914	17.578517044911788	5.0	281.90077619183603	21.498812622121655	14.0	3.422991978891407
252.42421421960276	5.784553539346154	5.0	1168.85638268483	17.640604719239395	5.0	290.35675178544255	21.61591493845738	14.0	2.1321331572651414
284.28498438106357	6.263161742127849	5.0	1160.9359418183299	18.028976617327654	5.0	275.0538243466829	21.637637448622037	14.0	2.782514190608791
312.28932876359556	6.644381041082914	5.0	1109.1203572484392	18.086659679632717	5.0	277.05440492893047	21.984146912084505	14.0	2.3549101288197942
321.9859913989441	7.256982144098389	5.0	1090.1331938815727	18.074396250540318	5.0	286.84852058407955	22.05678878613975	14.0	2.254258064468609
351.84845032136934	7.423693454853895	5.0	1063.35020804733	18.225360645190772	5.0	272.6162097673144	22.625379128185575	14.0	2.16481759378906
340.6622347378788	7.930045049034157	5.0	986.9231775465528	18.393954151979386	5.0	285.1695117759803	21.763050413151152	14.0	1.928379235323484
319.88203839846653	8.611803697337896	5.0	929.0775142855186	18.399342535680507	5.0	308.0285295897014	20.937657896232462	14.0	2.536993871724324
384.8751391112887	9.039430282106231	5.0	934.4609494149012	18.79295063033885	5.0	303.8410430734993	21.434980576711716	14.0	2.7460536205281665
401.3992778871782	9.042967796323818	5.0	947.5438658143225	18.767196491263952	5.0	305.96466859272726	21.52244505546528	14.0	1.6806040183495239
378.32046629553605	8.837773672414336	5.0	855.6104817691863	18.893152469849383	5.0	281.4116953002695	21.34936172149529	14.0	2.9941493706390663
426.5742424978686	10.15946497373315	5.0	775.2363566146914	19.59312501015496	5.0	288.26665114481017	20.47791819940623	14.0	2.0482836158917768
425.8883257306315	10.165413297875796	5.0	810.9554444667455	19.675085288154946	5.0	309.5231343360725	20.96951509659484	14.0	2.2519804371771435
442.10291679749747	9.734953572572856	5.0	782.3745800478291	19.555213350020907	5.0	330.4299477818596	21.49033619297404	14.0	1.4847081456989517
514.4201936395295	10.369049936550782	5.0	686.5013429036436	20.413769737360624	5.0	324.00802541663086	21.255778171256612	14.0	3.1275953161988586
487.74021528086934	9.940848306563606	5.0	711.3082928795675	20.32875171525726	5.0	302.8203886323309	21.5306237932076	14.0	2.3634635234723076
478.99031847146165	10.011814376134495	5.0	663.7743852799248	20.24478851770873	5.0	290.89645765413644	21.670368958034995	14.0	4.5522611221494
453.40616099157637	9.965769755065901	5.0	612.6017038752794	20.354326477645625	5.0	299.4518053963451	21.394726790126317	14.0	4.66487981740561
449.2625896857306	9.761580819045987	5.0	615.6801624534265	20.28860346875313	5.0	311.7582313558297	21.82613113326881	14.0	4.603725335315718
478.32664797492646	10.725905692036358	5.0	562.2737572158301	21.17039177839268	5.0	345.2254072131738	21.324451780908763	14.0	5.488664603436585
496.1266898834921	11.37968597992735	5.0	577.3028465128432	21.979633895892384	5.0	349.2020625031513	20.733021615595504	14.0	9.623343084519737
411.86093928471684	10.623059934530376	5.0	522.6736844326376	21.21779781739807	5.0	369.11967761936324	20.893632434404104	14.0	9.910262605642849
404.03971832686995	10.456482020692112	5.0	528.308596237418	21.466595577448192	5.0	381.4539059577652	21.07258981611263	14.0	17.11520948609118
422.93190755706615	11.008245973854661	5.0	577.939562662863	21.782463042096182	5.0	392.5616887624121	21.112673984915777	14.0	33.119646971538174
379.04765360950887	10.898039211482859	5.0	610.8178821930393	21.22151747638772	5.0	420.6431344805246	20.882871345512868	14.0	61.986120582240034
374.03908377235024	9.68093177754078	5.0	643.4802380181724	20.724320662957865	5.0	416.68387718429744	21.994405874294966	14.0	139.49478271486507
298.1385150236814	9.60538463186499	5.0	615.4440169928132	19.968342004555264	5.0	417.4658471179436	21.68296679296693	14.0	321.67763489977756
277.5328346122913	8.96572773443545	5.0	610.0623761709927	19.575196461611025	5.0	377.4912422103711	23.099017640940456	14.0	792.9212866502346
258.8350159271113	11.053338295814033	5.0	444.69209185461204	20.99436183961346	5.0	465.97891876602444	19.783497567675642	14.0	1721.2562029974972
456.26027251003205	14.927753012322887	5.0	372.23099547185785	24.019365915913003	5.0	360.64055992112094	18.317727015524113	14.0	2467.2328745478435
262.326923220611	10.854810163741368	5.0	490.8094169179292	21.301572861738542	5.0	399.12243346796106	20.611897929387823	14.0	2044.6483874087698
216.17111595231015	9.214033318921807	5.0	499.5066357297209	20.54952770965817	5.0	443.0989382577466	21.15020409374286	14.0	1096.2094559784741
174.83938663897905	8.148607999085087	5.0	573.929409868438	19.860236824996132	5.0	407.4951867375915	21.67519294240008	14.0	492.2041960375858
164.75931180125306	7.154535450003785	5.0	542.8982212429964	19.58081398859716	5.0	431.6997396082197	21.62651903444705	14.0	216.2944032486597
196.52135912529184	7.692147814361945	5.0	593.1371528408639	19.625197017646034	5.0	415.9906064124546	22.191754291883523	14.0	97.52331423615394
217.67425406018418	7.308823143993286	5.0	655.4764791872449	19.929704004090308	5.0	386.26338557934616	22.439321025040528	14.0	46.32021466628077
246.6330554396005	7.136399373665489	5.0	726.0034116842817	20.100471009462947	5.0	346.5985607373567	22.734482847146538	14.0	24.489675043942654
251.858612353707	6.842152985152521	5.0	736.4377465549123	20.102847729424795	5.0	361.9969416108067	22.86635638496202	14.0	12.319099037896912
209.03803298426473	6.371176460283933	5.0	711.2784494198385	19.67916474533215	5.0	395.18753695681227	22.64379248206155	14.0	6.9406712480565185
217.63411824978613	6.122170002632089	5.0	761.2465790105291	19.650562583090057	5.0	391.6440677122351	22.977308011574365	14.0	3.180648639421652
212.83492694962223	6.21174977100174	5.0	785.2664221965608	19.54948423807849	5.0	408.2546026857007	22.893882166584362	14.0	2.1598779075651784
224.33408320905016	6.672650387640968	5.0	765.9950605120674	19.799571697151563	5.0	436.9149818259954	22.85051685830851	14.0	1.699392932230623
208.79814022588474	7.202944010074112	5.0	819.7028387713792	19.95531728663547	5.0	462.5267024781658	22.1401873170038	14.0	1.3819723227132494
203.80185111198793	7.569462403808581	5.0	886.8139666000939	19.84516195284574	5.0	460.27348455379735	21.90227989686097	14.0	0.7616489838801258
252.63858321968115	7.270192262968107	5.0	1006.6941795340858	19.92064013039871	5.0	435.2765021835557	22.561174654067653	14.0	1.0538646762753845
280.29494658409214	6.895051386072307	5.0	1111.5678816730958	19.587438070486066	5.0	432.40413319927467	23.09922635381871	14.0	1.3686267207061555
309.4358272750841	6.555690361611171	5.0	1304.6224448843486	19.43131597331818	5.0	407.73897053037774	24.000543637038508	14.0	2.5738253589168005
293.4020444619914	6.284725464271884	5.0	1367.913837824684	19.249983978217468	5.0	439.9897468891785	23.73453990645125	14.0	2.4759476278059793
328.24210846430225	6.169612985561362	5.0	1425.7931954403814	19.344377310493265	5.0	439.2388365789376	24.256508413315224	14.0	1.6833192775953647
319.3334048776791	6.118078314450719	5.0	1498.36619437851	19.39008237643638	5.0	457.5196816887249	24.378851315149628	14.0	0.5616838839062732
268.65719521477644	6.052749421429785	5.0	1461.0657481315163	19.2893182677781	5.0	506.4364164346427	23.462938875769094	14.0	-0.6342111268888008
293.45122027252665	6.233904353988911	5.0	1522.553144235521	19.390194298968535	5.0	489.3874572193838	23.934039637608937	14.0	1.3212998865149803
302.9203689273559	6.23916619691101	5.0	1590.1541417484054	19.3133535715801	5.0	483.58211976288044	24.19132809772269	14.0	0.8182012897703635
291.85534769117544	6.07499066915836	5.0	1588.018153103141	19.273209074721617	5.0	494.7302723320842	24.29367105174952	14.0	0.7279829741425066
283.92304262658024	5.891000597356805	5.0	1582.789615554902	19.28335350631112	5.0	489.93644354123086	24.197799188431205	14.0	0.09706082620828421
300.41761523268923	5.790928132980317	5.0	1607.2057735921371	19.247320081937303	5.0	456.8180552360558	24.770224181883314	14.0	0.2217125742134084
298.396782339322	6.010952825891107	5.0	1572.332170232035	19.376066077844875	5.0	444.7927353296435	24.853873210847162	14.0	0.16781657337079486
274.8414003670561	6.12789983280236	5.0	1498.679065620206	19.383236146638087	5.0	471.6659137552541	24.243159964507644	14.0	0.18116784620133758
296.5708433012167	6.286256886815724	5.0	1460.3947213050799	19.497296323060173	5.0	467.83852834468297	24.678543864816277	14.0	0.7678239188736751
290.3154376877579	6.512336233795473	5.0	1424.7757792127306	19.685522495584785	5.0	492.74031902288533	24.172905577135644	14.0	-0.004159675695558138
282.70274341824637	6.995604518029757	5.0	1433.3734170440648	19.87398321626483	5.0	499.24905454349516	23.892778116404415	14.0	0.621475947985133
289.2946263862203	7.198097645473093	5.0	1456.8092379549385	19.98097644082633	5.0	495.2094244076765	24.01666372568376	14.0	1.8390428975859605
324.5305895267074	7.506232751671779	5.0	1485.1419591861338	20.163016822444906	5.0	503.74678134821625	24.53601026797108	14.0	0.6962432883046825
285.5716010294336	7.485597256909377	5.0	1447.1425003395834	20.215781191959383	5.0	560.6126727999492	23.882792959285986	14.0	-0.5896222884624481
266.4563896188603	7.277952340709104	5.0	1432.305603129304	20.0759559687404	5.0	586.3438371785061	23.727554736461595	14.0	-1.0313739394022432
241.42483011640473	7.795367802861601	5.0	1430.7554760093485	20.349158225645184	5.0	626.9227542866937	23.592170653359908	14.0	-1.4264129165065116
222.23021245820382	7.598537157870614	5.0	1444.4211584684454	20.315363398249776	5.0	657.9794436036593	23.850583697124677	14.0	-2.2334869002699937
194.12794438244129	7.900378563695273	5.0	1457.5760441587672	20.30128340139508	5.0	686.2653643112653	23.624255454544663	14.0	-2.5077648893945694
180.63128832535236	9.482202958193302	5.0	1511.8306201993591	20.66227660779972	5.0	717.4994521910503	23.242862186444043	14.0	-3.4745181492354673
175.91699108690955	9.928014779709459	5.0	1611.9612557201817	20.723534464277904	5.0	742.5629522566427	23.218380640366547	14.0	-3.6552323391694386
177.72153160051954	11.24109472967452	5.0	1655.1963694615822	20.984957295263857	5.0	800.6574931849995	23.05124722488111	14.0	-4.461251286852847
211.17867946168903	10.377502652864093	5.0	1849.4295607093861	20.99284106692419	5.0	785.9831181254441	23.474577335734715	14.0	-4.244165745854639
205.96798687250052	9.879362067117773	5.0	2010.815278607558	21.005328443018357	5.0	753.6095208323726	23.582917814120727	14.0	-0.8002531831050218
230.06110214836355	9.54546583238209	5.0	2069.9248877908544	20.89527632167701	5.0	722.4217684816864	23.620585631432025	14.0	0.27625303063079754
301.95107753219435	8.116771628613671	5.0	2256.7669543912925	20.749095619009104	5.0	634.2576100348535	24.616245151881387	14.0	1.4054231539245323
313.5762031432455	8.031736018576972	5.0	2271.271792519243	20.691162541230398	5.0	613.8690423958866	24.604603977054467	14.0	2.2645517349735846
316.904276563542	8.493879124437948	5.0	2229.150686180405	20.599907001098618	5.0	603.7769725680589	24.28434591877598	14.0	3.2736759607917176
301.0911136586002	8.121726903278496	5.0	2219.6822146404525	20.545523155502774	5.0	600.0822133962354	24.199924031823016	14.0	2.2946519598060857
309.49778027719225	8.359554238854553	5.0	2235.316751624594	20.367417443312107	5.0	586.7712603389919	24.188402788331146	14.0	2.4702437043580767
338.214191397472	8.947985761527875	5.0	2353.5672485245723	20.51806002637761	5.0	570.0113045563392	24.138950638370282	14.0	2.684272747650801
350.9730422281629	9.125880900865656	5.0	2439.6398573587817	20.696788958713768	5.0	579.1214129311252	23.774606128995334	14.0	2.243434683413188
325.40771385502023	9.052571159436235	5.0	2556.0189292517684	20.737472980415355	5.0	601.8921427855233	23.210586015563454	14.0	2.239550871268188
1881.0747576382805	20.0	5.0	800.6614244346024	22.903892402053447	5.0	771.6520978806013	19.989591166501285	14.0	-2.9462894191385094
1950.8622387934518	20.0	5.0	880.8614545237871	23.117827866042905	5.0	801.8936960855916	20.293955332899756	14.0	-3.1994146207675023
2158.0018784784825	20.0	5.0	929.7512811450961	24.019537088550976	5.0	834.4807304276536	20.379907075009672	14.0	-3.468289172882302
2483.8865762275564	20.0	5.0	953.7543396872414	25.105451038209964	5.0	853.8497534507771	20.533844866609087	14.0	-3.9105093136140336
2718.232390759564	20.0	5.0	1111.3715889265723	25.869903527445004	5.0	893.7312193292568	20.820785815880974	14.0	-3.440009590527029
2934.6533917446113	20.0	5.0	1350.2357920921634	26.84043687303284	5.0	902.7986896449802	20.65277122059918	14.0	-3.7308193413867614
3079.789559807797	20.0	5.0	1720.2420077826728	27.30660649628678	5.0	912.639535341655	20.344704976224147	14.0	-3.21520000069969
2938.2488479455537	20.0	5.0	2238.7534173831095	27.25877068841168	5.0	980.2389108464357	20.120770426923535	14.0	-4.829721725278136
2849.9698255083586	20.0	5.0	2720.9616948229377	27.323200544926376	5.0	981.9193566954325	20.051000899411743	14.0	-3.775230548537878
2633.242974058219	20.0	5.0	3233.4838220272627	27.049790681073528	5.0	1020.6108811971166	20.0531706213274	14.0	-6.044523147728348
2218.7810331678174	20.0	5.0	3998.663573519145	26.630524914323605	5.0	1086.231263610789	20.065907497698117	14.0	-8.98599506586749
2208.334438496794	20.0	5.0	4436.0298020560585	26.607121100337828	5.0	1084.993564873321	19.95343276931884	14.0	-8.313076825717689
2244.0191273989763	20.0	5.0	4840.396293862927	26.401815911746453	5.0	1108.1937063704677	19.99189429891908	14.0	-8.234648197236297
2175.0739181334543	20.0	5.0	5272.540398522661	26.154497748495377	5.0	1141.9121506598378	19.93703340698015	14.0	-8.860211481140341
2172.281283698404	20.0	5.0	5274.526324261744	25.85121892090075	5.0	1188.4238943363364	20.071527851377027	14.0	-8.972969631461607
1927.8757483259872	20.0	5.0	5526.450384495445	25.245730675205664	5.0	1249.4773304253113	20.41185051418747	14.0	-11.09075855768794
2123.1735030499644	20.0	5.0	5673.40106384161	25.083813638732778	5.0	1214.511656160349	20.245311373829967	14.0	-10.729991908140208
2505.846643909551	20.0	5.0	5451.467230559064	25.002066149504213	5.0	1248.9358276444077	20.463526045793774	14.0	-11.84950558307839
2622.2012052614054	20.0	5.0	5538.999615225109	24.729815420192036	5.0	1285.0555526708097	20.72991922196334	14.0	-11.621666285308823
2799.0274695245334	20.0	5.0	5561.522578883065	24.608706877579472	5.0	1273.7426661591328	20.98833102606708	14.0	-10.100220380951285
2918.468411102793	20.0	5.0	5474.524745321055	24.683418654077155	5.0	1292.1128786236497	21.370972592945456	14.0	-11.842722336262684
3147.8084043693602	20.0	5.0	5169.3827135390375	24.722111958776253	5.0	1275.0812265052457	21.531722350629817	14.0	-10.33861290511062
3438.522570206999	20.0	5.0	4787.656512852665	24.906886357469528	5.0	1304.7048634040632	21.669738575140364	14.0	-11.158961760370687
3981.017508039681	20.0	5.0	4359.055387573383	25.641727199421574	5.0	1243.3671061171963	21.546119103402937	14.0	-8.628196263225913
4461.907800705309	20.0	5.0	4000.5087677822166	26.464914061059357	5.0	1151.1689477697378	20.98932849647162	14.0	-4.090724630057595
4640.234944626589	20.0	5.0	3837.089446681149	26.924934153749057	5.0	1159.9210620728873	20.81802791702341	14.0	-4.594825266280953
4706.336679128328	20.0	5.0	3785.2767043803997	27.206139715873263	5.0	1117.5373334473652	20.71324822621914	14.0	-2.030303668591043
4851.741978419817	20.0	5.0	3588.9822613478555	27.863300273547182	5.0	1026.35459818409	19.876942909129475	14.0	-0.031519865562114564
4699.561399853038	20.0	5.0	3507.59683528041	28.20235522895904	5.0	1013.6730608049435	19.46694017851121	14.0	-0.4911746237177708
4597.246509582455	20.0	5.0	3651.052629810047	28.108285315377604	5.0	1039.4838800210205	19.68896531576119	14.0	-0.7342719868522204
4665.28759094464	20.0	5.0	3707.742225287869	28.365830821553963	5.0	1040.734293968074	19.216758368348383	14.0	-1.8795752988708743
4729.185615414386	20.0	5.0	3817.253922076486	28.590919973410486	5.0	1030.84225478143	18.712740103793053	14.0	-2.4845083393960654
4657.7436990010465	20.0	5.0	3971.408709283419	28.41916429503835	5.0	1078.6485842563227	19.03700386369244	14.0	-3.4170331503230016
4424.821210480093	20.0	5.0	4219.847834315497	28.387102938545535	5.0	1109.3112944907602	18.738300618938815	14.0	-4.463638293936339
4196.10646450398	20.0	5.0	4470.587476086894	28.29456278382186	5.0	1175.297948233773	18.342977715093998	14.0	-10.310001440004083
4014.8440809189974	20.0	5.0	4625.439821623872	28.25141074559373	5.0	1251.6209301945576	18.12109788941811	14.0	-15.402429082395692
3596.036102311138	18.375516855279116	5.0	5755.478095700474	27.5901046522378	5.0	1047.2939709516006	18.63572888813975	14.0	-1.1815560000482148
3607.7936685768873	18.458897073185298	5.0	6114.379751042964	27.71204152199289	5.0	1105.6491340072964	18.421444595310884	14.0	-3.1512869860023107
3508.0581954917916	18.225481040151084	5.0	6455.534154813596	27.69489554681756	5.0	1183.6600463328896	18.588562718655986	14.0	-4.430888945795504
3472.082705686022	17.59761415273347	5.0	6794.837316219168	27.602471389905364	5.0	1200.3754599967601	18.871797513880864	14.0	-4.191765817455288
3475.124143854911	17.490101987354983	5.0	6813.24902887323	27.72128155023404	5.0	1210.9363246845005	18.796957399458897	14.0	-3.4294732470109586
3244.440033250277	17.256093433424947	5.0	6855.916006522772	27.740784469818763	5.0	1205.586050196568	18.799905819252256	14.0	-2.71932081176722
2887.5578444946746	16.91738178958892	5.0	6822.29564517055	27.677189315425256	5.0	1190.9639366903732	18.870719488055332	14.0	-4.129029253456298
2514.7135474040965	16.64285335576496	5.0	6545.488011713689	27.584612572063843	5.0	1197.1709676090074	19.110910642202253	14.0	-3.9046229304569926
2204.8334647629513	16.563175162844864	5.0	6331.110355673428	27.349738659270592	5.0	1210.4021008184964	19.477694039740932	14.0	-4.302630994874344
1896.4689646336722	16.29218877276994	5.0	6149.32284169358	26.956070503919637	5.0	1223.9615027743396	20.234964098679576	14.0	-5.563366888139858
1727.4486206108124	16.032448169840926	5.0	6052.65901066871	26.67844042826633	5.0	1193.973460118249	20.48349071045987	14.0	-3.4831291514489706
1717.8833366729455	16.586688481917097	5.0	5683.055391236875	26.75319679471536	5.0	1239.908961146238	20.513574310617454	14.0	-4.548908245025714
1741.1320718379952	17.205808494367858	5.0	5212.868098958217	27.05307800992748	5.0	1295.9698063386813	20.70890446187433	14.0	-6.933704035658545
1712.6209267554502	16.915483696803722	5.0	5098.655644856272	26.983223896296828	5.0	1287.9243393676268	21.447931538746314	14.0	-7.264684749133255
1661.6686431890769	16.854320419454364	5.0	4865.890577940808	27.016021024136304	5.0	1323.0566098182137	21.93054418597144	14.0	-7.886502613356998
1756.802045136786	17.34740395124519	5.0	4622.279251267399	27.222424417536214	5.0	1339.023597414726	21.863362026616905	14.0	-8.795401056954452
1872.8605503817143	17.42437584324687	5.0	4762.9127631639385	27.020894767071216	5.0	1299.1912266534976	21.963922234509482	14.0	-7.683920923946969
1874.3012010150849	17.39165970785703	5.0	4752.013689249617	26.916386401826433	5.0	1287.7217967223341	21.803521193517785	14.0	-6.303181171077785
1822.8698170000905	16.89314029193002	5.0	4589.516877905014	26.77612724447331	5.0	1261.874329168514	22.020252209860868	14.0	-6.626211404002112
1826.2253119601496	16.47608306832733	5.0	4520.763842892103	26.52838681768625	5.0	1175.2291472574384	22.212172935071145	14.0	-5.172214923181911
1811.4069456024283	15.673391387404788	5.0	4480.177417154812	26.296947914565873	5.0	1027.5121821249302	22.84183512136958	14.0	-1.2889254882446133
1798.2816360941595	15.163409271112968	5.0	4291.410542976181	26.16472658471161	5.0	936.5889191874974	23.284038636364254	14.0	0.6757674002862709
1747.2155565752175	14.857060743341966	5.0	4233.051786704971	26.087753905925133	5.0	869.9418899465907	23.176400866108946	14.0	1.0201940889504129
1694.9118189818548	14.706892058404115	5.0	4313.3697664298625	26.064818960556174	5.0	794.6548107646031	22.836196821130272	14.0	2.555369762375975
1584.8920597996844	14.705343293315298	5.0	4245.162331602486	25.787479630619913	5.0	789.4224929125824	22.649620565348147	14.0	1.5056710311248072
1530.8976291071226	14.2726000583098	5.0	4432.809776183675	25.577713346794216	5.0	726.156437566926	22.60197129568448	14.0	2.3512959966340126
1525.062662251348	13.881295025847193	5.0	4609.1335566644375	25.50986841472416	5.0	672.3474297324228	22.637556653217473	14.0	2.8850600641359962
1385.4864453069608	13.762354731381745	5.0	4730.175853302349	25.31657732565199	5.0	738.9877990986975	22.5906841035464	14.0	-0.7303094852134968
1360.6329936131299	13.822484553108843	5.0	4874.548151072669	25.404000216248235	5.0	747.9287256681185	22.375608370183496	14.0	-0.13019628350808424
1344.550240163257	14.177553090535037	5.0	4977.329274761524	25.356947773914445	5.0	781.7251881417803	22.203656359043826	14.0	-0.3925905656480336
1365.1190293784969	14.523599550705915	5.0	5094.961290297285	25.449527342820637	5.0	791.8426314932839	22.04988273158549	14.0	-0.4320847439910703
1324.1643097250678	14.767664788699918	5.0	5167.1163806292725	25.457197623381035	5.0	794.3612211250029	21.97525307127925	14.0	-0.3462077871273447
1938.3205165474474	20.0	5.0	4031.7904321094056	26.3446732323292	5.0	1095.163041573467	19.24631027984082	14.0	-17.574131026096406
2058.2671696517996	20.0	5.0	4013.930947913844	26.318594796521197	5.0	1101.093126915951	19.422594982481098	14.0	-17.798507427920264
2325.204035751554	20.0	5.0	3835.4596562945644	26.41492632356575	5.0	1034.8172968281044	19.44678855252032	14.0	-15.231060273378004
2504.6956201045577	20.0	5.0	3524.161426992674	26.54439026581857	5.0	982.9909467978138	19.667916648502345	14.0	-13.529908260417352
2541.7372577360175	20.0	5.0	3315.6357767981635	26.584398379332917	5.0	962.8067446627604	19.798001124781592	14.0	-12.86925560602307
2640.347124389646	20.0	5.0	3117.1714417511284	26.660897505310324	5.0	905.9186246536244	20.00842059601297	14.0	-11.542566755580722
2731.404491298684	20.0	5.0	2954.4176762683264	26.78716998007896	5.0	854.6444830076484	20.177791150520367	14.0	-9.26713272124232
2801.64113857448	20.0	5.0	2721.7296505362197	26.79178281248411	5.0	828.6517977231526	20.441751242918226	14.0	-7.564190725134923
2895.5909568177376	20.0	5.0	2435.7120180777183	27.119374565034587	5.0	791.6308907137071	20.90662107068971	14.0	-5.6385561063947085
2944.6696940360384	20.0	5.0	2223.384221820015	27.526598627113795	5.0	775.1692412036178	21.080985760469396	14.0	-4.595120824312671
2934.175630708337	20.0	5.0	2053.2251476923243	27.44262502273419	5.0	800.6015673864548	21.73188462666789	14.0	-4.928050085324958
3157.304451228297	20.0	5.0	1840.86515065242	27.925730377834753	5.0	770.4400925021669	22.166443168279766	14.0	-2.927643436248763
3413.1453511177406	20.0	5.0	1620.3523077667085	28.72385478233794	5.0	748.0936276296329	22.3295206950685	14.0	-0.5625328913859363
3574.624344505525	20.0	5.0	1418.9320241446599	29.17155037127938	5.0	754.7811090514755	22.33214228772468	14.0	-0.20614054403426035
3588.2277901909197	20.0	5.0	1313.6360018036712	29.42448265017678	5.0	776.151947174332	22.53153372535425	14.0	-1.2462624659823125
3506.0990331101757	20.0	5.0	1239.8910929053131	29.774352940837392	5.0	777.0768435143955	22.41906958610326	14.0	-2.0747195268177387
3522.405293158208	20.0	5.0	1142.2583989342345	30.13215467516716	5.0	773.5906605517025	22.236471616293834	14.0	-1.5889177429953723
3528.436815827509	20.0	5.0	1174.5952317234796	30.39560954600232	5.0	779.9773740960355	21.87121538847152	14.0	-1.8726895192003092
3470.1020049061426	20.0	5.0	1222.5813614402896	30.52773996887044	5.0	814.0504643695475	21.78859533131963	14.0	-2.7024187642058948
3517.1480617895936	20.0	5.0	1299.8109495794986	31.055996467175838	5.0	840.6612846427233	20.89650123083851	14.0	-5.700858055200474
3468.9987650393755	20.0	5.0	1305.202527167875	31.218833928410657	5.0	879.4564558317519	20.61028617827144	14.0	-7.273806151217448
3381.607053957882	20.0	5.0	1362.827862195332	31.127686139420103	5.0	868.7108178715504	20.46168366606647	14.0	-6.374067200618495
3304.1241695887406	20.0	5.0	1363.9275805157413	31.16474301392802	5.0	866.3569531422702	20.377107242918363	14.0	-7.945640229525365
3101.5074490113607	20.0	5.0	1280.3289570170075	31.01472836553665	5.0	901.214569020738	20.30999319065465	14.0	-9.498884529203623
3022.7111022080167	20.0	5.0	1184.6279839131887	30.940272367038812	5.0	906.9214512556133	20.52972202640885	14.0	-8.511745057632304
2946.826288274256	20.0	5.0	1070.9835660176288	30.583362158745146	5.0	930.4241419086475	20.818371503474463	14.0	-8.966156562131347
2845.646983944301	20.0	5.0	929.1306124503443	30.457250764702408	5.0	948.1296619928207	20.94608171019036	14.0	-9.225721615038937
2723.2581438818024	20.0	5.0	794.8652034684341	29.76158788150375	5.0	950.9754778873247	21.30563512439858	14.0	-7.436738685087135
2498.5970311519986	20.0	5.0	707.2532171463572	29.119011827421268	5.0	997.1618445907138	21.30711057109554	14.0	-9.325987923659099
2420.490120343056	20.0	5.0	661.3829581203083	29.518207145612738	5.0	1021.5933382262665	21.17395473574188	14.0	-11.501048588361256
2399.502596346877	20.0	5.0	562.0927928745116	30.156039921678083	5.0	1031.529800043896	21.452712602249736	14.0	-12.663877163236975
2343.628742396421	20.0	5.0	544.995231913541	31.153436029493278	5.0	1041.279202560791	21.59465358188206	14.0	-13.590932021264111
2331.568224243082	19.739280237293734	5.0	590.8324010053058	31.320122968920334	5.0	1019.0926053757411	21.814058229972744	14.0	-11.927218835610077
2420.0689442394637	19.624927538285046	5.0	634.6372403738465	32.51963548650619	5.0	947.5485247238631	21.64905477694821	14.0	-9.877445982517742
2396.4657707105935	19.45419703484757	5.0	703.1315477448709	32.3643195032079	5.0	914.2796972248876	21.710448444702866	14.0	-8.318000322460659
2330.8641106429527	19.17349427193684	5.0	740.1021136218171	32.3807891094428	5.0	908.3245109438468	21.82786444896069	14.0	-8.154413548502566
2308.1862271441537	19.080220050274125	5.0	751.3235869232208	32.50144313677288	5.0	894.2072950553543	21.66941138408172	14.0	-8.332539087817059
2318.9518310000362	18.84277497472798	5.0	783.1145674428578	32.19948906304632	5.0	872.7843234808525	21.65995945247827	14.0	-8.857473655499295
2356.6824754073077	18.480914103480593	5.0	840.5631324331954	31.795514983245397	5.0	819.5839584981402	21.691430898895966	14.0	-7.069015231032578
2247.067708852257	18.17315127999479	5.0	886.8297520781825	31.31660260488418	5.0	824.1744170863062	21.698677931806337	14.0	-7.94244065800184
2183.672912392343	17.975422684956996	5.0	869.6902758898964	30.966078339315764	5.0	843.2021528783849	21.635166357636386	14.0	-9.611155301124096
2216.085427193324	17.943689608030578	5.0	881.1147253678197	30.163154783408935	5.0	795.3183422282261	21.721472087702388	14.0	-7.250144445787362
2202.1839197888944	17.862163475700083	5.0	932.491301500395	29.744097316069166	5.0	749.6920238320505	21.371514330075136	14.0	-5.2042502481720065
2139.003967034694	17.633638820465066	5.0	934.0775510882048	29.030713273717204	5.0	729.9187854750265	21.447689232835494	14.0	-4.652218047138409
2163.78086143671	17.648960802046158	5.0	882.817761942623	28.544488751367787	5.0	688.2373952741008	21.438982896021145	14.0	-3.504220380208368
2204.5861403815297	17.88784443060765	5.0	772.0409695018789	28.7305996854852	5.0	631.2793943943919	20.949152561750275	14.0	-2.2203589057405964
2127.67183537176	17.94227196519729	5.0	678.1076539959843	28.881894571095575	5.0	598.8463935677357	20.710548886359582	14.0	-1.8236217553132408
2069.456317011442	18.033883235089764	5.0	623.4541986401863	28.50201704352187	5.0	588.7280350535291	20.640461094683253	14.0	-2.5055517453413763
2010.5940212788491	17.910959745221028	5.0	637.765109907485	27.954911573805653	5.0	554.9665648373406	20.813691501093523	14.0	0.05879376361077487
1903.6207776572637	17.909845130630018	5.0	649.5350187940653	27.967376136376725	5.0	540.9262267561752	20.819546674274967	14.0	0.5611191783074153
1773.6402264483079	18.233242534072197	5.0	657.4344702577341	27.692193920441134	5.0	551.7458961469679	20.536971899777757	14.0	0.4744452434109801
1715.3606990859103	18.515387474220844	5.0	644.2306892604323	27.896186662143503	5.0	525.0081022223105	20.36642515072532	14.0	1.019992218136315
1690.5542659052574	18.72472027468124	5.0	613.8929699161799	28.177057267574032	5.0	500.38462245295244	20.83180189708925	14.0	2.340744731775611
1606.3464707529808	18.738788257340264	5.0	614.8450858787907	27.740323722150357	5.0	458.27619562580634	21.51075567690073	14.0	4.117427351951029
1584.3067922958353	18.915435681370933	5.0	558.6666209496244	28.045585458887963	5.0	408.01485573813227	21.869050169380913	14.0	6.374186418445636
1544.9436571216747	19.187110445878762	5.0	466.8371224232143	28.643471338176425	5.0	395.18811014828105	21.76829099922093	14.0	7.29272794651338
1431.787950082823	19.289447892396492	5.0	432.01649989264536	28.41997123969714	5.0	366.4846410383078	21.82621381325948	14.0	10.79347341889948
1343.5995710499303	19.24723079909906	5.0	429.0275042912774	28.459753903302925	5.0	333.33635741433164	22.066532047999047	14.0	13.438387516394078
1245.3873524585938	19.0565857891295	5.0	404.7707487951112	28.188372186750332	5.0	307.9265073441736	22.354968793549883	14.0	15.025365782812806
1172.9545820781207	18.960516288234235	5.0	394.32256851892413	28.228399969905936	5.0	280.0927471105692	22.82600634196267	14.0	15.751206319532528
1085.3071031347752	18.85967412312292	5.0	420.6443963364994	27.72784494341393	5.0	269.1405525315857	23.49132973498124	14.0	13.952190447986807
1015.196164069568	18.662518612865522	5.0	421.9001379406608	27.89048739628625	5.0	230.96105624181266	23.830621113703945	14.0	11.982599880515288
905.4797626353995	18.35055114202032	5.0	458.3009376251808	27.66602220504721	5.0	206.3199581722335	23.92982004625867	14.0	9.565008693935864
778.9437545207355	18.490191502457183	5.0	399.59791668298936	27.28493969138144	5.0	215.80680381191561	23.63324282399135	14.0	5.434926243174369
683.6184817421404	18.694183326928208	5.0	318.33003314585005	27.546134932715773	5.0	194.07087410211417	23.188799637904587	14.0	4.499141698480703
531.9089195359162	18.48532920588816	5.0	283.19715998936204	26.60653315349834	5.0	190.1974665118741	23.126452769808203	14.0	2.1667940345563905
436.20910698774344	17.892177731941157	5.0	280.79896120902913	26.139981249549052	5.0	161.89216749965703	23.612689453110253	14.0	2.1755763343874905
392.3254328138521	17.394705400689322	5.0	283.0634289260369	25.60674296367736	5.0	147.2378746357069	23.45687996874129	14.0	1.6341368589550966
353.1307721191277	16.997344279837822	5.0	287.8200073262821	24.73644419226881	5.0	142.74557779467185	23.35551786858383	14.0	0.9420975057821772
348.9205893779613	16.801082606808517	5.0	285.63478102221967	24.983076107354517	5.0	128.98029451187102	23.964611406031246	14.0	1.6487724453784827
340.0393154187428	16.920927717430192	5.0	272.10157653313394	25.41884780522495	5.0	122.31940225006201	23.11322514677845	14.0	1.0649938784503372
300.1381401062764	16.319718268126817	5.0	275.0582719059657	24.812326147186365	5.0	116.17258726169959	23.215163884021262	14.0	0.7614167090422895
237.61079166760035	15.64022596892283	5.0	289.48236712697474	23.357954501623777	5.0	124.89920468077376	23.78041433686699	14.0	0.22925284579631505
238.73671214711734	15.752177027507397	5.0	286.699022866387	23.28450209020914	5.0	120.04366214628389	23.876727711071073	14.0	0.4306832335465063
270.66293050178626	16.138452326061188	5.0	264.9402180131633	23.994661165163034	5.0	113.04410979848016	24.212126850042146	14.0	0.738679800921194
291.1748264943148	16.48088512484529	5.0	266.86566931263235	24.30534984317266	5.0	113.44587709943896	24.1447199249193	14.0	0.6344074980874561
312.2830312428067	16.5965673834022	5.0	263.61488402605823	24.733531751137335	5.0	121.31398425877684	24.06817646379362	14.0	0.4591535767516402
325.0110401015125	16.802331859114666	5.0	241.9831427931948	25.133921437594275	5.0	123.98119199488957	23.79875605996989	14.0	0.21000117515438455
307.5196464551948	16.62251323576916	5.0	270.84119737492466	24.84321581884075	5.0	116.76529646396443	23.866254874410497	14.0	-0.14887702335077563
329.1885532412802	17.089100830522863	5.0	252.53385800523108	25.462285915567527	5.0	115.98618305853108	23.6194935961349	14.0	0.12597665396022448
325.1021292609176	17.064838461266092	5.0	257.0820852673414	25.571707163864865	5.0	115.52284532180701	23.70192136147361	14.0	0.34218378027374935
299.4472324607185	16.997458205062465	5.0	263.443735747845	25.089419329572788	5.0	115.27240271135028	23.59790723033421	14.0	0.7197695949003874
305.2358054102293	16.74238794998497	5.0	273.10689101823226	25.215589342682954	5.0	102.31475813672513	23.887005964526363	14.0	0.8975955168043488
300.29392098369595	17.044712204818357	5.0	248.35118403380582	25.30997220174868	5.0	112.14422051391477	23.615758593709398	14.0	0.5893425700990683
285.38419338596145	17.22124469224133	5.0	233.54900725484904	25.232215766268002	5.0	112.87205518670129	23.7295645822588	14.0	-0.16746238838672772
259.05222384612256	16.739923959758787	5.0	265.9470569685	24.777807051800742	5.0	101.3854471009277	24.3728946766499	14.0	-0.4105348389931374
271.04705670781965	17.371385919414287	5.0	227.84867850725675	25.46919863200142	5.0	101.51987900420217	22.97615630039376	14.0	0.26621244201424704
240.34514795219928	16.8892522579256	5.0	217.8186290090003	25.054064379295134	5.0	97.85793902510544	23.352574070387075	14.0	0.6055552470058567
219.59244419536157	16.934406466550477	5.0	192.9586598036535	24.775615166816408	5.0	101.88842912856306	23.589969273429816	14.0	0.5792767015158735
200.61768762276057	16.233209306555946	5.0	214.59643573925115	24.328695079102896	5.0	92.24311797526511	23.907584457503695	14.0	0.3356303732680988
202.52222105702756	16.543323675514255	5.0	190.72449090838518	24.497004946594412	5.0	90.3377720801689	23.65721211842236	14.0	-0.2860480133439071
192.96811437912024	16.622290183639386	5.0	183.3389688459696	24.87224923099594	5.0	91.53451383891108	23.612080759756598	14.0	-0.10868563882328229
185.5214196814549	16.287731859913894	5.0	195.93783550757982	24.399282034209293	5.0	90.09750307380641	23.56423870210371	14.0	-0.01083357779291656
210.20134628051997	16.86732371014386	5.0	178.8339196753564	25.2144561129069	5.0	87.21089238367786	23.134689002141236	14.0	0.08353278958677647
207.0802223450869	16.756222825076076	5.0	197.36752305859767	24.8341468999266	5.0	84.29117398635175	22.757708192311203	14.0	0.509296068014081
219.08218830260603	16.916689808347652	5.0	198.66486366603226	24.621191214145096	5.0	84.68678994711804	23.331089341656067	14.0	-0.03257969413636267
242.8271112225256	17.187397267634704	5.0	211.43507145163895	25.181000414606373	5.0	79.37936832130997	23.579041576359558	14.0	0.6163528878394541
226.6229004926989	17.023839084308293	5.0	220.83284702509187	24.791852761222444	5.0	87.06875396996797	22.95349930811156	14.0	0.768447699454293
267.0498836866252	17.83811013377921	5.0	198.2736795576483	25.50078178629853	5.0	94.43622403742377	22.7639504772555	14.0	0.39979705880129657
242.54555514086326	17.332638871295288	5.0	240.69387444041166	24.62404714934174	5.0	93.0946820439857	22.881785042817363	14.0	0.5689892611293778
252.2133047106216	17.591520903952414	5.0	240.1015297177304	24.816841343715623	5.0	95.50938560440365	23.251997770124817	14.0	0.4459939498883045
267.4531575250356	17.53718629116116	5.0	228.64686393026992	24.85975616875458	5.0	101.36778422571311	23.87296177598655	14.0	0.13913832824573388
230.6241598154165	17.085013738113574	5.0	240.5258371163021	24.09201693142637	5.0	103.10781591913238	24.26771401676853	14.0	-0.44033302945135033
211.66715866529478	16.99850699810067	5.0	258.6624451909718	24.207889467295733	5.0	90.41952691341052	24.198301954140813	14.0	-0.01103431259617854
180.99173619789212	15.865282534084338	5.0	284.9229931437058	23.76513789001977	5.0	88.00361504970867	24.589875027996825	14.0	0.2277679626401571
184.80362299981857	16.580123785763025	5.0	240.17471209189404	23.61486292922467	5.0	97.17771181378902	24.53720986754963	14.0	-0.12644604323258973
183.66355328104686	17.040610329417397	5.0	216.66736946174623	24.060167793945027	5.0	94.1089803690743	24.764224540192085	14.0	0.2143321805881084
155.0419060315164	16.296377326341002	5.0	233.97250815165074	23.8970336252414	5.0	88.11541079952158	24.49952991474188	14.0	0.3210690296553425
141.3633502239759	16.49091990408868	5.0	214.6929279514601	23.680448975497242	5.0	87.24675449094745	24.000413720060788	14.0	-0.04918426442715853
174.89275025556734	17.13005360243875	5.0	166.5549635479999	24.33700043336285	5.0	77.80150646771806	24.022271152158496	14.0	-0.16432185492319987
192.7311332364578	17.496617844538875	5.0	141.97449970369	25.368654468367964	5.0	70.89229001035274	23.265242306236335	14.0	0.05522155233166665
129.31811671486938	16.66414727306942	5.0	161.9206379415758	23.54559542662216	5.0	80.22415102075361	23.526680597464672	14.0	-0.7816084876613856
98.2488609787004	14.983881799223894	5.0	199.7743114426423	22.495844553704433	5.0	78.04433301991749	24.618927684376235	14.0	-0.24377182887459403
127.75938948106663	15.764985663921186	5.0	185.37703973515897	23.6442543143521	5.0	74.29453208100608	24.183995498133502	14.0	-0.023475812708168363
129.8607042175001	15.43034923278032	5.0	191.06198385466448	23.907858600621903	5.0	69.78431955176141	24.708217276135926	14.0	0.23775768057806476
142.73916231423902	16.103831511017972	5.0	178.0651638329279	23.49526414101991	5.0	75.9572469404969	24.3561669259508	14.0	0.01981300224325146
145.03768305204105	16.556153263795153	5.0	169.50958388801808	23.253524564186794	5.0	80.8613320545283	24.34975271955384	14.0	-0.5398614007425041
129.9801493827952	15.983970332763136	5.0	190.77522660922781	23.226269330443984	5.0	84.02224417729875	24.131694053907225	14.0	-0.718175714791201
130.98382090193766	15.4111296996936	5.0	204.40250065261853	23.326103863598593	5.0	85.38270938916982	24.332429977274348	14.0	-0.3889152182735978
161.4673923816659	16.983401336595513	5.0	164.65386824892934	23.94167103497214	5.0	87.85401064448824	23.718650073772377	14.0	-0.47784675494468287
147.01877890267863	15.5438002337017	5.0	212.39995391910114	23.35264889108637	5.0	80.353083344735	25.099484549492036	14.0	-0.2830938120607786
143.00505333062856	15.36836954056611	5.0	193.39689292960338	23.302184322011506	5.0	82.64839540417783	25.377527855796735	14.0	-0.995399322052103
106.5936706447676	14.995976803488638	5.0	214.06554950624385	22.61360102700319	5.0	82.24247104629481	24.958400020870336	14.0	-1.1493459162341095
143.04808493142974	15.434924449636359	5.0	191.43454098340646	23.519708499192472	5.0	77.42143221688794	24.795847044443253	14.0	-0.4221808300193548
140.8967897205141	15.594803525921119	5.0	179.99023912067955	23.63129335526523	5.0	83.78295956387234	24.273254894269655	14.0	-0.34230516278229584
137.44991386895867	16.188826821847666	5.0	176.7606616542061	23.869440055521565	5.0	83.2801191729885	24.141413979048707	14.0	-0.07892552961175245
139.80538879591887	16.012136698035217	5.0	181.29250036127777	23.832971508093124	5.0	78.83314205035154	24.84989819911222	14.0	-0.5423702203567445
148.10297537944393	16.24723217198099	5.0	167.22699545200007	23.64071798085032	5.0	79.36052175138211	24.854247923334935	14.0	-0.44595556236095113
153.26116701178194	16.299908149681322	5.0	159.181791519478	24.135917847897947	5.0	78.05069608554113	24.40874371036717	14.0	-0.6230712705606762
140.86438500066723	15.950961082738425	5.0	172.04607549865997	23.93622294163402	5.0	77.90506079576205	24.19886013277717	14.0	-0.922782827777093
123.16345165229076	15.32212506868771	5.0	181.77343988710123	23.487781458008612	5.0	79.5665839938687	24.65424217159608	14.0	-0.6417868880383495
114.66490142386175	15.7955819843542	5.0	154.6456871313012	23.389636448293906	5.0	87.2532266720992	24.263033763144342	14.0	-1.0225038639084298
126.15870262315448	16.205446815244745	5.0	141.0615293739318	24.01049804915254	5.0	84.00254548965782	24.01338461014327	14.0	-1.1205473202206384
124.80656226434652	15.714744611057188	5.0	155.2886437685134	23.822960846780063	5.0	72.90228384092916	24.453210185291155	14.0	-0.9605379901992286
138.85904903266655	16.55545876596128	5.0	125.35988190417426	24.654971358684808	5.0	72.51373764175293	24.22688260999074	14.0	-0.6887849895257433
112.12433806693589	15.338918970380972	5.0	148.23094286253024	23.911055051708875	5.0	75.24303833022451	24.291456415509224	14.0	-1.5686932194474015
140.2021999817573	16.710275231242804	5.0	128.90613009598619	24.697184423586805	5.0	71.5525692571226	24.22920112197476	14.0	-0.7955958695967182
133.6360098734376	16.027563847584698	5.0	130.1164726728094	24.4581056813605	5.0	69.83940663930207	25.27417721398651	14.0	-0.9036412131001355
129.7088639530665	16.548194825547533	5.0	123.27660150009586	24.412866659218476	5.0	71.3022857565986	24.594117192326728	14.0	-0.60114614746304
169.87963866774427	17.335107622256253	5.0	105.79372461571036	25.879360516451854	5.0	59.21714863959659	24.1160211837727	14.0	-0.32533250772768446
136.16355802123792	16.321061037889947	5.0	117.7561577222264	25.146172435036302	5.0	66.0829812168637	24.146423482637918	14.0	-0.9781644965741797
117.17408819613361	16.36375933609227	5.0	115.36266700432908	24.46943220336516	5.0	70.79448727247781	24.414788183524635	14.0	-0.8313469185606459
102.48415309992276	15.857485427949277	5.0	127.17008503216957	23.58816300175843	5.0	67.46136316152857	24.763243062032473	14.0	-0.8766356360191083
121.96814413984862	16.730254295400144	5.0	92.76059168281607	24.7000354291601	5.0	66.0338390342397	24.833213039550774	14.0	-0.8771876652805592
106.46987443571592	15.72582517320355	5.0	122.25307540326745	24.480057676817978	5.0	59.91557051033044	25.380112642286964	14.0	-0.9519522325422091
95.3583500805408	15.437435627332878	5.0	119.60330020167966	24.053884352347932	5.0	59.88645548389609	25.512406682716193	14.0	-1.1774415365232798
101.95841406676566	16.262409002744285	5.0	103.87206908156375	24.464062259210873	5.0	55.719837295264554	24.284837506734362	14.0	-0.5889720957598039
69.89665768743009	15.067323912403738	5.0	114.15414617636728	23.10592567284318	5.0	60.015243161446	24.35611212821181	14.0	-0.7604158715555175
95.79110308615797	16.626385690316386	5.0	92.9463794990467	24.608039195296044	5.0	55.63485934066839	24.27537332576083	14.0	-0.9811353529032425
114.38770317060052	17.5046779473216	5.0	75.6624451816105	25.90105474457904	5.0	53.808235316574205	23.94027542515761	14.0	0.07579961711678394
107.66059468947789	16.82101445416362	5.0	81.16497579157691	25.714391795325927	5.0	52.415123477420906	23.11278874706802	14.0	-0.5937993480680281
109.82850722765639	15.741688582068962	5.0	94.36931010111462	24.483524708892478	5.0	42.632364118200826	25.438319353679056	14.0	-0.22866983151317344
106.40513484002513	16.591818613415594	5.0	88.19136763937097	24.787792342987995	5.0	48.622538448739185	23.799223216438023	14.0	-0.49872066276899757
105.62545236488899	15.883473802391551	5.0	95.22549719589537	24.755892154737044	5.0	54.194293539875	24.26822287274238	14.0	-0.22551144617791755
112.68668156665417	16.68061244518281	5.0	64.61465189967943	25.68310270386997	5.0	60.20668801335926	24.16370229276247	14.0	-1.0538822103023533
98.97624607809256	15.885501404190009	5.0	97.47953986503084	24.589806657624308	5.0	52.42022587557675	24.201181542946834	14.0	-0.6529700986222364
90.14957273966431	15.286168349811335	5.0	103.18279180936581	24.29481434935937	5.0	57.588773847573364	24.750613251674558	14.0	-0.4749782626743231
110.26331757215938	17.252552049907408	5.0	80.85480329497	26.013158905231062	5.0	60.176677596121586	24.500523863803732	14.0	0.1783592109028065
104.1498006822485	15.721103332281926	5.0	107.17309799411444	24.632598709905416	5.0	54.75256829071063	24.80949598195168	14.0	-0.29937890182414967
109.57633835856376	16.181055848337476	5.0	118.47807084488683	25.197693948667585	5.0	59.445706635642324	23.743577100143213	14.0	-1.1029595676462223
125.30871065747021	15.968106442692223	5.0	125.66019886654283	25.142181753924355	5.0	64.29351659883524	24.963952684080976	14.0	-0.7394220628032478
139.4183396067499	16.303004487571872	5.0	111.79958396732212	26.199128513240943	5.0	63.710620300040766	23.975341213934556	14.0	-0.7313917911590447
145.5643064443489	16.117616909817315	5.0	130.8627756017833	26.414510641974164	5.0	57.83716065516321	24.940639686683934	14.0	-0.52306734760872
126.97467191701614	15.737740363270888	5.0	133.16212368855267	25.25259047745451	5.0	64.94021815669032	25.050188878277723	14.0	-0.38524571449572664
128.14496306946847	15.612344300019503	5.0	143.98009790475336	25.340297357425836	5.0	62.863092817241615	24.165879657605203	14.0	-0.3549591690389579
142.48481334947883	15.907434540612197	5.0	147.44035008508067	25.515484251755236	5.0	64.9451306185691	23.500621737183018	14.0	-0.5750786777626865
135.82102703987667	16.500596843604576	5.0	127.0497143824234	25.606658025663894	5.0	75.54553563880795	22.622687316202533	14.0	-1.695320859808657
126.87680717738228	16.528923509732504	5.0	135.79011465463591	25.208796207252366	5.0	74.16867433666098	22.991624708733546	14.0	-0.8345569314641692
150.89945585412994	16.675052842668805	5.0	128.72997887296816	26.09208783394285	5.0	72.71168632286977	23.648233834393857	14.0	-0.4869293612232821
130.85540465666935	16.019106797150624	5.0	138.32940904217378	24.735970848262212	5.0	82.60785378967951	23.923442003724112	14.0	-1.2058687317501047
142.84779361844878	15.616445111767199	5.0	150.47637676864832	25.220472072167244	5.0	75.17016044109921	23.776234180374107	14.0	-1.0631766054832472
181.58289605286657	16.647326745547655	5.0	134.2674978418708	26.13759165936806	5.0	74.36373211866629	24.307666136904764	14.0	-0.761726759551511
170.7800622683672	15.919338011250542	5.0	161.34619431734467	25.022171472258957	5.0	74.860953312398	24.2324883683273	14.0	-0.1716163885075757
159.2573548274916	15.157704411581875	5.0	186.59568096349014	24.65332298025464	5.0	80.97308140170605	24.080352362490263	14.0	-0.35679251906789056
195.65128886528916	15.412771653147356	5.0	210.67537894681297	24.85809226863295	5.0	78.84633578729782	24.964324615917825	14.0	-0.279233061438184
191.33132448642468	15.3140704155154	5.0	229.7449958115176	24.86488729445548	5.0	84.97007148444386	24.44237711232447	14.0	-0.21491390001927008
218.3674600824561	15.690419769092795	5.0	227.0299715593909	25.089071689444715	5.0	92.11183979459842	24.401804357791637	14.0	-0.5467534368519223
260.5891524853721	15.820005076901339	5.0	242.88278208594738	25.60786910619194	5.0	87.5894186065276	24.505874574342084	14.0	-0.37949272750892554
240.44691858094413	15.893633327173662	5.0	269.06710773074457	25.244641517612934	5.0	103.15642780072334	23.321304109986674	14.0	-0.5414227879989871
243.41910369574427	15.104975566713305	5.0	310.10444462195096	24.753187993935672	5.0	104.40758958476859	24.727350889798362	14.0	-0.4679431991265467
266.1757452608373	15.45960605494661	5.0	302.6928916834591	24.687961883882696	5.0	109.67750894229907	24.418010120439828	14.0	-0.7877347120377606
316.4678317394899	15.88535990616019	5.0	294.9764050805388	25.038736986094676	5.0	106.00185631618888	24.53426070346599	14.0	0.34822100686027113
313.4980277549632	15.69890002906535	5.0	304.5679131427829	24.761349815972352	5.0	115.74139618927485	24.28484546436043	14.0	-0.06109578272828523
308.3876686794813	15.83115312553698	5.0	325.08902717696236	24.980032679333483	5.0	112.86535851530928	24.211178082082533	14.0	1.098351624570419
299.2642114731035	16.05847793719825	5.0	322.5869666144188	24.67159336528629	5.0	116.1412237431249	23.476458589991935	14.0	-0.04756187700945187
289.37938241970045	15.650465175179571	5.0	336.11356606432093	24.069795366283998	5.0	111.56125434900265	24.692893182837683	14.0	-0.0863998627143451
287.56070701029296	15.61351819158666	5.0	334.78186410649926	23.841177655247858	5.0	118.35590904455019	24.3233991197865	14.0	-0.9672523067318034
299.05447123895743	15.515324389857325	5.0	327.37474747787934	24.0777815241655	5.0	109.80005396636378	23.995827423278723	14.0	0.07463108672677685
299.95787329143997	15.535150053722335	5.0	325.9330802910724	23.507042044437465	5.0	117.97842061351912	24.284031358878877	14.0	-1.4079148435560271
299.8859853387243	15.23670735495353	5.0	350.648492333565	23.087975824645905	5.0	121.86543725256772	23.59869030133293	14.0	-0.7260274666536172
357.9812870644487	15.230406320573135	5.0	373.6342109232916	23.42189355199477	5.0	106.64781788247753	24.729061725039852	14.0	0.05815633679317255
402.82421104986526	15.481496139306255	5.0	324.7936806193949	23.345292561043102	5.0	131.68312615027156	24.355014199171322	14.0	-0.9818437957409722
374.5592646523998	14.961691312010396	5.0	388.6493595465523	22.805186453020323	5.0	127.98076505447872	24.408416407627353	14.0	-0.414211853624031
401.347582126858	14.586624870928334	5.0	393.9528461583238	22.977974079248376	5.0	117.82357108806771	25.214542218280215	14.0	0.356468334921394
410.207720091174	15.008749935775443	5.0	352.54064601933504	23.038668398345678	5.0	132.24554188181403	24.26205690762875	14.0	-0.024988699372841153
414.1779079717504	14.907082362485804	5.0	392.13937020986066	23.103001695730317	5.0	127.49616534807029	24.769934678019013	14.0	-0.40466389966387317
402.3377778226221	14.976200397653551	5.0	379.02257164423696	22.9768819714701	5.0	135.3686453075838	24.434098363647717	14.0	-0.6314825233065996
428.71886994766174	15.17929190027135	5.0	342.0922018989392	23.166645359882754	5.0	125.62784642823617	24.603814068098085	14.0	-0.8663384231189921
392.42592688243377	14.500033099540435	5.0	399.0885101415821	22.666908020644534	5.0	116.77787352049268	24.865526658893227	14.0	-0.22760572340981536
396.9660949722798	15.20932725737371	5.0	329.0049699535214	23.078520094280268	5.0	124.40841337366263	23.930901890159138	14.0	-0.7752250055761869
462.5377152431242	16.023347384757137	5.0	252.2124007128196	24.153195269696877	5.0	128.8913738043787	23.54752441745438	14.0	-0.022787480296412296
428.17496140941734	15.104698630085105	5.0	327.62122837679567	23.18274037133664	5.0	115.29379904989985	24.69109850835162	14.0	-0.34813850947513897
420.86535118892743	15.459791546942512	5.0	293.73614145263286	23.19980155368923	5.0	123.27898114846249	24.794863177617895	14.0	-1.0279249733114504
503.0424074500063	15.688034780747497	5.0	280.4362436951678	24.05753444269418	5.0	114.12700144973867	25.146863504029422	14.0	-0.21955491691493645
493.3132927297075	15.264277916513741	5.0	323.25354947180386	23.551777358614387	5.0	123.55790717161443	24.643666813049848	14.0	-0.3888653329842471
515.5612418389788	15.291044753175715	5.0	323.95308358662595	23.727380835516986	5.0	134.96186812083707	24.23228502127129	14.0	-0.7497496845423082
478.3435503609363	15.151309741487534	5.0	360.3520147511267	22.979673696188787	5.0	156.843068667854	23.716794980746535	14.0	-1.2291356432979914
527.7763170266679	15.071062367305895	5.0	396.3793443153435	23.49809426345315	5.0	137.02256518296215	24.350979885681294	14.0	-0.5236610921779193
477.5573572843937	14.704736917849788	5.0	432.1642918679194	22.367796847840555	5.0	142.89767526901906	24.618490179207754	14.0	-0.431965104980792
517.2700840924493	14.734015859531928	5.0	399.86973132151786	22.642638450450722	5.0	163.03430875893432	23.764817446965303	14.0	-0.5909431445197305
530.7007428885477	14.774458508193634	5.0	424.5348206809931	22.564846457713152	5.0	152.4078032278439	24.003793684077515	14.0	-0.00025267968885805665
565.0791249765665	15.033106150922476	5.0	383.9172112047764	22.764997632451742	5.0	145.31025461382166	24.41579556845068	14.0	-1.185027503601685
534.0509870400822	15.001221164021166	5.0	383.6210237384431	23.117118985673788	5.0	149.6464493040093	24.232747650281528	14.0	-1.2011553616930644
450.43857298126926	14.563694016926757	5.0	440.44055770498676	22.208828664533645	5.0	145.14616599632453	24.710606321974097	14.0	-0.20648279348426457
510.3265513096402	14.822481574708757	5.0	410.8068730859191	23.448817015025988	5.0	125.47062783778665	24.739070605519096	14.0	1.134004892440696
443.00792632122653	14.631864966407168	5.0	417.8102616508189	22.918556926361738	5.0	148.92770258819044	24.426238472869393	14.0	0.35268507613229366
449.4894269713979	14.64582015168247	5.0	408.44128826381314	22.58913462654505	5.0	140.1023413555709	24.47843385513807	14.0	-0.3517659487931539
458.0683185991554	14.468807186382541	5.0	448.0001732783016	23.371550912746176	5.0	129.71844679819304	24.529889201472397	14.0	-0.8660629633584935
439.7677459836499	14.648993197545877	5.0	408.682227603802	22.935001714620213	5.0	149.99834705246954	24.41877569941911	14.0	-0.23530316525895972
456.70593357439043	14.536143600239637	5.0	419.4937752175854	22.921927602233513	5.0	152.34203051524815	23.87384406097909	14.0	0.01636007774779854
422.81186735783535	13.881645776494844	5.0	471.7181211758642	22.620026471059965	5.0	148.72874302526435	23.755911228878553	14.0	-0.6518389024641533
403.44334377302005	14.151833145311901	5.0	474.0451313119617	22.096544708864148	5.0	160.2130963238568	23.910480051861867	14.0	-0.9257336608530715
441.464028718091	14.12547436494771	5.0	469.5337966496783	22.347617728410132	5.0	151.21079804908337	24.15918501587038	14.0	-1.0434878087858006
461.36876596826477	14.233662891080622	5.0	456.656855210759	22.47078854385267	5.0	152.12532157446157	24.576980931416514	14.0	-1.313891404140982
459.8757604642126	14.831734075074932	5.0	453.3443049117555	22.336456680655623	5.0	153.48890695611615	23.88861101449615	14.0	-0.5248874039844794
444.12007436679613	14.614001917086947	5.0	453.94897338879696	22.289039177410547	5.0	149.5581054504132	23.749625235286945	14.0	1.2579330924870893
475.1210842103814	14.445068828454962	5.0	499.3970484995434	21.966785154429257	5.0	138.92982498097305	24.742107598766392	14.0	-0.34301112663255073
461.0503904519733	14.303456236840827	5.0	549.4623926561633	21.068657596046886	5.0	152.88333353685871	25.06600937998615	14.0	0.10942619385530492
470.75304593162343	14.664296187414116	5.0	494.25574425275204	21.167506379994645	5.0	181.54145597721615	23.762789412584993	14.0	-1.5084342348233868
589.491668875951	15.067535313663956	5.0	403.5215277649763	22.411347208648344	5.0	170.2840330768684	23.965399618718596	14.0	-0.28042851565384186
584.3482263922486	15.071171417332856	5.0	392.0280397989623	21.721978441391126	5.0	174.09787316292716	24.058174799737568	14.0	0.10787419085974569
507.5812488488488	14.257178676723345	5.0	448.8972513765596	21.41030164339987	5.0	169.826383387858	23.716670724850555	14.0	-0.2654103262104837
666.9626849558252	15.228986684612577	5.0	275.9990616577492	23.49578176547974	5.0	175.5134973530133	23.625801961512526	14.0	-1.5641052007368688
590.6106471329075	14.405762559803655	5.0	350.99921135655575	22.577534169996554	5.0	166.1250902472591	23.99579942683973	14.0	0.34176680960063094
560.3060218865295	14.203267129255254	5.0	350.8508598639697	22.39640660806758	5.0	168.4994489012338	24.346441516827365	14.0	0.18513606600426946
653.5391188839556	14.561711077809642	5.0	318.06042847863773	23.392756031248283	5.0	170.08788845808797	24.666339692241895	14.0	2.0316440281055343
674.1574865002979	14.170850501570005	5.0	366.90634931111856	22.93611913483722	5.0	172.96786648221445	24.588176567244325	14.0	1.0821084448853011
665.0756965189195	13.775906676361387	5.0	385.9693529311663	22.33884501435123	5.0	197.48913429996563	23.78516865858954	14.0	-0.4977369403147642
789.653514236582	14.473574779961707	5.0	342.19933626109423	22.394829754503792	5.0	203.14813850136673	23.70749582089123	14.0	1.5265737675937068
861.9410235494134	14.017816815572715	5.0	377.83334774985025	22.74475745198874	5.0	187.62036910236637	24.865707722530253	14.0	-0.03951620964123373
920.1519282085844	14.365510108771026	5.0	318.6264064771375	23.500947296986002	5.0	203.95228293989757	23.751357732079118	14.0	1.574625616420113
821.7646632111708	14.521153549553114	5.0	338.915595608439	22.76619419547189	5.0	243.0093100055509	23.47071738271827	14.0	0.734188836949078
895.9194832720387	14.255933112225666	5.0	370.3762619098878	22.886716246151455	5.0	212.88598344076507	23.778441126114334	14.0	0.8997368117010277
923.7411438128293	14.56800328920014	5.0	338.89002300443536	23.308145541815186	5.0	247.89541264559819	23.154208278198563	14.0	-0.9511448357893967
970.258096429606	14.371522240875384	5.0	348.86473851233575	23.313309163648476	5.0	239.2688896689245	24.03181036139477	14.0	-1.4976702062256468
988.244971678518	14.24856792684002	5.0	424.9216431669545	23.300193070342328	5.0	222.20478008903723	23.689916121839687	14.0	1.3055535067253907
1036.8998452990713	14.186881791827812	5.0	377.6016600244584	23.078295847095877	5.0	230.87236403817087	24.44733845762521	14.0	1.9246708225905182
1043.2167053182152	14.37238091730046	5.0	389.9987230551112	23.416672434768657	5.0	240.6385308484671	24.20642216047761	14.0	0.42038211214196897
1074.6671592408634	14.451664943413006	5.0	390.42649178056877	24.089140902067662	5.0	218.75681433430606	24.386457745014795	14.0	2.412861911869482
1034.4339295963732	14.45628108193976	5.0	387.1707485913296	23.43920027020353	5.0	247.29658867106608	23.36343130398445	14.0	0.9212164165872868
873.6427303960107	14.070139635068301	5.0	419.4334799137374	22.645388659566184	5.0	276.4605645346357	23.4842701726234	14.0	-2.5836061841196427
948.7889895213408	14.263771113207351	5.0	415.3168590713651	23.01459538075722	5.0	246.07239017937536	24.374100890776173	14.0	-0.17548081754278574
957.5769003662871	14.34770383146627	5.0	420.32681115651906	23.253778622726113	5.0	271.1633372698025	23.42587960928916	14.0	-0.11407884569578738
937.788501311082	14.701374795968421	5.0	364.84467411720965	24.02964366447225	5.0	285.9936695457997	23.20647265916814	14.0	-0.35975569030607263
948.8400793885796	14.873192666847887	5.0	402.9356679198612	23.47929612491419	5.0	277.0980840427991	23.184636239464194	14.0	-2.158447467508091
869.0301834895415	14.426566460205981	5.0	501.10553880826984	22.17791980283852	5.0	277.9710752605966	24.09561898570343	14.0	1.0390393104488147
975.0648644705935	15.097052304354307	5.0	427.97674522689414	23.745411545383625	5.0	283.2475657852631	23.646967761891183	14.0	-0.15239520499854006
998.1915996510321	15.56420668626967	5.0	339.9071008101647	24.70026017658264	5.0	287.78884827846485	22.9658665945931	14.0	0.6348786389592765
