amplitude_0	mean_0	stddev_0	amplitude_1	mean_1	stddev_1	amplitude_2	mean_2	stddev_2	amplitude_3
341.2697544062439	15.507235649917424	5.0	812.9604041012676	21.611664576447716	5.0	539.6432714002323	18.237188604396525	14.0	9.943642912140216
349.24972491607224	16.12698559580664	5.0	799.6331693169047	22.105183244445257	5.0	540.7684561059267	18.701847847613006	14.0	9.555164376747173
316.28699827302603	15.892411815791904	5.0	712.1247432961356	21.92732918414111	5.0	538.7728246030108	19.025209152368333	14.0	11.307993560389479
513.2249802859152	16.57406542333015	5.0	633.7342515019944	23.203367071804024	5.0	525.6602365026318	19.310199496362348	14.0	10.124763881924208
352.4907007931137	15.443050673293618	5.0	770.490632611692	22.24754436601159	5.0	527.5444136301348	19.601879204718113	14.0	9.2530108050056
556.8802543515868	16.6423569969327	5.0	561.4333443988164	23.07694473615488	5.0	523.9435462918544	19.22349802674945	14.0	8.889120822539631
316.47656562701184	13.656675796792287	5.0	807.4461661668046	21.492845261788094	5.0	529.387839551081	19.80421739476796	14.0	7.0345894106562845
532.9373670349771	15.674672693153099	5.0	597.3778240402303	23.09224185342441	5.0	488.366783740982	19.3162416596709	14.0	10.858947918734142
572.3939645479724	16.175547710953712	5.0	525.7607042744726	22.9118464923266	5.0	526.970139343834	19.691114856311245	14.0	8.47856080498568
493.03501472660207	15.29587917463005	5.0	581.3235211062054	22.73509732860757	5.0	523.1235509258656	19.826769576212897	14.0	9.11521873174946
760.3888897514117	17.210944288138297	5.0	253.34976662619857	24.363093104453792	5.0	569.5082037240942	20.203018601972378	14.0	6.600423269586611
634.3430989396587	16.919492035898994	5.0	326.22552250061034	23.11294915442019	5.0	574.8344412842403	20.09087341007905	14.0	4.785771267041652
144.0572263645453	8.056520126915242	5.0	901.0379787022282	19.689519852241542	5.0	565.1764987013881	21.457997380969296	14.0	3.0736989534755756
112.63240309180046	9.740222816897592	5.0	772.4606543431419	20.043870341184615	5.0	587.6677938395842	21.04575573797387	14.0	2.8164418437553027
114.93017348063304	7.475149309127051	5.0	847.3183139500479	20.195909934824947	5.0	548.6846990846346	21.162277940939646	14.0	3.217734280231351
135.2350833031526	5.3525426341509235	5.0	928.1260426184273	20.341450770906047	5.0	550.2040868872083	21.592866077016385	14.0	3.5911149679615506
111.88295487790334	5.544752997445355	5.0	852.2404550060451	20.395922357501615	5.0	561.2688086164544	21.560079205169806	14.0	3.4722528146588925
196.66865179757994	5.505419930259774	5.0	934.0728737565738	20.33920444745337	5.0	468.6025287296269	23.059899744067597	14.0	5.478859471040202
171.84796597912552	5.230851468703919	5.0	891.2717229741388	20.33644522131535	5.0	510.61913692888004	22.744553919291214	14.0	3.5119015380268386
112.2746744971929	5.078896724925406	5.0	782.3227445196638	19.949230347302528	5.0	543.0039764217286	22.329884522178773	14.0	5.317150970138619
700.3669345259417	20.0	5.0	26.210873967821104	29.978519437554638	5.0	622.6708760911083	19.983484962462907	14.0	4.510946205307728
670.3201413322396	20.0	5.0	48.18368352994405	29.044088750944674	5.0	644.8997209206582	19.76634616939481	14.0	0.41852478306911145
564.8281678068754	18.7006771413921	5.0	196.7091107344823	24.761801353508474	5.0	623.8341547173762	20.18243355759535	14.0	4.6529175360625
651.2568802675423	19.34462119979273	5.0	160.019090847341	27.577425452879123	5.0	608.409762322809	19.926979133699156	14.0	4.056147760566439
577.7740148774252	18.98752664405426	5.0	188.21727569512288	27.356350273659366	5.0	611.5477694288936	19.97463480506998	14.0	2.1633344349430317
522.4913601537539	18.696139863896608	5.0	203.70159122385218	25.61886106395184	5.0	650.3599525434378	20.46905937127266	14.0	3.456678857842825
499.56029234364615	19.31874850638005	5.0	210.4363999651341	27.167970164073324	5.0	630.9552361274818	20.10235376484596	14.0	5.29989775096937
156.11911655853638	14.16779793774244	5.0	521.4681561115705	23.272508865719022	5.0	646.6600466697819	20.69547407163473	14.0	2.511070797243316
206.3093513838597	11.40973236443278	5.0	612.481059848484	23.448035765241922	5.0	593.156362846105	21.26997401817908	14.0	4.737217455624411
193.5651005501584	9.761790734569091	5.0	685.7599299982666	23.357588531138394	5.0	576.1567829151788	21.42423628349072	14.0	2.7559076511535863
160.7710050880923	8.976661520714433	5.0	610.1931542077665	23.249105452612493	5.0	609.8801760693293	21.692204285516787	14.0	1.3214998018385686
148.0966822893787	9.377930301082136	5.0	525.829651239088	23.083144616329918	5.0	647.9937157204798	21.49411066281055	14.0	0.7103314715898854
165.7705102104588	10.189721975682769	5.0	516.8841158746106	23.91424372744753	5.0	652.2284568795012	21.183208904052513	14.0	1.9760302694673684
191.224581324405	10.852373789650425	5.0	539.4328677117715	24.152290935423515	5.0	644.3296493457552	21.348483298698252	14.0	0.2477181926134842
227.1608240422428	11.593981319710913	5.0	515.3811749397208	24.52625861050844	5.0	619.9265522211933	21.30874335905847	14.0	1.038914947307689
221.89274873780673	11.93521591941724	5.0	479.3113902166861	25.05289960340504	5.0	654.8439948761567	21.288826236847996	14.0	1.1096751281730879
259.2526292835735	13.319371706354332	5.0	432.2541649929327	25.272155428625236	5.0	640.270151357836	21.344778307312083	14.0	1.5871881483132455
214.81466843664904	12.5997483404315	5.0	535.4700390369798	24.479916903990222	5.0	659.0115433573335	21.3268019683364	14.0	-1.1206002130058115
239.64334026232632	12.174056573593026	5.0	543.6394002433473	24.801284924378262	5.0	628.4498896877578	21.465939336177982	14.0	2.599111780821467
310.5468506196558	13.470834945384002	5.0	545.9910298175769	25.27003284622073	5.0	623.3400853883311	21.285138199473245	14.0	1.3142363946601583
278.42570941029044	12.28962704348238	5.0	576.7135808644306	24.59111368249072	5.0	636.1400967327479	21.49062146256325	14.0	1.3524151862568659
284.0793622667867	12.394157555348563	5.0	523.7614989683841	24.00837850861553	5.0	673.8483588616724	21.77352109733314	14.0	-0.5325473249938931
347.60915223031725	14.160373443739322	5.0	463.3470103971752	25.239430353126785	5.0	674.9311062284046	21.090148420251683	14.0	0.8816613904251362
364.39123350131194	13.55573020383635	5.0	489.90095320102614	24.487534077983675	5.0	678.9568738519405	21.461148458854158	14.0	0.6425842334216522
361.610235491611	13.613292928730068	5.0	486.970196986496	25.03839984470226	5.0	681.7941261047652	21.147349826275864	14.0	0.9534330678157926
379.53161494929844	14.476791428465685	5.0	409.1600468643933	26.10102489043582	5.0	713.3668923268833	20.834081892437123	14.0	-2.6812281097477215
372.40129831885633	13.171937377035851	5.0	449.4318066216929	25.022128209156353	5.0	692.375703307441	21.37211599955506	14.0	-2.5011772885832335
486.55974937886117	14.119495574392182	5.0	501.4443799995776	25.134594992970246	5.0	673.3838687090414	21.491265042520563	14.0	0.4390843785701676
552.9790378371173	14.394856786294485	5.0	472.1836366053589	25.90496889193498	5.0	650.5987008575373	21.138712423862547	14.0	0.7281329940461239
586.4838242476027	14.355833686673886	5.0	501.30197978869376	26.333090104149388	5.0	648.0670888195106	21.26013954692654	14.0	-0.3889350489704567
653.6742713615298	14.288654762151156	5.0	554.2034831612592	26.83763704995688	5.0	624.7825422621485	21.137016484108656	14.0	1.5130215141988401
674.908221459804	13.805245220659579	5.0	593.5518509724319	27.145614753490854	5.0	580.2111818754036	20.7097359624439	14.0	3.45808373895356
752.9731074369856	14.058807003993461	5.0	675.7110611884858	27.737865492874928	5.0	539.9499450842342	20.5254092756827	14.0	2.701921267091424
720.8485428989068	13.5877855620435	5.0	709.3408506687598	27.636339468360724	5.0	537.7126173058933	20.611927129906352	14.0	3.657708699346738
763.3490492318601	13.528174328857828	5.0	743.2223360785352	27.43718669033885	5.0	517.4815417677794	20.562675269948627	14.0	4.396263173703987
815.2653853718267	13.538981514383345	5.0	812.0633476142681	27.432646887722527	5.0	479.42500697658807	20.83417525782679	14.0	5.821859080348956
817.744244823653	13.232993103366152	5.0	787.5402219402507	27.498472082620626	5.0	474.3843064850268	21.190211709777742	14.0	6.905288855231856
763.9627904033615	13.571440323182722	5.0	775.0773015464027	27.602813923911906	5.0	493.6467261286646	20.445588070105668	14.0	5.136998336218175
796.436188030277	13.640510642321516	5.0	758.5925326365148	27.852000245810007	5.0	454.01221325571925	20.31812128280297	14.0	7.484016159299464
760.044072476688	13.61913998541042	5.0	743.436870538392	27.63663226857118	5.0	476.30171940732697	20.312745729938467	14.0	5.7782909995364715
784.8070520370462	13.601176134696926	5.0	798.5591014937918	27.368096943472054	5.0	460.18259122032106	20.54835427824877	14.0	5.726829765763757
804.575181981442	13.519303384976979	5.0	882.6378820575161	27.548095636229025	5.0	453.3528294481985	20.379694781733583	14.0	5.520255575399084
740.7783025849499	13.395976558414983	5.0	864.601532312314	27.514466339927047	5.0	457.5106462569636	20.196480629817145	14.0	5.476200531346538
664.8577605588306	12.813035294402443	5.0	930.2134395290941	26.886778448349837	5.0	479.38658588301956	20.44230436912053	14.0	3.4733738793631974
648.0989362155931	12.59857206726842	5.0	913.1440450548595	26.822057929752276	5.0	482.06602287664293	21.113237185387405	14.0	3.851918388217376
659.6743287653525	12.835548354098835	5.0	956.8119018409526	26.811346853789384	5.0	468.5532303726514	20.904576007507103	14.0	4.117750743331229
653.4078444461817	12.820654998104484	5.0	965.8810337403248	26.78836303217505	5.0	470.63403976117337	20.479947370939517	14.0	3.6111047781759185
689.766296308991	12.890763771533898	5.0	1037.640653250697	27.034791296118108	5.0	463.2222584549695	20.367262217866475	14.0	4.173315561417132
684.6854845315609	12.640622516925582	5.0	1093.8692890407408	26.785064959115118	5.0	457.57618134045066	20.61624421824651	14.0	4.111698843960789
663.1659534307202	12.372334614360291	5.0	1148.2038768908226	26.701486219975145	5.0	450.74558034894085	20.33470314735049	14.0	4.584712054934722
647.0239880836614	12.29345070721457	5.0	1132.7421073682854	26.409600670299913	5.0	486.49678409360115	21.026666456156626	14.0	2.6264800534553396
689.935069544792	12.422059653134205	5.0	1141.670438054606	26.82718163861636	5.0	484.5857107497699	20.542551858222435	14.0	3.1299193481170224
665.4718902109878	12.17693747778183	5.0	1137.8448321982803	26.58475902327936	5.0	517.3061300922989	20.71758171563317	14.0	1.2943658349552436
649.1823819558701	12.2172079362997	5.0	1180.8076820637693	26.328472457545015	5.0	524.5865538780646	20.614171530877442	14.0	-0.04196883752805951
667.5511499257005	12.43771914777319	5.0	1202.7719726124208	26.437894136092698	5.0	532.5954700268657	20.327507928679147	14.0	0.8413388730131329
669.076600269881	13.002178168740054	5.0	1247.224311964697	26.64650691570617	5.0	549.1965980144506	19.699702307039217	14.0	0.04847063078247825
671.6800999878669	13.095813869397196	5.0	1253.5265817796271	26.814567213479826	5.0	532.1303484313643	19.38791417346666	14.0	0.5892012998063679
641.5738548843287	13.346447562985677	5.0	1289.69132042156	26.769773586299888	5.0	556.2994449699715	19.13141777476919	14.0	-0.37516176524194145
588.0717299078723	14.194229100749455	5.0	1324.3890669720877	27.053664256114146	5.0	605.0719238324007	18.706534948137016	14.0	-3.1801447053602607
625.4241438976558	14.135644167186015	5.0	1362.8471834261582	27.174560848074577	5.0	586.7523960095364	18.465607892601238	14.0	-0.6917386013220224
647.4217832330777	14.573610189451147	5.0	1401.042274812265	27.221848434254984	5.0	592.4747062805824	18.040213620130633	14.0	-1.0651802143753621
634.7557601217677	15.019175221691572	5.0	1453.6938368232288	27.39013734740553	5.0	598.5065531836909	17.77373775545171	14.0	-1.866303758255421
687.5606867782352	15.372438883732565	5.0	1468.0439342091117	27.468464422514295	5.0	582.5568561577318	17.747406355169996	14.0	-0.9268321050341567
627.0320637042101	14.969799826290147	5.0	1507.938123788506	27.375384810847816	5.0	610.9270288553864	17.887407729660158	14.0	-0.6667779083138465
591.9831820484741	15.155431564860455	5.0	1469.6048384781054	27.369011898459995	5.0	652.3036074150181	18.30135650898983	14.0	-2.3723824730187375
434.42969589343835	14.712152652037712	5.0	1409.9514938747336	26.90553815097998	5.0	738.2935657734934	19.228716902651623	14.0	-3.733755676936336
389.37630338667606	14.088156948677257	5.0	1397.5958845103812	26.780285663694126	5.0	774.4184605809654	19.537690058044305	14.0	-4.740712520052276
462.1751408407632	14.008506839542646	5.0	1448.7154059189334	26.915604437635118	5.0	754.1299221610863	19.646321908560495	14.0	-3.416977861669349
419.6311712741645	14.728039661697698	5.0	1430.5534318103093	26.889725430811787	5.0	819.6682177914739	20.045856759642366	14.0	-6.335535545995989
376.0303301134751	15.29588905142521	5.0	1383.5376088806831	27.031752450870524	5.0	843.395571754092	20.282221227816546	14.0	-6.178378086336907
416.45443866279015	14.839559213007876	5.0	1478.089264718523	27.113945487241395	5.0	785.3656807112761	20.406329451673535	14.0	-3.358361825870876
468.11754555115505	16.00972773237672	5.0	1528.0798175774207	27.432925416027157	5.0	757.6415138978386	19.645717342927	14.0	-3.564233367472962
461.6709409447459	16.58145928014967	5.0	1583.910883879267	27.4638066703607	5.0	757.3801681100365	19.623497943593353	14.0	-5.150694303176703
441.97671624044506	15.7835309297174	5.0	1662.878886966326	27.149187688767746	5.0	702.8407264901367	19.358827643012376	14.0	-3.034231471133395
407.7250658405122	15.753124738061047	5.0	1742.7582730313839	26.947157192628442	5.0	675.9967260528274	19.34030164379089	14.0	-2.3305694430190926
356.76926414775005	15.107391900116507	5.0	1871.6536442443353	26.92930527379922	5.0	632.8477112090535	18.954323303691517	14.0	-0.7407545800936187
301.23193402318987	13.979351520515426	5.0	1922.097216107397	26.58330177114847	5.0	628.9912184803696	19.346397362489256	14.0	-2.2416161130084404
312.7729574022884	13.040816058094547	5.0	1912.6772776149226	26.32196134146129	5.0	568.8369024376744	19.3087510089395	14.0	0.9949232916969248
323.5200751422806	12.595436275022232	5.0	1941.578222156748	26.343570672276414	5.0	517.2894481775346	18.70502518951591	14.0	1.9258490059549467
335.9652418856323	12.133208520555296	5.0	2038.4930570695503	26.24957668026851	5.0	468.444779320769	18.604846862441967	14.0	2.9582245313982773
283.0175115030647	11.740092102844754	5.0	1984.9077996452918	25.99735433570362	5.0	485.857031238181	18.9217299813512	14.0	3.418364618292338
245.63684011869964	10.724723981691655	5.0	1942.0115405812276	25.690853699263812	5.0	491.44923425735294	19.214046594217926	14.0	2.6109857767188056
181.99823217806085	10.40471936082917	5.0	1877.118941389241	25.519949334830248	5.0	516.2821178102544	19.103571944828406	14.0	0.8091768904026982
142.797436933754	10.40732327971706	5.0	1840.1991053440609	25.187401811572826	5.0	529.1952065252061	18.85701935987958	14.0	-0.19999450667537141
166.81498229755587	8.061636999413114	5.0	1894.9428618775573	24.757862807485136	5.0	502.74766827920973	19.422763044887486	14.0	-0.5435911960012103
207.1517461919836	8.235228182880565	5.0	2003.2518848938528	24.436946774472652	5.0	447.83410639502273	19.026306811995845	14.0	2.639490720892347
216.01585935514376	8.34902368883641	5.0	2048.4290817296614	24.171940820098282	5.0	422.40525752210283	18.576340850088314	14.0	3.6757192985318596
265.5367336049583	8.00048894916465	5.0	2179.820297800905	23.939749820730714	5.0	358.3669428127349	18.261321668433975	14.0	5.658199920460974
307.04738126990685	7.659160909241478	5.0	2337.668453196506	23.775221264387493	5.0	286.3724546475213	18.061745421152406	14.0	7.898302178897686
291.18677093986975	7.492120827180561	5.0	2320.067492004418	23.537460023654756	5.0	290.943852985597	18.429730014983587	14.0	8.452871771248828
323.1479345676803	7.3423176018097145	5.0	2399.8832959370006	23.284002014786022	5.0	225.8582198248963	17.755637176438768	14.0	10.532058304556529
373.3849713416692	7.1326076580124464	5.0	2472.574039653506	23.072762887750716	5.0	165.72472695734774	18.925665515433938	14.0	12.494675751216164
334.6443385199511	7.302054326929276	5.0	2371.329140977208	22.805840853446387	5.0	218.76248305231215	19.666982716257976	14.0	10.755658373701898
384.0863284677201	6.888776082690064	5.0	2488.453923126251	22.505910140209473	5.0	174.65732910416733	20.97833862373278	14.0	11.031551132896508
402.5503248833852	7.68020803097229	5.0	2400.988103563867	22.27301273376142	5.0	188.3283036071815	19.81282703563928	14.0	11.381903609121991
446.7750739174606	8.357016188889473	5.0	2260.2898170583153	22.078248019692012	5.0	204.9708382870526	19.995207155418953	14.0	11.32930686070169
612.5438612298578	8.26511536408942	5.0	2385.351545955154	21.888627070779314	5.0	105.25832048871341	34.16024800360763	14.0	10.740534412212241
653.3537331053103	8.476464116619935	5.0	2268.9749475404637	21.81698892747015	5.0	116.76408861940534	33.914862476147185	14.0	11.048292866258551
627.353821948456	8.527159661425516	5.0	2047.2868153744337	21.612025937066658	5.0	168.7247220255733	28.40452785640976	14.0	10.764758633567997
589.9410080005937	8.821350930035056	5.0	1832.9663324064063	21.578243538223063	5.0	257.7895527478057	22.828153048394523	14.0	11.156517094149626
588.6846010446961	8.982290010942211	5.0	1745.7219010299432	21.34775600241846	5.0	296.1820677871706	21.865143988307835	14.0	10.484711805915975
572.0945258560537	8.949725510391353	5.0	1701.0901581026535	20.90382063533731	5.0	324.0354640454839	21.832705566092585	14.0	9.281629187662444
712.412876843532	8.750361937829004	5.0	1772.977260726818	20.753896048704995	5.0	270.80356006438416	24.82692035054934	14.0	9.352225906514123
767.566751118327	8.48626040145773	5.0	1891.9821758971405	20.549981441582226	5.0	224.16387214319835	27.244733559001993	14.0	9.335686481325206
733.2982881587457	8.316017583015357	5.0	1936.9641654300324	20.217051268744065	5.0	212.88651737440526	26.84129395249326	14.0	9.318387993477556
728.682660560863	8.543759060296019	5.0	1888.56937301998	20.04832745227104	5.0	243.699930185414	24.494291320922542	14.0	7.282146017598186
812.6438128413332	8.505442370649416	5.0	1997.9467203622248	20.03810199848902	5.0	189.17703243985764	27.73862783886868	14.0	7.272311177821447
832.8314894649035	8.57846919366669	5.0	2052.372639413541	19.79201784685597	5.0	171.09736888401758	28.778182716515197	14.0	7.937767075796563
749.8544225984452	8.707704346873289	5.0	1962.6340127764743	19.386212494951515	5.0	231.80741780510803	24.061748115056716	14.0	6.36277927292398
783.8739012138188	8.240473452300565	5.0	2036.120576869191	19.228299488198473	5.0	187.91520340865162	27.684712665475715	14.0	6.0736546308415
799.3423202675884	8.459553957182784	5.0	2032.0187703581937	18.89794177159424	5.0	186.54954137429746	28.51839670139931	14.0	6.150211239965501
698.8888828240782	7.950666609163618	5.0	2050.218554930785	18.153247134221484	5.0	205.421949714588	26.5781408987122	14.0	6.101525406256024
714.9935680251576	7.510842708244479	5.0	2105.386424789798	17.777999291357343	5.0	185.30020136839303	27.72109182678116	14.0	5.815551766309792
700.7482720709332	7.749222644719531	5.0	2140.663026013903	17.53202242967456	5.0	210.3309190227666	25.554565516018375	14.0	7.014044019362279
664.3371785478214	7.599298719480867	5.0	2225.4406090277157	17.1730140914317	5.0	189.42045393521335	26.324958855893744	14.0	7.234952786366283
695.0665490755665	7.5577367345628215	5.0	2219.245636221994	16.94291906532883	5.0	166.77642993162138	28.413532664273177	14.0	6.210189005295655
659.5926371042551	7.383955421125061	5.0	2228.041209097572	16.590107155794893	5.0	183.34809630600998	25.924227439098267	14.0	6.856767001428725
656.2160336928187	7.025974491708765	5.0	2234.765766784214	16.40859123990514	5.0	168.0744316574619	26.94056030305529	14.0	5.470703302640242
643.709676506043	7.084581988957662	5.0	2198.0056738155868	16.18771986670179	5.0	184.2729146303266	25.928969818972227	14.0	4.564074227552986
639.1174560084968	6.926551481540472	5.0	2208.404045889865	16.123898989424784	5.0	177.79320597019918	25.309325718107946	14.0	6.567689269450195
731.0470473712878	7.47620132908245	5.0	2082.454099074353	16.268933723686985	5.0	185.93647209428912	24.6982693313457	14.0	6.911703645552874
718.880319324746	8.09397338590838	5.0	2071.7045283962257	16.16324403651766	5.0	215.01117275085494	22.594988608397657	14.0	6.5246233590406195
710.59073966348	8.405011457071378	5.0	1990.1650908498202	15.982959950670194	5.0	216.85953556914615	22.21105276468389	14.0	7.19290666212765
776.5802890801201	9.266789361885978	5.0	1866.5001807995086	15.813607459359236	5.0	242.64044067882824	21.194181370352883	14.0	7.274893131077076
736.6407030149245	9.607392450860841	5.0	1935.098812027556	15.491726831523383	5.0	259.00649099270385	20.277875301579883	14.0	7.43156112254108
684.6989459423867	9.619740850895539	5.0	1924.861252600383	15.253078212965132	5.0	272.1720493310069	20.028057363922915	14.0	5.906611506060766
979.9828445325863	10.638678824531148	5.0	1601.6173421951064	15.808661305284186	5.0	265.77506950883713	20.06812804742181	14.0	7.480273630680705
941.8646053735929	10.344122666682779	5.0	1587.260173827303	15.720698875014243	5.0	264.48454145234695	20.44870856538539	14.0	6.731332312421837
909.7112887706235	10.066018715857231	5.0	1627.8355944342147	15.558534595320923	5.0	264.9411552099046	20.750297795410038	14.0	6.762421647972656
1237.841280179778	10.59601351624713	5.0	1381.289559196644	16.01722573675552	5.0	261.48096453511505	21.046339051283418	14.0	6.861720669259221
1053.5074565606449	9.733459374379516	5.0	1593.9585313093276	15.555568584815212	5.0	243.09973812834411	21.95932108138039	14.0	6.353274890391971
932.0802149319446	9.280192329956003	5.0	1753.2683073428473	15.242171475695168	5.0	240.06990813076203	22.2871702896986	14.0	6.993488601480591
881.7250320665582	9.041273689269984	5.0	1862.2765973493042	15.0	5.0	252.70099316377923	21.95960763715234	14.0	6.413422275050787
902.5865307460832	8.703550835210189	5.0	1905.6060617865235	15.0	5.0	221.12133904319958	23.67180993622917	14.0	6.262342825152221
992.332788177047	8.609546333986003	5.0	1931.6917758622626	15.0	5.0	189.0916069599775	26.743226840626317	14.0	7.30476254565503
1123.302834480712	8.977854974738719	5.0	1825.9637720827518	15.0	5.0	211.72608597228393	24.535730209814908	14.0	8.412430836216695
1149.3118299234004	8.642849359633638	5.0	1873.7487399880467	15.0	5.0	216.37110473746725	24.822890928429736	14.0	8.159990951201634
1085.9454446898324	7.979301468939657	5.0	1977.718802426395	15.0	5.0	215.14805640485696	25.79399804365957	14.0	8.272891699209767
1128.713985321103	7.812430616035311	5.0	1973.7105171895698	15.0	5.0	231.08116371950024	25.112622530470333	14.0	8.347204069009859
1131.918537353839	7.165652143775046	5.0	2066.814585777673	15.114421829434399	5.0	221.47084995233223	26.768007408251087	14.0	6.17620272859336
1095.4980593076177	6.6352270724252005	5.0	2165.375439429295	15.023837423162353	5.0	236.46031080864122	26.244144100797307	14.0	5.976873989766668
1262.3543575095923	6.935221748781261	5.0	2084.63296074092	15.200594145400766	5.0	239.8093649456798	26.29851291010743	14.0	6.735929203852702
1355.1014278376415	6.856780483776442	5.0	2023.909099246052	15.352626658077435	5.0	248.29901384048165	25.931468784214957	14.0	7.458333756073997
1406.2023825401616	6.518007917666764	5.0	2089.2796569089246	15.400062500873798	5.0	236.985187739807	26.88079371063854	14.0	7.777635205738681
1426.4503436232699	6.296518603481159	5.0	2208.912407036766	15.369381904424964	5.0	211.804703793827	28.515065819987374	14.0	6.300829389900018
1418.9497959599128	5.986607883746904	5.0	2266.322955140453	15.299768375513263	5.0	215.7717325714569	28.10679846716707	14.0	4.411185625580635
1466.2009749323652	5.848117503011377	5.0	2208.1124734869977	15.371387869150942	5.0	219.21666677787204	27.329715095960314	14.0	5.1920379827166405
1497.3691943945305	5.9503826762670275	5.0	2179.929713844128	15.336434649905447	5.0	217.20963710088245	27.36595993648754	14.0	5.6717531227034055
1523.3524079907531	5.952395318833795	5.0	2176.355245725443	15.426859050757706	5.0	193.7127852411096	28.045657752084733	14.0	5.79016292719959
1438.8710911982337	5.724871008558349	5.0	2167.94778779618	15.13101713402533	5.0	217.14638121787675	26.387124842102505	14.0	6.322756131028983
1375.643345530852	5.702247019469521	5.0	2127.9929640372843	15.0	5.0	229.14998659461773	25.35322866019893	14.0	7.139366424898257
1350.1662499466615	5.639437558238822	5.0	2172.233009340626	15.0	5.0	196.505720837127	27.396266776139317	14.0	10.371314433435742
1277.417030467249	5.32360786253589	5.0	2230.246274271143	15.0	5.0	177.57592005949334	29.5851380508104	14.0	8.653946240512699
1183.8545037850365	4.835050097581248	5.0	2174.3990347937943	15.0	5.0	186.1918807347435	28.829792568286443	14.0	7.553173120469768
1095.65703267552	4.609672717019636	5.0	2154.1593646944543	15.0	5.0	187.15569240844053	28.02401043222026	14.0	8.728696635238368
981.5534211983178	4.106188410465746	5.0	2183.5144344437067	15.0	5.0	203.60594175094008	27.12253835268457	14.0	8.524001296535136
967.5173026695669	3.770007803595621	5.0	2203.7127455926484	15.0	5.0	202.388348450177	27.52245616238494	14.0	6.827290014410286
925.3257439858356	3.6201585874596796	5.0	2193.7949993237526	15.0	5.0	214.64439587474817	27.120879762152747	14.0	6.80243878348479
806.33464663702	3.352926870717225	5.0	2223.164390157719	15.0	5.0	238.0835721995797	25.532192052137496	14.0	6.797838090893466
717.9369800350009	3.2135297248164085	5.0	2274.1344176358043	15.0	5.0	244.9403419654659	25.172888146901126	14.0	6.363332414930581
615.0639722315167	3.4136540450608273	5.0	2258.402796242281	15.04810660384962	5.0	272.0067967427623	23.11724784455	14.0	7.730159008798514
545.5703377864206	3.69207093893227	5.0	2235.828640498739	15.142771565073458	5.0	277.86203333036127	22.60208507449684	14.0	8.434572552387168
476.88736399015966	3.9389812416968795	5.0	2234.8006147674337	15.224126866188518	5.0	284.1385321058989	21.86580524809734	14.0	8.948390846556164
483.76303018396897	5.307464016155408	5.0	2149.0625370121206	15.629890074889785	5.0	302.5953991405583	20.645511347218648	14.0	9.750171584512158
568.5672919060879	6.757720928566868	5.0	1977.4868125240582	16.166064940438066	5.0	333.4976379548518	19.594650182156567	14.0	10.428715833267326
661.0807007174135	7.157699953836273	5.0	2024.110202859182	16.612704909058806	5.0	301.92029256438303	20.38202355098015	14.0	11.622530945821172
695.9673240117262	7.736632330256562	5.0	1931.058620499556	16.65696848595378	5.0	334.8962562760935	19.79153817584814	14.0	10.822839290850887
822.8576070035143	8.856376392564927	5.0	1720.4997641976108	17.03280799307452	5.0	385.5295961213129	18.820544163454414	14.0	9.718223496649417
830.1453533888628	8.66892409435985	5.0	1774.279488324955	17.144135770545994	5.0	378.3868459741944	19.70686748607859	14.0	9.979100040266509
795.9957793762849	8.446369972508569	5.0	1854.9241733831236	16.861204307992818	5.0	375.03256163515283	20.43797374021681	14.0	11.71272179408051
845.9718522006268	8.803816779206954	5.0	1856.440415089965	17.030585265476653	5.0	383.1291474679389	20.41146725585786	14.0	10.518369250419434
861.6168605813095	8.543437307457765	5.0	1947.2529976612648	17.07845244378933	5.0	352.81128061652845	22.335307765428787	14.0	11.222527758504583
933.1990110671954	8.865155413242316	5.0	1962.6765164302135	17.355796505684634	5.0	337.4920961796408	22.707787817046672	14.0	11.688332522728718
866.8529482766521	8.661543882008587	5.0	2051.8509546750474	17.282069811461444	5.0	350.2181127092531	22.70396854604557	14.0	11.512470568348766
781.3005470014318	8.393354223960582	5.0	2168.753146139241	17.24015212194863	5.0	358.4385820780624	22.404983715167436	14.0	11.941149948612967
800.6063476906597	8.045863186985645	5.0	2233.967640041138	17.399943662888887	5.0	341.0627423815428	23.052206291947247	14.0	12.014950419223075
899.5370980205194	7.952479277019857	5.0	2238.683625567244	17.640239384563568	5.0	291.90082803173266	25.271727020957755	14.0	11.672716515323177
826.2743424456829	7.713169780491716	5.0	2206.4945577506537	17.53220490763981	5.0	308.5387781113889	24.121952555884793	14.0	12.640905654056702
770.0413461426742	7.602424723644828	5.0	2169.059012786785	17.435415417518332	5.0	334.36937787729937	23.259780069104327	14.0	11.93855169696257
845.7026793058694	7.962807304605033	5.0	2073.0612386136054	17.76936917976842	5.0	332.4710009683937	22.409252398238213	14.0	12.027825163837779
854.7670721609627	7.8348809354909905	5.0	2043.9680737334584	17.819877639586323	5.0	322.53490270012617	22.700104150885203	14.0	11.982243686877911
830.0964648886428	8.014315740153629	5.0	2003.8376303416778	17.918009654809556	5.0	337.9622487078347	21.965803730971228	14.0	11.088155168943933
854.5666128619245	8.394961446060824	5.0	1857.4613415776394	18.22055547373635	5.0	366.38607154084445	21.040682746425396	14.0	10.86830934645493
852.5830605851312	8.35953390587156	5.0	1848.4916567155872	18.330671768382608	5.0	376.66725265573945	21.03739474169263	14.0	11.427717775557786
835.4337289246198	8.040006756593863	5.0	1962.7119770159543	18.203143803733127	5.0	375.3902855471115	21.90436474328389	14.0	10.71314022638684
811.0450809561379	7.7243223877959375	5.0	2005.5022526326195	18.17800491225711	5.0	394.3588323168446	21.911588371447095	14.0	9.866498832249668
852.1830770933877	8.003951728202015	5.0	2040.7123183240324	18.458822568875007	5.0	383.43862290318054	21.86403768698618	14.0	11.455874076787188
836.9767268076329	8.395885209851969	5.0	1976.471034123916	18.682870897783406	5.0	436.7532015738735	20.27410725718152	14.0	11.358005191219846
922.780612894897	8.636393668856977	5.0	2047.6106258574403	19.0247814718979	5.0	414.8201301214852	20.727268118974628	14.0	12.161681133549846
923.2330312066057	8.789966447820595	5.0	2104.4725869462936	19.06383140718744	5.0	424.6545730392492	20.45477044210924	14.0	12.799867467757831
935.7267258270784	8.574239423270798	5.0	2113.879855643607	19.130123621484994	5.0	425.2723392552835	20.94836669800755	14.0	12.153633518182861
949.7636971598675	8.394051074404082	5.0	2244.897313726902	19.014137757061523	5.0	396.5697301014016	22.359222705899175	14.0	12.55763352532441
961.2402657875613	7.935331720891012	5.0	2497.5213374428968	18.705478352433484	5.0	363.00239029877054	23.986476171890388	14.0	11.637264611602673
1058.6411421926034	7.673255147389777	5.0	2740.7829601623985	18.646148092634782	5.0	276.707726543905	28.753255855833704	14.0	9.945422416828231
1042.1991694648834	7.594415080496306	5.0	2869.048678330294	18.486797108317997	5.0	262.71390815357364	29.785471834655233	14.0	8.36968225365251
1087.978271691743	7.5462821856553965	5.0	2933.148098606347	18.35642982541002	5.0	264.82716516836564	29.76058374875242	14.0	8.842065035701104
1139.482978238516	7.490980737693347	5.0	3013.290651879257	18.314999803763875	5.0	236.35365627344447	31.64975849056384	14.0	8.109285526894864
1067.6480479578227	7.088704118879901	5.0	3124.7079396351082	17.980570071590414	5.0	259.7549900557581	30.609356704810327	14.0	6.304513674678608
1069.427451123414	7.22022321173072	5.0	3209.4388049020695	17.84009599522455	5.0	271.1470498980827	30.759706366676692	14.0	6.1889613564455175
1112.7829717047541	7.454891605105996	5.0	3245.4844143629803	17.83500089645252	5.0	265.5541021043519	31.17396589414419	14.0	6.291606477323031
1095.5536479744894	7.111987798097838	5.0	3263.6797639369424	17.703239762922298	5.0	274.56985232523493	30.875482509096656	14.0	5.353895421148973
1149.0352012146482	7.272420450746555	5.0	3190.324061076361	17.959415074009062	5.0	260.83678825769795	32.15981564542647	14.0	4.941053175858304
1155.4719251800911	7.378237144393986	5.0	3141.5400440360763	18.12363612129261	5.0	266.2984305169459	32.113506347075045	14.0	4.843865675879865
1146.7059585736406	7.246901753300175	5.0	3105.3615931817417	18.18832784085088	5.0	263.1379940334953	32.16644076414269	14.0	4.390304133133936
1173.4144193629702	7.410518810884954	5.0	2988.9068983608877	18.41773020584509	5.0	253.87913883833696	32.45621432345731	14.0	4.72440738148709
1120.5605304210676	7.449202907947066	5.0	2945.3128316683683	18.35702238879127	5.0	263.588479237642	31.563984006550704	14.0	5.065631821686069
1091.1298844468315	7.516058101092553	5.0	2925.588846584277	18.291886954785344	5.0	256.6625366745303	31.31727298099957	14.0	6.1004149542714075
1123.7786354370276	7.871852744752117	5.0	2885.2325811444816	18.434155503458264	5.0	235.1211823810566	32.46751845923453	14.0	6.415397724460458
1110.2542080583491	7.878333198557374	5.0	2912.081144048755	18.30322112620692	5.0	224.4541029678682	32.800563803053954	14.0	5.613269727514889
1093.9582196179333	7.8305322233715	5.0	2978.6253641536377	18.195908777991598	5.0	210.70236856853043	33.14086979418286	14.0	5.462697222939136
1043.5698812454489	7.827018018677292	5.0	3054.8449667569416	18.156804130801575	5.0	208.22102543723312	32.86077983483824	14.0	6.238176749930359
1023.3040363687223	7.543208700136623	5.0	3157.2451196850507	18.15158459207835	5.0	197.1859724718037	33.477033931733274	14.0	5.681680564947188
1074.575252562204	7.547585480444056	5.0	3191.9352202067585	18.242215193835648	5.0	196.5158196303163	33.23276235206941	14.0	6.37905572134196
1041.3084803611532	7.433774254408198	5.0	3160.20086055061	18.177208043284534	5.0	225.65348601282022	30.75451959944535	14.0	7.641988551054597
1078.4176317619851	7.224872181273501	5.0	3151.5261686262124	18.25623466783902	5.0	231.57047188704468	31.025134658862264	14.0	5.385484454009662
1096.8167688832955	7.234871666463546	5.0	3182.440107026694	18.295436869965457	5.0	248.57532743783352	30.499762489370966	14.0	5.941661284024613
1128.8522010326444	7.147770376228177	5.0	3163.189269669841	18.41434610742949	5.0	262.6387108573716	29.856287082474466	14.0	6.276185438708092
1161.9708297674756	7.044850960527034	5.0	3130.2451177758385	18.5533849262236	5.0	272.52516213604446	29.2566261854605	14.0	6.979134275243034
1145.6627317083385	6.837389480713112	5.0	3148.7225464256435	18.671806301848303	5.0	281.8097092184856	29.5054225205927	14.0	6.407822815816885
1119.8884738900454	6.663262988484035	5.0	3118.322748119079	18.874872952042594	5.0	304.3044455029597	28.825600089344267	14.0	5.751450310229124
1055.661426585567	6.636224583898431	5.0	3114.384980686399	19.036366982920956	5.0	333.346576849483	27.004788618149583	14.0	7.954041260615685
989.835843931898	6.527484816912406	5.0	3074.9882819357254	19.349548713335917	5.0	372.94589814351144	25.712127917948283	14.0	7.664444048323767
876.2423737809546	6.398946123533141	5.0	2893.0073273711328	19.523022150391295	5.0	448.64840993050467	23.68747972419558	14.0	7.50265196820856
807.3445917684026	6.326239859189958	5.0	2751.529340835086	19.71484441232883	5.0	520.8590408588427	22.416392298720886	14.0	6.527474667915467
767.4997699301316	6.532260273904447	5.0	2685.8048734285467	20.150167683569048	5.0	570.3145556101617	21.404993756305718	14.0	6.535186284262433
730.8368640842283	7.030713025403124	5.0	2551.200951554233	20.57874321722681	5.0	632.5092165304035	20.078563321297562	14.0	6.963808164701976
704.3652000082535	7.28800694662576	5.0	2403.1042165702156	20.795586858023896	5.0	691.7462896516136	19.720881663291294	14.0	5.343350815470688
747.574481361397	7.502863400845683	5.0	2316.8397050701624	20.976510905276516	5.0	682.8983561591889	19.855115289608655	14.0	6.743269828539749
751.0418309149031	7.767466619237351	5.0	2250.5160877773505	21.19235322282817	5.0	689.6418044901238	19.48603330858034	14.0	6.516399842252941
695.3449327927838	7.991892471485388	5.0	2125.406740051173	21.23567015139938	5.0	748.2417887352902	19.305313789279026	14.0	4.288921623945906
731.8467629348195	7.8418299483654375	5.0	2036.0810246304204	21.332354799467208	5.0	738.2506151245288	19.779034229962072	14.0	4.966072678596558
730.0863227338863	8.021854367351267	5.0	1858.3046103350432	21.48071613596184	5.0	784.4242568000506	19.48996509619691	14.0	4.1228524094126735
710.8564907403174	8.445780559650652	5.0	1637.3169222322479	21.547298771124325	5.0	881.6232358950339	19.00193850902504	14.0	1.792786116897669
806.0953586750645	8.333574578091559	5.0	1507.5067714333586	21.590114769246558	5.0	884.7827218393741	19.505997565166098	14.0	2.3469783267039728
864.2362776822216	8.302306204950439	5.0	1331.7195195552274	21.807704713760625	5.0	901.0683560524791	20.11209509030716	14.0	2.029535457927233
932.8222287649853	8.465304902400229	5.0	1213.5968164921173	21.76928739414671	5.0	919.30602930472	20.513824351005397	14.0	0.8506770403038281
1081.7205726558363	8.68463300619061	5.0	1146.3734498571912	21.534615168035323	5.0	885.4308166729282	21.037187310129035	14.0	1.9705555079223078
1189.3141012793553	9.060403215399807	5.0	1073.27589044873	21.61669499988173	5.0	862.3750974979195	21.24862640693855	14.0	2.3301304620665797
1272.3704161848254	9.148648244336869	5.0	1076.5640543493168	21.163950221002228	5.0	819.5835313912326	21.77862859906453	14.0	3.8645066391543903
1357.878556149318	9.192658110824482	5.0	1167.4977572436997	20.623448186423616	5.0	725.7693852220739	22.618608271667913	14.0	6.061519360970577
1420.559833602913	9.486854915596608	5.0	1258.153848502014	20.23943045523863	5.0	655.9713387572318	23.01155215671535	14.0	8.81871853866873
1510.8174219647688	9.399089065829628	5.0	1389.6185526331365	19.789469678112372	5.0	575.54821494736	24.302039912414582	14.0	11.274857581008149
1532.47996114748	9.246178846037518	5.0	1530.494563305206	19.37163689184402	5.0	527.1943185711833	25.323049604051707	14.0	10.675905213510257
1557.6509339314325	9.126053344161376	5.0	1694.9645998159203	19.042091804858927	5.0	476.4833274154543	26.30515825683134	14.0	11.995934778103138
1674.41373082597	9.192707619596627	5.0	1806.2591969322966	19.147423558439755	5.0	422.2552733673272	27.594369423134506	14.0	12.942250735341839
1759.1932805552087	9.402398770516992	5.0	1842.4368674187292	19.235106078925092	5.0	408.4813122563968	27.464164701394346	14.0	13.260481895936254
1768.3053413853838	9.666874024842517	5.0	1800.8837391401805	19.226881187199638	5.0	459.6266187818768	25.025248564029244	14.0	14.273965939740508
1793.6597743505365	9.803872780023756	5.0	1904.2227553901178	19.11548811862296	5.0	441.6096012467961	25.25514143822126	14.0	15.461085410742033
1804.736427282065	10.52598187239743	5.0	1754.6335800783977	18.996510356813094	5.0	505.41305228308636	23.29091423690117	14.0	16.64166733785167
1690.8674200881183	11.033947015396539	5.0	1671.0261877372786	18.670544610559197	5.0	580.6250200368872	21.52779068446745	14.0	15.748643888683992
1402.0620124171855	10.312017924656933	5.0	2046.0137828139498	17.762954237974817	5.0	547.2063822351089	22.310025849981542	14.0	16.02080168931952
1106.3651653608192	9.44171782086199	5.0	2372.225073307125	16.893407098381115	5.0	543.5530159167844	23.25774244054997	14.0	15.526131323218408
875.1516107784697	8.118248571233268	5.0	2620.9824436583585	16.188168147541173	5.0	510.25692430224615	24.653730443445934	14.0	14.277255688212652
754.9814147574964	6.869294275931026	5.0	2918.530081167282	15.683387612578107	5.0	454.16558692388634	26.747906513525113	14.0	12.760048910732996
714.173447602206	6.523625413698928	5.0	3017.021020873984	15.421902633976357	5.0	432.81561283111364	28.15755185236862	14.0	11.393719045320138
636.4848110015421	6.079371042233952	5.0	3099.023023874156	15.078338208119842	5.0	422.8673905267303	28.78446069624307	14.0	10.972283910915042
603.9992060057751	5.489058549257272	5.0	3250.9217599409117	15.0	5.0	385.9865645992188	31.089741014078157	14.0	8.631061151196901
620.6452011768131	5.789028380329131	5.0	3282.9759862095852	15.0	5.0	366.75918612994883	32.54395700765066	14.0	8.445729447531694
618.2951357051813	5.917846966324953	5.0	3278.747622779836	15.0	5.0	356.8709224670411	33.66435875728157	14.0	7.511309504800005
618.181830666072	6.031071489406546	5.0	3182.402743591256	15.0	5.0	361.5306831021041	33.55412070576399	14.0	8.487461527947897
597.1978247088172	5.972441547226499	5.0	3129.059295818013	15.0	5.0	381.12386413822725	32.95520761213185	14.0	8.7765720459403
567.4279698483803	6.035797686222001	5.0	3010.62090379525	15.0	5.0	396.0001372007469	32.68468409483015	14.0	9.521668270548057
529.84013406333	6.098909432085901	5.0	2887.067373467148	15.0	5.0	415.6636483051784	32.312230493877934	14.0	9.620399147125013
508.93689439016396	6.23715979397535	5.0	2786.8692003559877	15.0	5.0	427.81442492637757	32.08353977614662	14.0	10.577694013644757
503.5395850777274	6.470558163694528	5.0	2675.3701519437905	15.0	5.0	427.5495925772282	31.937280786227465	14.0	11.084597436259314
517.9320392177766	7.036033649048272	5.0	2557.519691530354	15.022849836331154	5.0	425.92478649757294	31.77611476276945	14.0	11.853252205107205
507.7157405716732	7.27349742734423	5.0	2539.448763277184	15.0	5.0	419.09331039947415	31.91423239755794	14.0	12.08827140074808
468.70927250555707	6.985817090724029	5.0	2560.705976955383	15.0	5.0	401.57891945310246	32.6686658281875	14.0	11.34759419159557
447.80984451235605	7.127698345769898	5.0	2553.6873840237718	15.0	5.0	386.3546400130405	33.487999647551575	14.0	11.535298282915193
366.346967582507	6.378330749175982	5.0	2637.6918922342516	15.0	5.0	388.7901082954907	33.75683751424244	14.0	10.268229543311813
309.24922644382934	5.276611392073961	5.0	2665.062102068092	15.0	5.0	380.01132702057134	34.044439336508155	14.0	10.385687214863284
331.54510844075014	5.661912819197098	5.0	2590.538020190461	15.0	5.0	385.43546972353903	33.65649711050238	14.0	10.737373451532221
353.46469835559793	5.9236847348642785	5.0	2547.005840240313	15.21522195036259	5.0	391.9302473447301	33.60191831987483	14.0	10.269868341180253
394.4079323584465	6.420610267842869	5.0	2518.365923435871	15.412892142412671	5.0	385.82291910004255	33.920490844290995	14.0	11.074522438023596
487.0784002802369	7.678970921392471	5.0	2390.7627678294352	15.65691064797637	5.0	388.8654007476144	33.13591773521167	14.0	12.223795867767207
638.2191424967942	8.977314077131558	5.0	2136.3287071681398	16.113682372717864	5.0	402.9680153060357	31.921913562060695	14.0	12.79555386368641
1088.1189106987338	10.76284948538051	5.0	1695.9956874512532	17.221659793139615	5.0	380.18713714924024	32.95691217028879	14.0	14.001359757071171
1313.2658795449086	11.316796551407963	5.0	1422.8382581580936	17.790262967339732	5.0	378.95792963593846	32.61169593437503	14.0	13.002747869768015
1460.2995204162505	11.711105088364693	5.0	1208.7563898800158	18.348062673316406	5.0	383.3380981216906	32.1342893445493	14.0	13.344089147914369
1504.5676707909713	11.689539181067206	5.0	1158.922178350357	18.636251442442433	5.0	382.696251399797	32.607050429094485	14.0	13.512157985231122
1564.999563831552	11.764124566418204	5.0	1069.2832411625518	18.997063377079737	5.0	389.2354723322074	32.299040371493014	14.0	15.163173915828828
1638.9631831706538	11.967189431022025	5.0	932.8961514707432	19.255843819985014	5.0	408.81420972782996	31.576597186718548	14.0	16.535966642422466
1518.066935011366	11.585837510913926	5.0	981.5435558332097	18.62252932415755	5.0	438.5017219534377	29.830877542987274	14.0	16.582346886477126
1466.2314448905365	11.339271241183727	5.0	1002.449967231513	18.301745382913197	5.0	442.9603454198841	29.596641186574015	14.0	16.13495775706007
1307.1327689923535	10.830158851068987	5.0	1121.2028570620691	17.172988219353485	5.0	465.0380394044321	29.331044527300744	14.0	13.802851359874182
1414.893558480244	10.994096693365389	5.0	1016.008246408323	17.011009673125496	5.0	458.3267123777348	29.107515979505852	14.0	13.930706561466426
796.5953822594355	9.319496588331823	5.0	1597.3633640370274	15.0	5.0	465.55350630466285	28.56786956203769	14.0	12.921574319728695
834.7480458296158	8.997357942089918	5.0	1701.5435961506598	15.0	5.0	411.8010138082925	30.635649492090845	14.0	14.38684290855427
921.7527587979654	8.739745547987951	5.0	1710.705671211602	15.0	5.0	377.44182370425676	31.502374522056787	14.0	15.661868153447418
912.4566199756738	8.272032161014211	5.0	1763.5219233644873	15.0	5.0	354.3619125735728	32.15373244269371	14.0	17.45508051471582
893.9581919128063	8.282675133515216	5.0	1783.5771710688873	15.0	5.0	338.6333775155357	32.403211653388034	14.0	21.75513897607684
893.1837661437198	8.018434390079134	5.0	1813.9171151442908	15.0	5.0	317.5919950695202	32.73722699329744	14.0	24.403922102852512
1882.7856549357252	12.992113960079353	5.0	0.0	15.0	5.0	567.7895329461466	17.259007886890043	14.0	34.14525961968672
1915.0005287361912	13.102478890886461	5.0	0.0	15.0	5.0	544.8784001845311	16.986205496353048	14.0	37.855056747540544
1870.702433058485	13.040809945540298	5.0	0.0	15.0	5.0	552.7098083293681	16.564367134035646	14.0	37.72136953048629
1912.9303322683509	12.968286834589506	5.0	0.0	15.0	5.0	554.8770911796497	16.838317735268056	14.0	39.3745364726349
1986.5187103216326	12.964228725911743	5.0	0.0	15.0	5.0	549.2049934371524	17.19595415617684	14.0	42.038361904541986
1998.3210272131353	12.830648866657882	5.0	0.0	15.0	5.0	557.5646335378434	18.00946443045937	14.0	42.613444949717106
2003.3734622330198	12.829186938354347	5.0	0.0	15.0	5.0	566.9648461165018	18.612038715035954	14.0	42.435104837649774
2011.9285226074235	12.960833363005653	5.0	0.0	15.0	5.0	595.2508247616064	18.34960202820715	14.0	40.62639078019852
1962.8689832046978	13.0539655345613	5.0	0.0	15.0	5.0	632.3242017230218	18.296471893407848	14.0	38.63485084672142
1938.8769006734378	13.11412766981875	5.0	0.0	15.522347084739277	5.0	658.8944242678696	18.72386013933046	14.0	37.54734648303924
1909.8391349144001	13.189566560745826	5.0	29.252215390034234	18.369008935076486	5.0	691.1592068361548	18.372101156649315	14.0	36.8905971921705
1906.4170499167687	13.43191840145054	5.0	0.0	15.0	5.0	723.0574197841879	18.122162613370445	14.0	35.95436186928196
1466.5945643812881	13.042670980848595	5.0	410.5136490641372	15.744203161038882	5.0	739.636655499504	18.284543213905867	14.0	36.31119704735239
1248.7059745654549	12.49759560784071	5.0	632.8147490635768	16.59239063346358	5.0	762.5788135430997	18.35484272726661	14.0	38.04431015830464
1261.0195249069288	12.667244489829876	5.0	541.6392919938653	17.20180101547578	5.0	798.8630188570602	17.94661553448522	14.0	38.20401196133065
1258.0320672845592	12.264614712107418	5.0	614.558470263469	18.554970138129026	5.0	782.0034384222085	17.796205925327676	14.0	37.76128265780069
1112.3229995975266	11.549936181527313	5.0	815.0344450210464	18.30927896032765	5.0	791.7747142685943	18.004067614335916	14.0	35.611255717860075
1032.1061617211387	11.160831168652143	5.0	921.6843674794379	17.877411695244042	5.0	806.458369647944	17.9838898730642	14.0	33.028335172897755
989.6905714642094	10.04860442815913	5.0	1202.856691480224	17.15407484393821	5.0	754.3024396218291	18.966736060852448	14.0	30.05608177981142
970.0831232866095	8.194894362646421	5.0	1625.080257432044	16.51004184637327	5.0	620.9999419487797	22.064812436126303	14.0	27.56800405222669
1191.483233307114	7.876502321795674	5.0	1840.992323154127	16.554518574971837	5.0	484.62892267163073	26.877879052740564	14.0	22.664335133367313
1268.6046861509262	7.861291950343154	5.0	1858.337234146205	16.50181243776129	5.0	452.77685486315056	28.368758448198445	14.0	18.909450565218172
1264.4396955771147	7.612369334511215	5.0	1935.272852012901	16.470802139748624	5.0	413.98799077674215	30.338355013844502	14.0	15.32919520663536
1121.070452913809	6.837086601902842	5.0	2017.7032059280405	15.787135216066552	5.0	425.6800506518672	30.250093791523387	14.0	13.327911571106231
1153.314288242353	6.687506576372505	5.0	1964.513905204224	15.75782173997831	5.0	415.017337915154	31.352789459499053	14.0	11.428100650739909
1134.2777069882316	6.237669759472013	5.0	1969.0825487711857	15.647775583776644	5.0	410.20556589684793	32.03935325394497	14.0	10.726187883861751
1153.422604089933	5.908430373345714	5.0	1912.3209491485666	15.530009838215314	5.0	407.56167663157987	32.11348062154671	14.0	10.583038936585774
1229.754828043222	5.83750816950604	5.0	1798.423205681716	15.609339054125615	5.0	403.93668055153495	32.07568943323173	14.0	10.720525543152783
1272.3360264419132	5.7604414393704495	5.0	1667.0915552640438	15.83050967962558	5.0	419.7323203411677	30.37921593115837	14.0	13.117792840482657
1325.3938719150428	5.652608671809553	5.0	1626.9734123147318	16.184484210804406	5.0	403.229468645668	30.337171668075566	14.0	13.470342973470483
1320.7228694491484	5.215998085020071	5.0	1586.4053466992475	16.117021822623308	5.0	403.27518333058174	29.263098757830928	14.0	13.74173492000988
1266.8303367793822	4.826388453362265	5.0	1483.939294643173	16.153458479051622	5.0	443.63832427347256	26.55735959497122	14.0	15.549939152837103
1161.6858782846962	4.577240193353642	5.0	1417.2805908352464	16.151615961601298	5.0	490.9688534359395	23.864461472716464	14.0	20.042168925262462
976.8994210308434	4.319259780755506	5.0	1202.0952312338802	16.053024591730885	5.0	626.8102686578703	19.656694641063183	14.0	22.754169927567567
835.5488921172782	4.109886454706005	5.0	1079.061356942158	16.053306724373336	5.0	729.5864296181061	17.63520054619894	14.0	23.609100914193622
669.1721944271011	3.8417499581173353	5.0	1034.483978505612	15.924147687042394	5.0	834.2082108734942	16.188398766679345	14.0	25.936810210835432
502.4317649428774	3.465629343713124	5.0	1016.4707853772888	15.816263973244823	5.0	936.8235684066547	15.0	14.0	26.953568273453637
450.91485343804504	2.6659343532205177	5.0	1097.7467973122914	15.69723914651878	5.0	982.8594473160866	15.0	14.0	29.188217207910508
405.04261232617887	1.3424606164564048	5.0	1224.5426951741567	15.578563703791774	5.0	1039.7696721059197	15.0	14.0	31.336044714853784
392.33642537038736	0.0	5.0	1566.1258494460474	15.721472661329376	5.0	1016.1283373445613	15.0	14.0	35.302217978784064
0.0	20.0	5.0	1531.3968967303042	15.758141701878854	5.0	1275.0916038998341	15.0	14.0	37.445835223612924
0.0	20.0	5.0	1766.7151215756166	15.976349241388258	5.0	1276.5640947387951	15.0	14.0	42.33823473025663
0.0	20.0	5.0	2020.2900914680442	16.241485856834217	5.0	1256.9892121648038	15.0	14.0	49.34248947071884
0.0	20.0	5.0	2170.1749451661476	16.651095876430002	5.0	1254.2361150779832	15.0	14.0	56.90220244750982
0.0	20.0	5.0	2319.458692219567	16.859122302700708	5.0	1229.394334462322	15.0	14.0	70.29373425304404
0.0	20.0	5.0	2396.7743229372973	17.213386423426726	5.0	1200.55279020881	15.0	14.0	85.6862065110074
0.0	20.0	5.0	2450.3245296148784	17.54395923708109	5.0	1173.5971143779825	15.0	14.0	106.31259157074676
235.75293700072146	20.0	5.0	2330.561185634312	17.514269643836794	5.0	1124.7505013947027	15.0	14.0	134.75425871896496
477.87906596600084	20.0	5.0	2163.0795031418265	17.533222213801785	5.0	1082.8887114291485	15.0	14.0	161.63274502247478
0.0	20.0	5.0	2644.7891412908657	18.17526041809889	5.0	1116.9705790076541	15.0	14.0	176.99076920736258
0.0	20.0	5.0	2586.9293083761836	18.464860563852547	5.0	1209.3912811437558	15.0	14.0	185.47841023940092
0.0	20.0	5.0	2489.362738705328	18.692273155455613	5.0	1350.7275977466136	15.0	14.0	179.82948861376934
0.0	20.0	5.0	2420.3776189757173	18.751069369972303	5.0	1551.143808529773	15.0	14.0	160.4255770158222
0.0	20.0	5.0	2289.9214233770967	18.988419445334728	5.0	1790.7146164496353	15.0	14.0	132.9211815382388
0.0	20.0	5.0	2301.5582206551767	19.324866577434538	5.0	1905.570965473965	15.0	14.0	100.65845945256132
0.0	20.0	5.0	2417.2847990631544	19.454919961166613	5.0	1927.692596970829	15.0	14.0	77.11451319175293
2527.556511984748	20.0	5.0	0.0	35.0	5.0	1951.4492726088667	15.0	14.0	52.35518375292121
2761.4540801699954	20.0	5.0	0.0	35.0	5.0	1833.829458394138	15.0	14.0	51.04602790975948
3021.7894337227444	20.0	5.0	3.646021031261712	34.538952188586975	5.0	1657.2859073910977	15.0	14.0	59.79098178438552
3231.2490997122195	20.0	5.0	77.30727894100366	33.18529877725765	5.0	1478.0901676174012	15.0	14.0	73.50346325337853
3338.2189745529736	20.0	5.0	91.46654676306161	32.81276265591415	5.0	1373.4572503346023	15.0	14.0	95.60602317886877
3283.949447345394	20.0	5.0	135.0918905099708	31.15158300009817	5.0	1287.9751159481466	15.0	14.0	121.94827431957984
3173.82414068851	20.0	5.0	201.3416409535242	29.366496111349463	5.0	1165.4915616538729	15.0	14.0	151.4281573051611
3065.0132132728195	20.0	5.0	238.3774567869787	27.512492664452672	5.0	1129.2147441466566	15.0	14.0	175.12071244453816
0.0	20.0	5.0	3055.779718791245	20.620467610731104	5.0	1180.4434523242974	15.0	14.0	186.59346461611446
0.0	20.0	5.0	2919.755033402789	20.813760750313612	5.0	1204.9659091938877	15.0	14.0	181.95624055121345
0.0	20.0	5.0	2835.7343846354756	21.19147638895549	5.0	1303.3967838505996	15.0	14.0	162.80707488429985
0.0	20.0	5.0	2727.747511035544	21.562585546486076	5.0	1417.6382892730285	15.0	14.0	136.68941850859304
0.0	20.0	5.0	2676.9408869434487	21.7652402267373	5.0	1494.0441778100924	15.0	14.0	109.53703820343955
15.405918741601972	20.0	5.0	2697.645515626115	21.8555547375434	5.0	1566.172521252309	15.0	14.0	78.68188197766624
805.8214816492999	20.0	5.0	2062.6773962923485	22.385435098745518	5.0	1571.019434329445	15.0	14.0	58.27212995545885
1834.4602023550624	20.0	5.0	1231.3344149386257	24.061312430717983	5.0	1529.8292602006466	15.0	14.0	42.82080506806134
1133.0409651589644	18.11645565830161	5.0	1971.990173085023	22.785202967855998	5.0	1505.6164010704695	16.16470011449027	14.0	26.819157063147355
936.3528480147004	17.205893026063617	5.0	2295.3548242513593	21.99475420128349	5.0	1391.6190064461691	17.212777058513126	14.0	18.845159008625394
1092.0425336981784	16.253019956940708	5.0	2391.762029247382	22.164031636359695	5.0	1170.213076511641	18.0937964569202	14.0	16.44989722544634
1039.556540753719	15.894218772677055	5.0	2527.4970317151733	22.004817283520573	5.0	1018.5736331250696	19.098917358767846	14.0	15.745562292984463
1066.514005242964	15.794008811239163	5.0	2620.364813568593	22.255128542386014	5.0	857.5018414980736	19.962150904072217	14.0	15.883535243664717
1273.703002464041	16.520796558139924	5.0	2404.02044020002	22.55491381159269	5.0	771.1143544649806	20.53617436755225	14.0	14.646562370117675
1580.267236536072	17.12021161352846	5.0	2104.5146745394904	23.01019189419621	5.0	698.8522129532565	20.666426401861433	14.0	15.81345335553177
1333.4015216786534	16.278168815727067	5.0	2340.4207721348725	22.843849442974186	5.0	623.4336370828272	21.052120171082755	14.0	17.330362150895066
1359.3486035537846	16.60747396441255	5.0	2126.190467287435	23.118996874757382	5.0	629.7765572591046	20.778988090867564	14.0	15.445127886720034
1328.730007172514	17.186464147519235	5.0	2033.7915854205273	23.222772154494148	5.0	653.8874180413915	20.545884890323265	14.0	13.412616052943045
1548.2745309785278	17.930380373645104	5.0	1674.958857755024	23.761229081517243	5.0	646.0503538348189	20.622459402154753	14.0	11.57976560447812
1678.4213867963244	18.122031474637023	5.0	1479.4525769776153	24.387190840913203	5.0	636.6700293581955	20.432115527086797	14.0	11.065406464317988
1538.0981856919689	17.79149087252668	5.0	1589.8767294172424	23.95563486267439	5.0	641.3762436207821	20.404134076751372	14.0	10.081603430262634
1469.0485655566408	17.51468539317823	5.0	1607.9943672193592	23.79916094669374	5.0	648.5245965967321	20.331907831333247	14.0	8.717645151662616
1608.9326148651505	17.089102004267804	5.0	1606.5615422257852	24.058482819230292	5.0	623.4912351026994	19.981896014011703	14.0	9.36971721035527
1479.7193806717821	15.991221825693232	5.0	1895.1574325148308	23.364080968912962	5.0	612.6508105089556	20.283012216338754	14.0	9.96583399516484
1562.9173544387922	15.424614222240374	5.0	1936.322101816343	23.042196734950664	5.0	614.5990893263548	20.452013009220245	14.0	8.195822314725396
1844.9763209789508	15.221583200753512	5.0	1833.8381362857178	23.350528920353838	5.0	583.1486077527575	20.62483174404931	14.0	8.485132795480997
1888.4013577849305	14.83489543873707	5.0	1953.1294050077195	23.187819520769356	5.0	560.9416092708504	21.482130291733036	14.0	9.54565736571958
1879.5840558767854	14.556629975142872	5.0	2039.3948178924663	22.91414125037682	5.0	564.4751469381391	22.05475478266126	14.0	9.106936285755646
1929.034317525243	14.611099684299564	5.0	2026.5864379108646	22.834338092673903	5.0	548.2548849360644	21.9144860096118	14.0	9.503702416940573
1927.9918478116422	14.689702411012421	5.0	2067.095099495992	22.722764184795448	5.0	534.0345219586575	21.982900957449342	14.0	8.844432284626528
1919.2128128209738	14.799151784631485	5.0	2121.495124229982	22.61142147488196	5.0	557.2643533289092	22.035152547847115	14.0	8.25584961756135
1921.1182328516625	14.602726401681336	5.0	2247.401503044969	22.278625130540156	5.0	536.6797617797264	22.686887411522527	14.0	8.90213410405285
1765.907802505891	14.421933532029614	5.0	2403.7155987722276	21.75442474121213	5.0	578.9985874793587	22.570014391827634	14.0	6.7211833942520105
1750.79625729636	14.247341836658256	5.0	2470.5035247446635	21.74375682209805	5.0	572.0169135149195	22.65768302330683	14.0	6.65102811687289
1763.0649798875634	14.28331389209653	5.0	2450.111705198205	21.776474230129967	5.0	582.51915824751	22.502030218599167	14.0	7.040113063967564
1702.2510682443242	14.356056931772164	5.0	2396.1320601175644	21.6890139463946	5.0	640.6973267641757	22.090920892122387	14.0	4.84227381385659
1596.8772207545242	13.750025826032566	5.0	2612.3472576068057	21.611204854050822	5.0	597.9367471525215	22.528960476551013	14.0	6.314492180944761
1483.91538567685	13.588482333733282	5.0	2555.565401539522	21.626326928215494	5.0	632.5614996935307	22.74723013562518	14.0	5.117075253790484
1374.8896408721216	13.461370625177507	5.0	2581.624037196357	21.600791649023225	5.0	665.3120463104418	22.68774673704541	14.0	4.122463804502011
1458.5142876567604	14.15325168398342	5.0	2336.031900196978	21.978479524595283	5.0	699.6718170631373	21.830428205378475	14.0	3.367947122592693
1385.464127469642	14.144978523527183	5.0	2198.510850470434	22.107469031348735	5.0	729.8709424279485	21.771433649917686	14.0	4.146024680927859
1306.6787694866048	13.711334842696573	5.0	2300.3316508783264	22.038777273097	5.0	715.5526317930226	22.283222394579475	14.0	5.99967321795183
1213.7424860297915	13.536445414883872	5.0	2274.7235364946673	22.141395349794283	5.0	708.3227441507514	22.445464976500762	14.0	7.4397071752198345
1107.5269834752805	13.78351753453903	5.0	2197.8754168113787	22.117754715791616	5.0	760.8602350947699	22.060131228595022	14.0	6.294818897613788
1029.856094156272	13.87756674898851	5.0	2156.5937128550418	21.903692643157108	5.0	784.5657399349526	21.997927774019814	14.0	7.072034719266248
986.2478998905656	13.817998908776566	5.0	2059.7356192963252	21.93624576600855	5.0	772.5598403049596	22.06464040375629	14.0	6.878142923849856
1029.580545905829	14.331005158682416	5.0	1915.6989901629793	22.357244325104258	5.0	777.1792976671542	21.73174807422088	14.0	7.765389247980763
900.7824373512254	14.3580038756778	5.0	1902.5378765936193	22.18032287763568	5.0	801.8775139423644	21.463625115648686	14.0	6.419029037244229
884.6009015965928	14.913246393123593	5.0	1757.8896166617426	22.374421740957654	5.0	818.9612246184988	21.222139490102073	14.0	6.102645350577942
984.3337474855779	15.12382288750668	5.0	1692.4355860588892	23.06781937053642	5.0	781.3667354823601	20.813295308978056	14.0	7.663826492860402
936.4200365884919	15.300172803967829	5.0	1644.737769585418	23.00395435732284	5.0	776.7081907954871	20.725225371084115	14.0	7.437332655945467
882.1546420147032	15.296869324721685	5.0	1661.617580788738	23.048963971022253	5.0	764.2050969218087	20.331140951835796	14.0	7.306063479152202
802.9297999189489	14.001728068356801	5.0	1870.1627570135474	23.01004563216462	5.0	717.0254883486219	20.481461887326354	14.0	8.845750274436604
718.4744227319915	12.743144687839976	5.0	2042.5196829907627	22.59395347199248	5.0	665.9976625524865	20.95442056920731	14.0	10.936514970822317
782.7633881026486	12.35681350145755	5.0	2109.2654064735225	22.751105566379824	5.0	612.8508304233582	21.05082531927558	14.0	12.741336898241592
809.2477832909236	11.512210216246386	5.0	2247.805083029516	22.74510831158697	5.0	541.0065922328743	21.694740146939374	14.0	13.040002852644957
848.6219007700872	10.779880742445457	5.0	2355.2657689845773	22.577803394152937	5.0	484.5086345758977	22.639765128020866	14.0	14.660928496410357
874.2365908981757	10.824711498981555	5.0	2375.9043449120118	22.636374912285813	5.0	460.51101073816204	22.826170803393516	14.0	15.8400231600683
891.1481629013238	10.402789507344107	5.0	2473.705110469013	22.6421537338797	5.0	396.4753412744416	23.840502599279198	14.0	17.534820984116188
922.4966487085865	10.120787454006907	5.0	2560.3858590417212	22.470964585710924	5.0	350.0158982937684	25.488936978364084	14.0	18.12977015812145
917.5937972877507	10.36195237736655	5.0	2539.741643256404	22.489347966353137	5.0	342.61263252354684	25.586468670041416	14.0	17.246277287998772
964.8633589871608	10.243879516033541	5.0	2622.135118701475	22.441668508879626	5.0	279.24741468441204	28.054193086544682	14.0	16.82945651531431
990.1501812715165	10.384063862720394	5.0	2633.394323373787	22.41748420058748	5.0	254.9498587634736	29.189068437332825	14.0	16.798835522932485
962.5508956847444	10.362959495453921	5.0	2632.8645457916523	22.333062022678067	5.0	257.03573343846676	28.56556028971777	14.0	16.633931517088286
918.9485554792977	10.327747188709406	5.0	2506.728910575026	22.097237489756527	5.0	280.5860562773074	27.149434110076076	14.0	17.217058162828064
927.1642262240625	10.014863691356595	5.0	2669.2929568311893	21.96328625023793	5.0	235.92753972331423	29.69932039904151	14.0	18.08316478927463
874.9948074713493	9.651547512995354	5.0	2693.3869113997353	21.68502706719262	5.0	263.6045453010929	28.968375485708773	14.0	16.314236513446758
842.414224023484	9.41930147267629	5.0	2697.17039920781	21.449592591118925	5.0	267.8762931123459	28.733995377936086	14.0	18.719887659474516
798.8514324645274	9.488591375046788	5.0	2709.6013429233744	21.21271728966545	5.0	291.4922055080808	26.384585692736547	14.0	21.09950406184179
782.7041578081286	9.165765138481838	5.0	2733.481890263766	20.885248176010734	5.0	311.8457188582739	26.8939214897924	14.0	20.21298631274996
772.5789745692348	8.605337939608988	5.0	2897.850452354847	20.483096882167256	5.0	286.5059524872656	28.673770659455467	14.0	18.79160113370872
756.3098580227919	8.590434562458691	5.0	2919.9225650473845	20.321590953575395	5.0	295.54888799887567	28.251439886818307	14.0	20.050878289116948
715.0226860271282	8.333803781846223	5.0	2885.1096132896437	20.008079585199145	5.0	317.7628427585145	27.834875128926363	14.0	18.82971643293596
715.7550054829481	8.350762048323517	5.0	2899.481237572033	19.789435191512087	5.0	307.86332201579074	28.0819315408012	14.0	19.517549846221925
702.886469202287	8.162223002603826	5.0	2918.2453239553083	19.659956498318877	5.0	305.114288228876	28.478247493320715	14.0	18.971876599331164
641.8187357407518	7.823836476117096	5.0	2866.2755672223757	19.39045545221783	5.0	320.5813371839028	28.25549948845462	14.0	16.70190773019241
623.2441550564387	7.668679492813621	5.0	2931.7678866131914	19.39240239744338	5.0	286.06907276224723	29.679676863269872	14.0	16.041172042925364
573.5912706151995	7.6993763969749125	5.0	2856.222325359582	19.264698762510648	5.0	304.47425094826826	28.068567396354183	14.0	16.81291995787497
578.1121862583	7.780330840603647	5.0	2850.5256598269684	19.39951725029639	5.0	292.047983669717	29.000094525746473	14.0	14.741210374559175
569.3878109721069	7.892395421309131	5.0	2803.9307608634354	19.445514720323093	5.0	286.20499697881843	29.187198967945328	14.0	15.076569958388642
537.2752730200851	8.088397138243074	5.0	2665.271705358681	19.482064240130164	5.0	302.0282135216655	28.053727728662082	14.0	16.31710450586127
531.4122492606017	7.843236850812814	5.0	2621.199619503724	19.487057129176964	5.0	288.00934377320624	28.955542168150444	14.0	14.75004616567484
556.1137181425005	7.866354553265009	5.0	2590.369672526852	19.48553567930519	5.0	276.5282509005864	30.268653857115027	14.0	12.494757119447316
578.4634455758994	8.419850408196927	5.0	2505.5263342942017	19.691541760713413	5.0	280.32091990443774	30.028574028978383	14.0	12.67871742097846
588.3302632569129	9.002168125497072	5.0	2407.6103508169767	19.692909604014872	5.0	303.89133219002514	28.452358796546516	14.0	13.807112591914512
530.121982956697	8.626735683027446	5.0	2349.229626339807	19.604851501438624	5.0	301.9588902092957	27.99512183553407	14.0	14.274705957229068
463.46284754406855	8.321248639486766	5.0	2366.825567485283	19.509180926899592	5.0	307.8998512513592	27.57482417270427	14.0	13.61267815738645
504.14448332274225	9.157563857447572	5.0	2319.300003500974	19.68513037509752	5.0	298.3805601823147	28.02650762206578	14.0	14.04478538694725
481.54764934347537	8.77080993482846	5.0	2327.8713464672715	19.59876288881408	5.0	285.76368443705337	28.225783271424856	14.0	13.4358503903676
408.44268308604495	8.855875124466898	5.0	2244.981541504426	19.533396694735135	5.0	335.4830988879356	25.63563644171527	14.0	12.694058827744476
425.8913028987339	8.892712618134787	5.0	2303.995330507885	19.664435501417508	5.0	314.68939882334905	26.01289497246099	14.0	13.662121148903548
436.36135981588546	9.166482002051726	5.0	2272.63328020702	19.72149289021518	5.0	308.98531911446844	25.799483376831702	14.0	14.544192058837346
527.3468958352615	9.87110421604874	5.0	2300.319383290609	19.91627390093478	5.0	299.555713132149	26.537754431481453	14.0	13.414128977988533
451.55474021512185	9.360949354054789	5.0	2332.1717261457097	19.634224971296348	5.0	329.963442426992	25.25658205934832	14.0	12.192685715095324
469.6845837496693	10.917786915741017	5.0	2182.6943331481507	19.904887785495454	5.0	395.79630004648857	22.654376534780802	14.0	11.668774214262609
476.8845027247968	11.007182032552395	5.0	2263.980869142546	19.775296433526858	5.0	404.8252729387921	22.929251109042685	14.0	11.396742207396027
467.3285667263046	10.776882617058511	5.0	2281.930858803153	19.64128042822457	5.0	413.34427090108	23.12110239539261	14.0	13.202721433487913
486.9440661655336	10.73144143676673	5.0	2284.8784876418604	19.570421784610154	5.0	456.6603443323408	23.12418339341009	14.0	11.100537478570004
509.48004273927273	10.284652137477376	5.0	2322.018114147653	19.465889872451722	5.0	443.6943324478191	24.111003976574434	14.0	12.172146405288524
517.6061607114048	9.58184514712011	5.0	2441.0408387713196	19.328520768696713	5.0	409.46684726529804	25.933664048597187	14.0	11.516617890791572
469.11322199442674	9.305615028963192	5.0	2515.027587834522	19.305236589723638	5.0	450.82698345205273	24.84434192356195	14.0	11.932750965211325
534.4818133431459	9.365079007571456	5.0	2503.883081690961	19.40066685697551	5.0	442.9506566792579	25.638852912732542	14.0	12.197911631080306
621.4132060889145	9.493384730169605	5.0	2564.676454795154	19.459336555241297	5.0	390.7667700145058	27.33169035842478	14.0	13.233295448046352
579.6973584152661	9.020707056526811	5.0	2620.9309544451576	19.363315711722485	5.0	395.8890721136799	26.903461093136933	14.0	14.305170671668966
655.963725125982	8.993656248227332	5.0	2593.0913383849092	19.413596550298205	5.0	385.6554102081456	27.238836639993746	14.0	13.458938729315955
633.4416730162244	9.313149065796672	5.0	2498.1928392086297	19.52020094884196	5.0	427.7952167815152	25.1172867454797	14.0	13.631162583704368
553.6009801616473	9.829831046957183	5.0	2434.138350375843	19.19796513519608	5.0	487.97533586378063	22.99150488633744	14.0	13.460914371583437
570.7310833798991	10.165641567619815	5.0	2238.726922330307	19.248842477945065	5.0	531.3524332585945	22.442685698165576	14.0	13.202511643160658
517.182394125608	9.373124741864828	5.0	2269.9366463353394	19.339505417831095	5.0	500.83443325414055	23.193897215179337	14.0	13.944450411552515
523.5108221978986	9.64825728874266	5.0	2231.9997406548478	19.30453023203552	5.0	532.6621460598535	22.599869266850117	14.0	12.725899568448007
591.1718673109949	10.525732239052159	5.0	2001.915507722499	19.552499649800986	5.0	581.083606025203	21.969531264189126	14.0	12.66433518324317
574.345486344642	10.51869119095996	5.0	2074.5465375489357	19.56380426352001	5.0	561.7637065523913	21.855036223586797	14.0	13.91350218208435
530.9263129121459	10.532356289249126	5.0	2011.9962597237577	19.615725379325244	5.0	607.2473465245852	21.088137193260092	14.0	11.778541114961424
553.3947522114797	10.6196567098408	5.0	1938.5801076436512	19.736911849643135	5.0	619.5600063706462	20.681508016619325	14.0	13.021914368457296
567.3992804508105	11.15353395189848	5.0	1842.660051410697	19.778269950268687	5.0	635.6880945549591	20.46003668672653	14.0	9.993507531266987
596.958360101743	10.421229765821362	5.0	1822.5408552531553	19.739816064063053	5.0	588.4340489254038	20.675768523488838	14.0	11.861313442329472
586.9012681024298	9.924881160763723	5.0	1848.8859297704798	19.63904387526971	5.0	591.2026296680756	20.891812619527705	14.0	11.76209551857456
638.5696070243051	9.752695819834056	5.0	1863.3279884597534	19.526909112311728	5.0	563.1626438983016	21.497774039226663	14.0	13.066672098430404
679.7823864668667	10.131315032502878	5.0	1836.9978600097656	19.489884529028785	5.0	561.8518611302379	21.14471655353345	14.0	13.532860316051604
656.1381431575684	9.072002397653954	5.0	1921.9785227035466	19.18115662094838	5.0	533.76989100966	21.664879560658306	14.0	13.132602382287526
705.5723320667605	9.375184472603674	5.0	1851.8454118186423	19.371838408177446	5.0	529.0742910687355	20.65955910591927	14.0	14.039112413487398
692.1451931740078	9.171270587424717	5.0	1850.9222255559712	19.232404446920157	5.0	522.5930909965992	20.835191786504954	14.0	13.516132558733654
704.4410929464893	8.880249468842385	5.0	1841.0874162993612	19.093276180986617	5.0	514.6278328795485	21.415473002785266	14.0	12.942364247618228
755.3067086203635	9.23269034381205	5.0	1798.9273523216225	19.44376989185438	5.0	514.1958593682205	21.26414815647114	14.0	10.283282765933569
851.3248531901129	10.573772411949784	5.0	1641.1634528784305	19.96955487509238	5.0	542.3709462942796	20.49847836560015	14.0	11.425631914758142
786.40393605863	9.98150266719558	5.0	1680.1451153652013	19.811967209520393	5.0	542.3391523575469	20.797630765020408	14.0	9.644274204181556
731.4088506596066	9.548570484612561	5.0	1746.920906954888	19.935559828219755	5.0	525.8353475080858	21.46908844674204	14.0	9.268978957598343
822.0205445912653	10.116245520415124	5.0	1686.5534325901722	20.401230985050628	5.0	503.39688380420733	21.451246209537562	14.0	10.432747584546517
815.8180389919277	10.214482307517226	5.0	1498.8631547428224	20.60162132052881	5.0	564.552556792783	21.288688474305104	14.0	7.6390267183713085
813.0359689898302	10.509850639505917	5.0	1375.766238654401	21.15275746842578	5.0	581.4611234909066	20.79272099179831	14.0	8.556095424137977
884.961334413694	11.040707678571797	5.0	1309.559834975901	21.87411734859333	5.0	552.3342000181532	20.60642311927249	14.0	7.180257688381757
989.9565983746763	10.952434453627532	5.0	1259.4155910415902	22.243382836285065	5.0	513.1999820262362	20.534619613455916	14.0	6.098962792612971
943.2822708585369	10.715975565196016	5.0	1256.8185419858703	22.499533205543457	5.0	552.7614663785001	20.226604706662755	14.0	7.0210067526022035
989.0901189933393	11.307240434817007	5.0	1197.5157387981758	22.685977438032392	5.0	545.1440991333582	19.67009355349734	14.0	6.864014077925655
1007.1221791282745	11.196798972229386	5.0	1070.3721639218243	22.626644191740517	5.0	555.6529567796063	19.642285920248305	14.0	5.61761904576373
932.8473503776004	10.940949479409735	5.0	1165.2164103626196	22.471918483713324	5.0	537.9369671975643	18.951759250786655	14.0	7.059815436693172
974.9276605790257	10.466093317364619	5.0	1169.3785620179358	21.686796380258205	5.0	541.0575252042711	19.9681483019775	14.0	7.226994137154041
972.9812001143188	10.588863121762346	5.0	1135.7328457733372	21.482176334555575	5.0	530.1881449125161	19.57707566758505	14.0	8.270895854023863
