amplitude_0	mean_0	stddev_0	amplitude_1	mean_1	stddev_1	amplitude_2	mean_2	stddev_2	amplitude_3
597.2617234989219	14.845044614254501	5.0	423.0470238267039	22.306208057207783	5.0	458.55141065459475	21.733023805656106	14.0	-4.910997243348587
731.6044447758309	14.869859316202827	5.0	436.92235456946935	22.860187443771444	5.0	403.54378231905747	22.244249079692285	14.0	-1.9422922021505313
804.1753278541966	15.206841690899601	5.0	386.86011706942617	24.212651867002986	5.0	440.71866782143	22.23048231864274	14.0	-5.046378721397911
906.1281247581758	15.956444940750414	5.0	262.51183125280306	25.715304568353144	5.0	453.34691737024093	21.81676004423387	14.0	-5.30310160141999
985.6983240486452	16.005792959071762	5.0	201.34274016190264	26.707812584197754	5.0	447.1159562855703	22.05677522609292	14.0	-5.174125334322805
1035.4206530902504	15.682181796107765	5.0	222.89890368611768	25.39034776946197	5.0	400.65490808622184	22.417620880742824	14.0	-3.251041998098943
1051.1845342283234	15.78395729891959	5.0	145.1031987275803	26.39927183108586	5.0	390.4640243422441	22.18212962949492	14.0	-3.8391311172820446
1103.7898553841953	15.432521030783553	5.0	145.10529142435672	26.279803141584804	5.0	354.9717502320456	22.82265570253942	14.0	-2.349319277651108
1074.1442355616966	15.03336327551606	5.0	197.971506136607	24.675224490962137	5.0	349.2500603967602	22.240853039473155	14.0	-3.9989145208924572
1067.7663357526942	14.848871220901215	5.0	178.95876583843716	24.2439939457358	5.0	317.2508444083961	21.5048458497692	14.0	-2.5292142158735884
1086.571689771862	14.687657050553783	5.0	193.3449317863431	24.398577579401454	5.0	290.66878991371857	22.289584174347844	14.0	-0.8482674228424126
1004.7076896725779	14.137899018655705	5.0	256.8998700041835	24.01346922888868	5.0	268.36386913524956	21.512210754535715	14.0	-1.9473100102432952
965.8964227937466	14.41533844115562	5.0	207.2940550358903	24.243082143793902	5.0	295.6924381038328	21.590611151363788	14.0	-3.3907290443165534
945.6327376745364	14.744950142710689	5.0	186.23608343109203	24.222680140986352	5.0	314.68445514201517	21.712775084640878	14.0	-1.1995356718982464
970.534985909525	14.790298350358604	5.0	201.302408593604	23.92416362712356	5.0	308.7467754142745	23.009149690660557	14.0	-3.1522091818308726
919.2763579312818	14.718894470327163	5.0	205.37735459976585	22.600562009269563	5.0	322.83135312380807	22.8401601813395	14.0	-3.1555191470278747
775.4881659593393	14.249922788678024	5.0	287.77140520712743	21.803152068536022	5.0	330.9760952116302	22.451489796598302	14.0	-4.568523001961645
766.6041653924318	14.396990747825658	5.0	231.91712530563336	22.04416219747717	5.0	333.8041630039896	22.439888360116726	14.0	-3.7246134538804303
844.0360803452061	14.23475754749174	5.0	260.7935281702754	22.285190006439525	5.0	330.7338295030362	22.962221018153926	14.0	-2.095856764937618
963.4511123925552	14.21358735902367	5.0	233.81989093407608	23.70289674508427	5.0	312.85571225975934	23.78625516122666	14.0	-1.8592275912443057
968.9696013267336	14.467295059578825	5.0	162.5947872443939	23.370339305752193	5.0	323.2044279965242	23.860807620850714	14.0	-1.5939249228053238
929.175452174836	14.210867300574108	5.0	199.9558346310879	23.332673529624124	5.0	316.0925088370656	24.19855947222357	14.0	-1.8066038075105577
959.5032941241366	14.321082616121107	5.0	258.54711948422926	24.3160949438915	5.0	310.4359960969082	24.391260990265728	14.0	-2.2920588144904968
1050.5055183845595	14.7932599326274	5.0	236.7607852855399	25.789850745354777	5.0	310.7259634747675	23.243563290581463	14.0	-0.3395736886381829
1167.0384636115587	15.160398378560577	5.0	179.47255923370994	26.65347359911263	5.0	309.67503453739386	23.765886794423526	14.0	-1.6530488609414193
1201.5162084263857	15.584654611391258	5.0	138.6100286597741	27.935634498759605	5.0	323.18291421325455	23.843600803862913	14.0	-0.3892224062813842
1205.4194719869079	15.667851073885998	5.0	168.9810290954857	27.899484350846883	5.0	317.6310679545553	23.721612193661663	14.0	-0.8904157134421319
1217.4743282841941	16.14572698204058	5.0	115.2524633194233	29.06790332865753	5.0	335.929912585346	24.64909881897493	14.0	-0.5816194694572463
1111.894482079293	16.556717174696313	5.0	92.71908500095647	28.04052738464265	5.0	417.56278914614984	24.047678744781802	14.0	-2.107001982159219
1184.0502349173591	16.649641002395988	5.0	83.07529936802646	28.658566787619264	5.0	468.35264380928874	24.462332109594286	14.0	-1.5392601664703063
1242.8008581080821	16.75483119371357	5.0	105.24052475676336	28.737725732844478	5.0	504.35878084819194	24.97661189775718	14.0	-3.771414109539031
1263.875358567022	17.079536917509643	5.0	99.29083546645214	30.33117544506615	5.0	545.0242705954572	24.30688947140133	14.0	-3.168959898422001
1327.2371973072336	16.769781662057067	5.0	124.56297922146791	29.26897228742602	5.0	551.6156747347287	24.621829022538225	14.0	-3.207887676529072
1413.1672256152228	16.929477444834397	5.0	106.48219430890674	28.97827963209584	5.0	579.0598704590956	24.642164838464556	14.0	-2.851031593179332
1525.3061362812132	16.974040018087717	5.0	178.87210300581145	27.659847515959704	5.0	579.0409935507212	24.3346694720688	14.0	-2.9482324065498995
1676.8299870494225	17.176147840369577	5.0	166.92283463410163	27.925728960854997	5.0	584.9715228419482	24.431212484164753	14.0	-1.704571404806042
1989.2641395307367	17.355507272778574	5.0	126.68899972423426	28.256392592279763	5.0	557.1259842967326	24.076448094778545	14.0	-0.8374821888622191
2322.4020950145486	17.49878385119036	5.0	55.20411545067577	29.918268386386522	5.0	520.8665904038925	24.132498989242197	14.0	1.7662711727722706
0.0	14.778247516980421	5.0	2390.509047112704	17.636927809885034	5.0	546.6306477808916	23.488576708260783	14.0	0.15832278031772473
206.02484793538102	10.649807866237067	5.0	2266.951058596621	18.15732262990896	5.0	486.2734034815576	24.46337873799511	14.0	-1.018792956603503
676.9886831728913	15.108078166420361	5.0	1667.9271334057407	18.92089039312537	5.0	544.1689274728568	23.524903266420164	14.0	-0.01944233145141911
2208.6353561132946	17.45636139145604	5.0	309.02022253776346	22.917568537357404	5.0	581.997783581072	23.153214732966628	14.0	-1.6922318902539175
2731.3714051598145	17.628777852198454	5.0	179.3646060226898	27.754308256728464	5.0	536.2138975697844	24.167645847815088	14.0	3.0514958644286247
2861.1751561671394	17.24964339010802	5.0	318.57757751210994	27.069619197014877	5.0	468.6420840899132	25.559622258177626	14.0	5.309167778428837
2685.585195379647	16.679733225145593	5.0	682.4777106539797	25.63126675689185	5.0	453.8101365447623	25.643605400251946	14.0	4.407337576512769
2619.919908348886	16.55368025938104	5.0	917.0305140640531	24.907755512587226	5.0	497.1790217519299	24.1615627315944	14.0	3.3939918884443805
2637.961512511356	15.854312797819476	5.0	1400.8081633893898	24.11554146518713	5.0	423.70286072644944	25.770401144576798	14.0	4.022953281139435
2793.9706822806033	15.786887344218838	5.0	1580.7304366979572	24.04136520107323	5.0	458.9619153637713	25.373595119268625	14.0	5.318605665015237
3191.943193861803	15.837673941733055	5.0	1698.2377710439478	24.343326585335262	5.0	405.10831200153547	26.88195001960785	14.0	7.59278513564499
3358.8514510444093	15.636741441956577	5.0	2055.8388017807474	23.819583328574456	5.0	341.9393149220987	29.142684287508953	14.0	11.160716422656414
3484.809725267125	15.396578456637874	5.0	2471.965063412013	23.586319518669278	5.0	305.6223328739206	30.99532232907312	14.0	10.73756494780967
3613.179820282717	15.128235723004252	5.0	2761.3654935702457	22.876413468734572	5.0	333.67082636114566	31.174987355475466	14.0	11.573411095756171
3621.6794493394873	14.75040183123268	5.0	3216.987978206282	22.009262730445165	5.0	307.5339550708662	32.76503145103986	14.0	9.035660712569817
3590.3510173388354	14.778007759117491	5.0	3759.471949481993	20.88660740728193	5.0	325.6614212752251	31.257926158208623	14.0	13.807670740723674
2651.9780386448965	14.190242248411304	5.0	5424.892843865844	19.338223526140467	5.0	311.1094622546831	32.203558747069295	14.0	14.08017924624699
2790.370588732751	14.104771565617256	5.0	6074.298954986595	18.817303227275925	5.0	311.94378315895153	32.70130421343257	14.0	14.790195438244838
1833.880726854808	13.176526367758463	5.0	7463.856869365369	17.860369465038296	5.0	397.49745016196414	28.934080429395486	14.0	16.50482113104092
763.5295328753457	10.32133948143277	5.0	9453.73056283403	17.19138269104283	5.0	425.8209780424865	29.675776490633826	14.0	13.924134535621546
205.0790683429065	5.851158081434311	5.0	8654.52932805859	16.709630082974286	5.0	399.2631293078717	29.92315188807014	14.0	11.900251150303024
816.0342871935316	16.715814769575402	5.0	7878.649868162712	16.715321748051007	5.0	392.4218987694664	29.30359808496913	14.0	23.805393707801763
953.9390576600374	16.832354856346612	5.0	8229.771463273699	16.831508004786645	5.0	326.4871347645876	35.23972640619824	14.0	22.53842563461924
977.3923288719465	16.745922645087884	5.0	8758.63413338484	16.746723081571805	5.0	367.4846691592758	35.64272041624263	14.0	26.884635332220384
919.9561430286916	16.65760543500504	5.0	8233.076893117897	16.65846987053947	5.0	346.32719678627853	34.850398153856425	14.0	25.91160347492362
951.7981275138079	16.96063955314566	5.0	8467.050810485542	16.96090240700098	5.0	348.8818008718221	35.51253398618369	14.0	27.206895508352464
347.13664345939645	3.4428151788824013	5.0	9782.231231033074	17.4134001575436	5.0	327.3408991912025	40.0	14.0	-7.28523387968179
418.10039466042815	4.227298311005477	5.0	10277.944819797045	17.481020582149736	5.0	355.6625120982136	38.528930068307766	14.0	-4.483262339491793
406.77670933464543	3.7114496960709165	5.0	10654.199579116237	17.250003820333077	5.0	364.1396520719272	38.320609971379	14.0	-6.723035242002353
395.8057585676306	3.0176831947992397	5.0	11843.989482462117	17.062798512266205	5.0	417.15590719915434	37.417651538640065	14.0	-7.881269897377449
520.1117223210824	4.2254395311562165	5.0	11772.315340572297	16.91375158468647	5.0	452.5588955772875	36.104308304816506	14.0	-2.9331598336705214
796.4772857405476	6.179655991101329	5.0	11390.564753853407	16.824176826285328	5.0	481.0667179235006	34.0865508790013	14.0	6.949675389204328
1167.1036692500036	7.999048673937817	5.0	10926.694080772126	16.72806870082153	5.0	448.8239025972486	33.527734038091246	14.0	11.344538758162063
1611.153921611224	8.373530189049282	5.0	10454.859658078054	16.658483379962377	5.0	466.66507650667705	31.216652567076526	14.0	13.151119889095376
2161.9209714325707	8.494901082435279	5.0	9426.726178065717	17.305925237158405	5.0	520.4578527871242	31.008295016767775	14.0	13.449613558781817
2459.3528712544635	8.553236288950632	5.0	7892.391636456195	18.00174961836699	5.0	567.1008959197753	32.62376634576187	14.0	11.534888978575323
2686.307839024761	8.566611506485355	5.0	6569.7644889043495	18.92076028677631	5.0	542.4982551245439	35.6123625624668	14.0	9.788842686305252
3120.587357801051	9.183142652786575	5.0	5478.534841549383	19.25571092830062	5.0	535.3256828717958	33.11176465000256	14.0	18.752277252342754
3561.616049298033	10.17591785567562	5.0	3896.052229470281	19.75868264315331	5.0	594.173224687052	26.659724771067182	14.0	26.07456314512061
3941.095179711527	10.461751277568908	5.0	3265.031991769383	20.40748432224392	5.0	651.2119084002231	25.686602122323613	14.0	24.629146067036086
4366.076608448257	10.6011189479766	5.0	3039.645769544626	21.640151502082304	5.0	692.8248066640567	23.73702546136254	14.0	24.155565147103882
4489.675024052752	10.256505940774852	5.0	3197.0937918271143	22.099155336638148	5.0	720.2616591685684	23.567171117452254	14.0	22.43622234202135
4565.94486263799	10.0938299936114	5.0	3038.5437937148467	22.1935598230143	5.0	652.2565260196876	24.524960813283307	14.0	26.00025749523404
4286.864957597304	9.822835436314906	5.0	2855.5810016994146	21.98726966393399	5.0	602.956561916801	26.479601210514474	14.0	22.225397679947005
4015.9762578928708	9.874602850017235	5.0	2368.2768263466983	22.30920796730227	5.0	646.75540340758	24.88891452827218	14.0	23.14449703174735
4086.1532189132827	9.767287344626558	5.0	2000.8214663564358	22.183036471073763	5.0	647.0920409439801	24.76751204999939	14.0	20.80080514837345
4092.3777274130966	9.464402331427872	5.0	1894.8122431504626	20.964017394809975	5.0	575.6328650594572	26.37629777718556	14.0	19.66703076569948
4357.384532951436	9.259827487838884	5.0	2207.0303682891054	20.57960751529715	5.0	505.29402039771907	28.240035827778332	14.0	19.255117196823868
4907.489281314373	9.3041739424961	5.0	2590.4452523920445	20.05147432450743	5.0	462.4734940564046	29.074741707013608	14.0	16.220873617805303
5336.500949990315	9.299836566084544	5.0	2753.5504799303067	19.157602919318304	5.0	648.9773404277394	23.904591460018754	14.0	17.468968861410175
5904.764921368263	9.497147198156645	5.0	3101.6957571867856	18.65002320528019	5.0	793.6135284712849	21.979495348433016	14.0	15.753389420049034
6431.098991639853	9.439089604616735	5.0	3730.4574949732537	17.740173364460556	5.0	1014.417158170459	20.059345980999844	14.0	19.300868250439333
7363.243963290465	9.117413888354822	5.0	5534.596015081091	17.174643813039353	5.0	937.4753901911464	23.13874015412457	14.0	25.751128693507837
8440.716904536412	9.218200629098328	5.0	6243.1024425215455	16.916689514065787	5.0	957.4272291332876	24.24305805133445	14.0	25.518693520407343
8229.929154689347	9.075833872234815	5.0	6769.84469277482	15.98654205336534	5.0	1131.7595450082915	23.169891773570725	14.0	24.483924717220827
8005.04820935533	9.261261148637566	5.0	5786.467491194581	15.87139316609735	5.0	1192.9707301889846	22.72380149518865	14.0	25.767932894092556
8758.710489947103	9.823348332562984	5.0	4030.0003054751655	17.3306731566169	5.0	1169.4253004476004	23.001838287095623	14.0	25.46253412097353
9823.010413978769	10.140594116368957	5.0	3123.699736705608	19.300786010868475	5.0	1102.5193552281112	24.19860482213895	14.0	28.801706435058687
10426.316258957972	10.388119481976155	5.0	2398.884466296408	21.07832695075968	5.0	1197.6431835598212	23.51590619439573	14.0	30.723514562024075
9757.722360786094	10.598769127973782	5.0	2318.0132338493745	22.1081834463433	5.0	1202.2799088727884	23.3906078776068	14.0	28.775755640034184
8133.224488585711	10.616627996670054	5.0	2601.5385935442287	21.66461196962424	5.0	1334.7530919079709	21.6030786223648	14.0	26.07921206138583
6871.039399533095	11.51064087743139	5.0	2541.453528172487	21.904154852786743	5.0	1536.9171873456626	18.446069083834253	14.0	30.198896652511134
5467.157215717877	12.911315937696909	5.0	2584.0285673901053	21.28784507030773	5.0	1615.8054250290102	18.082669064772915	14.0	37.9365624789787
5318.282248613539	14.40098952082315	5.0	2110.5611815516677	23.008058559267955	5.0	1377.288906807737	19.406564356035762	14.0	46.60526592558082
5082.063862512781	14.163642979641102	5.0	2555.3370003938494	24.037787420187666	5.0	1157.0358926487893	21.58509150953498	14.0	47.370610920834714
4862.262271154738	14.388722455389791	5.0	3132.719480130139	23.474120741585214	5.0	1057.6283039026132	22.85841022477726	14.0	48.96441746029373
5799.855880515073	15.293248990674478	5.0	3450.5751215299933	23.08526433217427	5.0	985.2678444683712	23.573292684072282	14.0	48.330182333974236
5601.293891399555	15.791114578880972	5.0	3882.610384687831	22.866635432481132	5.0	960.1748928278536	22.94545638553346	14.0	46.31707781897821
4682.378003859547	16.178837286435922	5.0	3612.261534364711	23.271009743026788	5.0	930.8107760329856	23.29345177363944	14.0	42.56990989716022
3957.194800648269	16.428964724087262	5.0	2639.8517380951744	25.11881888077845	5.0	917.3219441724506	24.7250893907758	14.0	34.42021010967027
3253.316154189764	15.599331296612881	5.0	3088.756071247937	25.48276013548579	5.0	825.4234088958392	25.85196640355435	14.0	32.28547354879768
2972.9791545635208	14.535409276766572	5.0	4165.1706127870175	24.812567420033346	5.0	486.18207159036706	31.227043709199705	14.0	30.783722894285415
3212.20702921168	14.365017231131182	5.0	4800.272085249082	24.959694771742846	5.0	344.70136031106136	37.20857316782426	14.0	17.34901946460609
3181.599550057057	14.686943015935123	5.0	5583.795126917154	24.9264493878132	5.0	306.4526305137241	38.97210893926985	14.0	14.875419285419804
3025.9902712091234	15.504006086274062	5.0	6656.628495999481	24.654421276882328	5.0	328.2656731264138	38.23477233227988	14.0	19.362330519974574
2377.888419080412	15.74283172964286	5.0	7652.102297306889	24.528476814529363	5.0	317.2233758323786	38.74343772622056	14.0	19.4595574465281
1920.987615723868	16.02343036834833	5.0	7630.550683485671	24.319896716984093	5.0	333.52979740133406	36.856938470382254	14.0	23.404271757633925
1493.119800368183	15.851604423186597	5.0	8100.405200802668	23.554833261879825	5.0	374.79157641683435	35.59540809312214	14.0	24.937889312474116
897.4071908553209	13.777823599604359	5.0	9141.547693272927	22.858604004112742	5.0	354.5195508461385	36.58064873361377	14.0	22.612841601797957
821.9434127789506	13.146635819066985	5.0	8981.882737457134	22.584384201024957	5.0	334.8765820469659	36.56533720379258	14.0	21.68365323176955
923.2994929662798	13.61613992672181	5.0	7995.652099771587	22.49600051582676	5.0	283.94066566939927	37.012314402372034	14.0	19.847186771746497
963.7148673663532	13.881280264021624	5.0	7127.489560976566	22.306847679849632	5.0	261.09594268836287	37.66942922443168	14.0	17.582115163296262
2989.729038430049	20.0	5.0	3616.981057562566	22.83903160414567	5.0	537.7632809363836	21.41000596342481	14.0	20.680114233706625
2605.624099359912	20.0	5.0	3410.1557551693318	22.14360956110654	5.0	515.1829858568248	23.406831016136678	14.0	19.81227076946163
2037.6670963244192	20.0	5.0	3845.1285678589975	21.511927326590783	5.0	515.3823457393028	24.621167152286603	14.0	16.652210748785407
0.0	20.0	5.0	6324.585401910396	20.906384220254456	5.0	478.2337790332917	25.11783126904953	14.0	15.204744579685507
0.0	20.0	5.0	7560.552021199163	20.81777963901024	5.0	362.9884011506197	28.963440717679006	14.0	17.22832958750755
0.0	20.0	5.0	8670.516481809354	20.983851426671908	5.0	438.5818856393512	27.839251066136807	14.0	13.379259462884546
0.0	20.0	5.0	10057.043146647517	21.36971572867563	5.0	485.47121861469515	29.155801868667258	14.0	11.763151444355605
0.0	20.0	5.0	11044.422319819403	22.243035165628864	5.0	543.6842979773345	28.80172165374041	14.0	13.898399223239986
1187.7199261043872	20.0	5.0	10682.366113450535	23.5516373721615	5.0	566.4978677990551	28.258434437524027	14.0	18.7905707478176
1393.2880481897762	20.0	5.0	11306.901241828658	24.49097483667896	5.0	433.4286787353456	28.666121461045083	14.0	24.014751040258318
975.8931701227758	20.0	5.0	11412.236888106458	24.814291726159784	5.0	416.3327187405838	26.334027532507328	14.0	24.313415744331735
0.0	20.0	5.0	11580.432150188739	23.874741697443575	5.0	418.3031003558038	26.944084666495453	14.0	22.90196551022938
0.0	20.0	5.0	12306.807004139275	23.272328957722387	5.0	169.18554122909399	40.0	14.0	24.302245469201463
0.0	20.0	5.0	13133.208824276926	23.211328355283822	5.0	122.43579063137398	40.0	14.0	18.384637941289334
0.0	20.0	5.0	13341.907260219497	23.255357937903945	5.0	107.93258492119412	40.0	14.0	17.63873137321782
0.0	20.0	5.0	13049.799543497478	23.523919150587414	5.0	158.12435811958187	40.0	14.0	20.590355284189545
0.0	20.0	5.0	11793.810728356846	23.969274844746042	5.0	302.4140928933114	33.27121232193704	14.0	23.101753588758893
948.106281054543	20.0	5.0	8981.576873421185	25.386679598755453	5.0	708.9035831291827	29.19050365199484	14.0	3.0583187722705962
1595.5146372765964	20.0	5.0	6927.137925235993	27.33495593216169	5.0	968.7946505706569	31.810884082648016	14.0	-13.084733267281102
1686.4968046366232	20.0	5.0	5905.019572728691	29.08376326441143	5.0	1066.6468752008127	32.72135160591347	14.0	-28.898414359872394
1828.591751037704	20.0	5.0	5663.691189191224	30.358800543688563	5.0	755.3632618457259	33.36975952480966	14.0	-20.681877201708712
1683.6077878983754	20.0	5.0	5560.510682917823	30.00801810046601	5.0	670.8282303051946	33.17986163047126	14.0	-14.785003482082882
1446.68981288508	20.0	5.0	5096.418595960966	29.36838265255475	5.0	776.3660708172705	32.45982091511658	14.0	-15.155133175539726
544.2730132103848	20.0	5.0	3965.664517111934	27.023975260448122	5.0	1505.1717779074218	31.315837963123094	14.0	-37.02098224930953
0.0	20.0	5.0	4076.177061639315	25.09861778216382	5.0	1766.235967219514	31.583872021823225	14.0	-37.24295444683871
0.0	20.0	5.0	4095.2657822649076	24.30448695134427	5.0	2104.614634579762	31.691121287206062	14.0	-46.68628917045603
0.0	20.0	5.0	3948.713520270756	24.098937346664762	5.0	2340.472353100503	31.059781884351004	14.0	-50.432100488030876
0.0	20.0	5.0	3733.952727737042	24.62677547085743	5.0	2293.810287074962	29.531719608036916	14.0	-44.56734800178355
1175.3535913493915	20.0	5.0	3325.773232748089	26.90664978164845	5.0	1990.1058917795501	29.034085684160477	14.0	-30.87648695132683
1704.7658946937597	20.0	5.0	3614.6602508465867	28.529372455118907	5.0	1633.356211284627	28.97432716532292	14.0	-17.16295251952271
2236.9177671528187	20.0	5.0	3858.9270084779596	29.365787908906263	5.0	1409.940481526462	30.114843666929193	14.0	-16.174958530031045
2876.890144533948	20.0	5.0	3456.703900125314	29.83532307953842	5.0	1585.4792101058665	32.196069534140925	14.0	-35.74401786923021
3183.9659626295634	20.0	5.0	4035.4206543350315	30.56579993725084	5.0	1350.6667740671503	33.29264275972074	14.0	-21.81919743720107
2820.3148809945155	20.0	5.0	5179.368662986384	29.535454245743534	5.0	1197.1256963653002	33.31570317791733	14.0	-7.054959570570346
846.8970183697936	20.0	5.0	6791.626688943473	25.271473275611193	5.0	1726.5663164619505	30.017510908960748	14.0	-22.957906905950612
0.0	20.0	5.0	10083.82241355596	23.19578337410668	5.0	1544.3113757483982	29.8679372523068	14.0	-13.196497790112154
0.0	20.0	5.0	11041.128470759104	22.490187390843815	5.0	1800.3677986789778	29.3095144169984	14.0	-33.26308269905095
0.0	20.0	5.0	10353.50063588859	22.272872447752064	5.0	2458.070990494162	29.31429592582029	14.0	-70.99953072176741
8135.669992658392	20.0	5.0	5547.705950084485	27.37790148332822	5.0	1807.9204060380448	32.822421314676674	14.0	-59.05172592445995
7589.601245220644	20.0	5.0	7407.815662431043	27.855861454472993	5.0	1119.0257043437546	33.15143484721487	14.0	-7.631328714502212
4873.620634120328	20.0	5.0	8814.844451583056	26.316868619091	5.0	658.678284310644	32.308868747162094	14.0	38.55620409084612
2491.788156387157	20.0	5.0	9262.587915979959	25.290169988968827	5.0	472.36343556882815	28.71487008768263	14.0	94.03659521619838
2409.9894840706643	20.0	5.0	8024.170476656111	25.262688758286455	5.0	564.7880442458592	26.44691357987601	14.0	96.54178036934138
2454.679453012451	20.0	5.0	7962.805123067812	25.292967659899844	5.0	629.1377132873148	22.572394954939	14.0	57.31611302417768
2274.371859864611	20.0	5.0	8407.187693251133	25.221163494025983	5.0	607.9084910108562	20.450778010481674	14.0	38.66087132069122
2311.1103842121856	20.0	5.0	8248.47403712795	25.172392061609127	5.0	655.5929539893147	21.75553135670033	14.0	33.37999479296281
2453.284328335048	20.0	5.0	7366.335360799595	25.140972171779413	5.0	686.0265811427402	24.96065747236847	14.0	34.13619940417582
2404.7263574885915	20.0	5.0	7228.3959741439385	24.698657197587007	5.0	602.8500886743334	28.234756941421875	14.0	31.292367495222294
2640.5446716430956	20.0	5.0	8363.695295312677	24.172664838325993	5.0	536.7441452080899	29.641549178382768	14.0	27.088875429945688
4579.025416561145	20.0	5.0	7859.904297717172	24.220834693139423	5.0	504.1346978171392	29.249689875243458	14.0	28.460923802208946
4992.885478530288	20.0	5.0	7150.590924346357	24.521089625275344	5.0	574.9631921831635	24.823897892298504	14.0	36.721963253379045
3523.931765506555	20.0	5.0	8005.622961591648	24.60860686818196	5.0	619.3244490773517	21.56814210103063	14.0	41.41584205595787
3068.7361513900914	20.0	5.0	8094.120732560884	24.594605187775773	5.0	596.3389321008656	22.89118280119915	14.0	41.446078765153366
2844.8917925008873	20.0	5.0	7998.709346002202	24.60253445917757	5.0	599.7305849763089	25.056749207091997	14.0	36.29049969215216
2150.9732708799484	20.0	5.0	8903.207597327986	24.643892652378543	5.0	574.6847764431443	22.968492710687045	14.0	31.069243573968418
3064.2812746802347	20.0	5.0	8657.88177935118	24.834920363588473	5.0	630.2525583534366	26.246863758138126	14.0	29.827504676744603
5088.926164592441	20.0	5.0	7410.288524474936	24.849664132517088	5.0	670.4659048707364	30.60552313282174	14.0	19.349965493526447
4931.249657043439	20.0	5.0	6916.240985359676	23.75349924564962	5.0	931.2135238718029	30.356874024466894	14.0	4.30463996211728
4726.686257429209	20.0	5.0	7217.688644997172	23.768854948816603	5.0	935.5674613647951	30.91632528589257	14.0	6.320475413431278
0.0	20.0	5.0	12535.391533795311	22.659656585137185	5.0	844.5965961191215	29.240517969408508	14.0	19.36038477924668
0.0	20.0	5.0	13773.67521037431	22.70889456591594	5.0	383.23246702205006	36.399863887616554	14.0	34.18665813959869
0.0	20.0	5.0	13556.532418291601	22.563413299736304	5.0	395.439506350192	36.539928407080204	14.0	37.4087828086216
0.0	20.0	5.0	13113.96082487431	22.61917839128321	5.0	461.6813990984134	35.86251740079339	14.0	38.770522588763136
0.0	20.0	5.0	11739.894625414125	22.323051380781326	5.0	713.0759998329354	28.991958983141625	14.0	29.338803841254734
9928.7273166144	20.0	5.0	0.0	15.0	5.0	1444.9765819177017	29.749885984963928	14.0	-71.53055248965799
9520.271782117143	20.0	5.0	0.0	15.0	5.0	1121.9400173368902	27.550188510494134	14.0	-12.562391982686453
9102.918640411006	20.0	5.0	922.9811462086963	15.0	5.0	857.0941983140436	26.889540589962408	14.0	10.02488398875974
8070.873019767623	20.0	5.0	1015.0253400541249	15.0	5.0	884.9503795215347	24.412428943594772	14.0	19.975551445145754
6804.3242208602915	20.0	5.0	846.9266082020375	15.0	5.0	913.0804172953337	22.448784213354504	14.0	25.739568993397313
5550.909279749178	20.0	5.0	1791.145281129252	15.0	5.0	996.6855234287794	24.778533370303833	14.0	18.630265879754845
3637.9006564674924	20.0	5.0	3886.2852348682404	15.0	5.0	968.565626273745	25.446349918646188	14.0	18.548637943633857
2305.8708705798617	20.0	5.0	5278.5605467791265	15.0	5.0	906.2961223136739	25.4205524427261	14.0	17.842307424244524
2616.294006636598	20.0	5.0	5249.97397181625	15.0	5.0	741.2726969644357	26.244679383456607	14.0	16.51540145134113
2881.6848118568096	20.0	5.0	5649.541769817847	15.0	5.0	687.4275433175463	26.54296742510546	14.0	11.772853923549919
1948.1286838680624	20.0	5.0	7506.06697825117	15.914703689675054	5.0	554.8218442182787	28.183628992946883	14.0	13.058946487371376
0.0	20.0	5.0	10111.280510752356	17.118658031786065	5.0	489.4663807646803	30.538311910210833	14.0	13.618201535450426
8700.40000718212	17.6012076019422	5.0	2480.155188923874	17.60130994327104	5.0	408.9829005887562	40.0	14.0	0.06711220694012428
9525.922049052446	17.639830772169528	5.0	2803.730378310461	17.640411351700358	5.0	414.0845764859442	40.0	14.0	-14.162453203445637
10923.29957345305	17.141131835995278	5.0	3357.772322927985	17.141115980612845	5.0	423.35874053743936	40.0	14.0	-41.08933494601946
11969.178296185388	16.889443005895476	5.0	3475.2542427740464	16.889611585044246	5.0	642.0203227838742	40.0	14.0	-34.87193649821919
12525.08225675634	17.243266254668626	5.0	3432.1785649870285	17.243177479975845	5.0	830.342317203921	40.0	14.0	-22.212487599751025
12396.397977981758	17.42771732722056	5.0	3653.0874139302196	17.427729864386652	5.0	545.7692117726332	40.0	14.0	-21.411156429672292
11688.655024284626	17.44079987637001	5.0	3460.120508031442	17.44072927456223	5.0	372.17269225369853	40.0	14.0	10.206521586540559
9960.26089369733	17.861105832758053	5.0	2836.0922979161064	17.861268554825205	5.0	305.6075784188207	40.0	14.0	39.15976267190967
8593.741717612833	18.372634179092824	5.0	2244.601902856553	18.37291083697179	5.0	422.9548896911423	23.333776100209064	14.0	47.149361071319596
8117.075260240365	18.602967768992123	5.0	2197.560159828503	18.60334908691721	5.0	341.1697267096229	25.585582778774576	14.0	38.954177023623366
8558.011195933268	18.567936411374507	5.0	2509.5759027011177	18.567777319417345	5.0	254.19792210365682	40.0	14.0	17.4044498051371
9137.143467066291	18.571261030832957	5.0	2748.9840496719107	18.571296774745463	5.0	253.9159581779006	40.0	14.0	5.194632212163109
0.0	20.0	5.0	11394.17981855788	18.47406211000293	5.0	322.28137977980015	38.28659940451546	14.0	-2.002628604479582
0.0	20.0	5.0	10069.56233079519	18.40727215139274	5.0	335.85187833146585	36.54741660545217	14.0	-0.1812632786795583
0.0	20.0	5.0	8471.795424632828	18.450682139080936	5.0	323.7723679829479	34.917572213207336	14.0	7.998338562087719
0.0	20.0	5.0	7372.268465418238	18.39845487794314	5.0	402.09374699595264	29.928360336250517	14.0	11.010873670773238
0.06741496867163321	20.0	5.0	6697.201093141567	18.644842767692673	5.0	456.2204787779315	27.322840752318367	14.0	11.629782952585495
1930.6179548580926	20.0	5.0	4055.1846919729646	18.367824161483014	5.0	434.8430045628517	26.028507464246694	14.0	11.029697770270682
545.2037117670063	20.0	5.0	4575.694429528488	18.764420041828988	5.0	509.53830205558023	23.1737322739324	14.0	9.330777964827282
0.0	20.0	5.0	4780.1195328160275	18.707522679577423	5.0	554.1085708621454	22.28232364826672	14.0	8.706983866282556
1218.3485841472059	20.0	5.0	3445.0025429732523	18.21903509676084	5.0	552.951019198417	22.83034829773578	14.0	7.099838964603727
1857.8116284746698	20.0	5.0	3019.754499560769	18.129904029865163	5.0	581.2508500707149	23.955700030722884	14.0	3.643440559290199
2832.396281100881	20.0	5.0	2131.2177657907873	17.834634695276794	5.0	583.3119731172377	23.98162475222285	14.0	4.020668692777528
3940.5214562569804	20.0	5.0	887.5133788967084	15.9997818872304	5.0	650.3820974529127	22.970018102095565	14.0	0.18683445498918583
3954.3884066707465	20.0	5.0	0.0	15.0	5.0	1002.3963712745281	21.90565609892677	14.0	-19.981244604253767
3145.7903355761155	20.0	5.0	0.0	15.0	5.0	1241.5731988505747	23.74889702386959	14.0	-41.33386718865297
2579.0727183093495	20.0	5.0	0.0	15.0	5.0	1347.8040880850644	24.135397462266166	14.0	-48.28883483501493
2489.3284128380096	20.0	5.0	0.0	15.0	5.0	1259.2706266092302	23.96725290015035	14.0	-39.053866748075585
1410.8001538464252	16.265323196489188	5.0	2619.827299791666	24.10314449786154	5.0	473.4177041555789	20.6254138009456	14.0	14.72779373512009
2000.202177895777	17.540051851458614	5.0	2310.333675197105	25.086467858195462	5.0	557.0447170739282	21.188557317399095	14.0	11.726506183985947
1795.9707684792986	17.57868862861671	5.0	2357.912825553214	24.498316473191032	5.0	745.7439519907298	20.824427422768824	14.0	4.937867274978984
1216.6974665445364	16.161444229982358	5.0	2930.2362092143485	23.288287665038027	5.0	798.1436557768167	20.280973934315497	14.0	4.229744959121071
1094.6697481942404	15.007363880321327	5.0	3548.2926288713293	22.819420039763667	5.0	864.5470319547996	19.986388442780694	14.0	1.5188430976470912
1092.4910066286443	14.837257106075846	5.0	3727.886220777082	22.899278426779766	5.0	908.3178931020223	20.02973901730371	14.0	1.7743789339887104
1336.9762229928801	15.569372384529245	5.0	3236.517122373437	23.004690429581796	5.0	932.6692905656146	20.00605066559909	14.0	-0.11908115889317478
469.8289905629245	11.866870048986872	5.0	3703.153186606773	21.050724322871986	5.0	1055.2602353856416	20.857987289156494	14.0	-5.727496973462856
491.8676005883804	10.171981490628706	5.0	3475.748048674345	20.991651206407415	5.0	976.6495520198207	20.902516749072927	14.0	-5.144535863377
650.8386857120341	10.852595333527237	5.0	2709.9707878065046	21.602545328232395	5.0	917.7319735603337	21.178366271654887	14.0	-4.780718185746871
971.0868691504849	11.116488258664157	5.0	2664.127554273185	22.56424324477147	5.0	705.468706521528	22.04354774184425	14.0	-0.3933594426323015
1192.9063777457889	11.400120610378103	5.0	2754.0771531966343	22.954066868945883	5.0	535.0101702215376	22.282576496887692	14.0	3.7367195225312755
1235.6246564867233	11.156356704951538	5.0	2710.1310264141002	22.76616258284747	5.0	502.71913179649925	22.766999832650832	14.0	5.146018567698324
1225.8308877956888	11.313708258904292	5.0	2519.770584884068	22.759969055216438	5.0	498.2557859307996	21.9033997834013	14.0	7.651229549568647
1204.5209117662562	11.453475320587232	5.0	2261.4482433598073	22.91122549672369	5.0	449.04290735775675	22.14182969098805	14.0	6.652485632060794
1201.2666874406523	11.48799834636683	5.0	2066.83821867937	23.051698556709834	5.0	444.5283000948687	22.236215878257372	14.0	5.033627003658456
1372.6294050726267	11.129419142573685	5.0	2262.6999023947137	23.002951659012563	5.0	412.3930778216978	22.858818440902965	14.0	5.22454353426823
1604.8613064161166	11.350733968755078	5.0	2299.10961051117	23.366206262490312	5.0	400.41591289457665	23.351793994404588	14.0	8.276478148704117
1801.9137542010146	11.327779369349107	5.0	2411.0373931849535	23.67897181704122	5.0	322.84960846729444	25.726273704890176	14.0	10.231963047634641
1767.6232766793235	11.247963239788549	5.0	2416.5251012975637	23.558198782132866	5.0	315.87422963164846	27.204171472338626	14.0	8.617421018269383
1789.5495770265052	11.406585939692794	5.0	2341.3613598391826	23.45822778713715	5.0	313.82966287568394	26.970933973333874	14.0	10.116295843977142
1580.1377324627772	11.227520102983807	5.0	2263.6849563883898	23.02048068012302	5.0	347.30910030247793	26.689487608866834	14.0	7.647546205638984
1598.8760900158782	11.168211720432193	5.0	2260.1539870524534	22.932635163635034	5.0	358.424567658936	27.74606171015035	14.0	5.342630766424407
1574.4074316608471	11.3801252464535	5.0	2242.6236809461298	22.63062319280782	5.0	420.29279687465413	26.692645820807087	14.0	4.5554502806074035
1679.317991254702	10.90331729877353	5.0	2556.3225595074236	22.23255842354244	5.0	404.2965363053499	28.610449267491617	14.0	4.417986194155322
1561.2374700844402	10.823441505137028	5.0	2439.170541598087	21.817545049456072	5.0	477.7141010060471	27.01287183163647	14.0	2.669149346259346
1500.8163617498653	10.598065084562514	5.0	2371.4537984916374	21.54808157398897	5.0	570.3354271258444	26.670370586467925	14.0	-1.7180715616069977
1450.7418387140374	11.188408336103716	5.0	2165.326609535107	21.586753799401947	5.0	645.9535100118311	24.834494566693643	14.0	-0.43470970191222136
1252.5147454871924	10.879750104237342	5.0	2160.754023030289	21.096201448516574	5.0	726.696366970951	23.962058827455493	14.0	0.5860613242062125
1227.0438902807052	10.790716895770357	5.0	2124.836804998026	20.506632141675475	5.0	816.658920147897	24.00554444582079	14.0	-3.3712360497403995
1211.8573727563721	10.68014860580551	5.0	1980.679107114964	20.498034281443328	5.0	889.0279444577029	23.026853128939408	14.0	-1.8305970145959403
1350.7274060593402	11.17011654560418	5.0	1643.2729695662374	21.26551872667325	5.0	827.1436501748885	23.084676620509434	14.0	-0.7875838114245864
1164.5230724428388	10.895942382308448	5.0	1432.5881441989004	20.572238301286124	5.0	855.390907850533	22.406727524879678	14.0	-7.953125398833123
