amplitude_0	mean_0	stddev_0	amplitude_1	mean_1	stddev_1	amplitude_2	mean_2	stddev_2	amplitude_3
523.1516495271378	8.787241478493057	5.0	927.8393417087602	20.39466797953094	5.0	190.4262424374296	27.705847386323242	14.0	-3.389129358922348
516.285131684573	10.327331997359318	5.0	829.7220757622018	18.255811199517105	5.0	293.9701594063954	24.408218979286378	14.0	0.05522164808028283
1049.6554496672002	15.122768402395007	5.0	328.1550929023354	23.096732740745047	5.0	312.44251910071756	20.983962357646	14.0	2.7127473883201425
608.5144217020091	10.032768598498954	5.0	851.0205271847433	20.94914696155223	5.0	182.96613929539814	28.556546959784022	14.0	-4.32918133365378
683.3378947358034	12.044438134060968	5.0	528.1828901956012	20.765176139167053	5.0	311.6265124028866	21.853887569139392	14.0	-2.0584922236799303
802.8937328837935	11.148402397105214	5.0	944.8196223381713	20.474439059424366	5.0	199.48812808214316	26.537580256581734	14.0	8.179710816524468
719.9544009525833	11.077155585882432	5.0	820.025415472639	20.618269027688623	5.0	236.48124849337606	25.371190294063002	14.0	5.938216015309011
525.7245881145908	10.913504833472476	5.0	934.9534075703134	18.84472706780101	5.0	280.91094640630115	24.119257361012508	14.0	-1.9993646406885368
770.8737258232825	12.598686154568039	5.0	610.3380855957672	20.392035005800476	5.0	289.2280528933413	23.640851165999383	14.0	-0.2062568394337229
204.7121254600561	7.674033582348663	5.0	1212.0890625403947	17.055218053914924	5.0	318.33138714417845	23.0428794800863	14.0	-5.543101448832395
636.3849924833665	11.040884456675169	5.0	867.511809409608	20.478642352423247	5.0	242.89497481639745	25.474710913785962	14.0	3.6084740526467396
1179.075150678482	15.971491065538887	5.0	82.4008891226352	25.804771428361168	5.0	330.09212411166914	21.65955869559403	14.0	5.069677355915919
217.08406149641965	7.109093676306608	5.0	1179.619970195342	17.747087658809388	5.0	320.34463871420354	23.437200235333822	14.0	-2.8454081390729655
1092.8661738060935	14.200627899654423	5.0	465.79173638479836	22.26574723748089	5.0	284.8369580826742	23.282865659804408	14.0	4.580977399147432
364.5190365683522	10.361132925125869	5.0	821.1225390797986	18.427887173918677	5.0	389.3719985638388	22.024215502644864	14.0	-2.310490262915788
885.6465105313532	16.582459744980852	5.0	206.6735972524959	24.649663872845764	5.0	337.15553306789593	19.855518467981927	14.0	-7.822763963552067
151.058331208061	6.356277444144847	5.0	1247.842368221121	16.522511540221466	5.0	274.7842191498315	25.910126489499866	14.0	-6.299425037943558
203.26358350683682	7.926987246101214	5.0	1121.5720230274974	18.24123744659819	5.0	358.79548696114546	23.989794733042658	14.0	-3.1341933090457363
690.8745303062861	13.20350893990857	5.0	746.159257650702	21.15227016068493	5.0	282.9585805201704	23.59928007402585	14.0	2.6234338609402648
501.74762474824615	11.00372950000937	5.0	881.1808617846937	18.85671722393612	5.0	290.1918291673355	24.76303651681121	14.0	-1.8916512246912003
1029.0906098358257	15.575301775742464	5.0	325.4490435409934	21.673360282514157	5.0	319.98810239603887	21.601714931907086	14.0	2.913713507033196
136.94595474819639	7.9162679120206905	5.0	1028.5875211440737	17.422214881757323	5.0	327.097950542179	23.376124811622212	14.0	-0.9246989260387438
670.7182725703383	12.048412666473268	5.0	953.2063286929766	19.875428430090004	5.0	219.7148252700497	25.493429629984416	14.0	0.7857871280300238
375.80152621683516	9.766436235828149	5.0	1450.056749095711	19.16009131745666	5.0	182.36042911563138	27.195414461604404	14.0	-4.051971585743085
414.6890862068771	9.61789283363815	5.0	1267.8897367552358	18.91550592856133	5.0	188.394606450061	27.696495853379886	14.0	1.1317614780791136
269.97962101864834	12.657940344963313	5.0	1039.4277721967414	18.489795127743104	5.0	258.3205878643964	24.529902967295246	14.0	2.0872291307473008
254.92956157519052	10.723721435992683	5.0	1294.2317152839419	19.03035025002192	5.0	239.905213668686	24.34028728603365	14.0	-3.3174686783900573
955.0384893169714	15.817017927990358	5.0	378.0479389993355	20.862071554990855	5.0	273.5924410202428	22.31638299376207	14.0	1.6230276437278237
143.3888889417459	8.858496068284442	5.0	1140.2420126341262	17.960575603402173	5.0	305.63571794850407	22.640501760301017	14.0	-3.941111433626559
427.4141049124827	11.055829723674767	5.0	1162.111101367548	17.93907018810306	5.0	228.7419590471847	27.359588300250437	14.0	-6.705912881362544
604.7888764925461	12.295619205576894	5.0	934.1003441542923	19.152788120669616	5.0	247.53107555444356	25.711721175087852	14.0	5.480615654874636
979.0353343387397	14.794617143013648	5.0	450.9433028266419	21.524182641343533	5.0	261.31979395522586	23.50420326573397	14.0	1.980575032529349
632.622326448289	14.270598285678421	5.0	787.2743066945782	20.223783259155095	5.0	274.1520321679532	23.193428872526763	14.0	-0.161175159687124
162.18388844648803	8.046203466321945	5.0	1205.79310601648	17.794980388473068	5.0	247.97724343586185	24.531235264795555	14.0	-2.31738390092482
103.76433319272537	8.137503825672761	5.0	1320.0230681326645	17.783023706666317	5.0	255.48786553990874	23.965457185831912	14.0	-3.836031863888317
763.8368482359971	14.733769815275659	5.0	658.7213700083616	20.494670799873532	5.0	253.54553040935582	21.66099069434841	14.0	3.76635232778064
1216.1981876912082	16.057490852470377	5.0	257.412604407055	25.514962534302633	5.0	188.53568876930993	21.4914661549652	14.0	5.658496975913242
1049.5688725228708	16.11879154045096	5.0	242.536596115791	24.821119227874537	5.0	290.54786360167583	21.288378075917233	14.0	0.48371460895830837
887.95638545962	14.40473961426116	5.0	575.5601962161682	20.68797148041166	5.0	221.08691271354078	23.283312653618538	14.0	1.5052510356192974
494.0959238497128	10.889138682230433	5.0	1258.1007190804598	19.056197591521947	5.0	141.9462222990156	30.867774865058223	14.0	-2.4230794803541094
398.6425132919103	10.478609274879625	5.0	1041.7125068533016	18.440755693373458	5.0	241.88002635179393	24.01373995428522	14.0	-2.6065971991556034
434.17636050679585	11.516742977608255	5.0	915.7121649730851	18.5163909767074	5.0	267.4392390407565	23.542669308807927	14.0	-3.703005210128367
648.0992497252827	11.971178719247195	5.0	1064.8057318781732	19.15839152744266	5.0	186.8148163601588	25.966088028960655	14.0	0.6701562081531494
500.4562002355492	12.414086026614944	5.0	949.4963747496063	19.815148453868765	5.0	228.47090127912307	22.387617566192674	14.0	0.8751026521331767
259.9190679081932	8.841676879001538	5.0	1249.1379924396188	17.850332791120437	5.0	254.83265658267086	23.91691968613341	14.0	-1.1309469547661795
415.80922362766864	9.699724913670613	5.0	1153.3508782430836	18.295984604985232	5.0	209.1242792411504	25.542804198100846	14.0	-1.336502663746797
1157.6606140034617	16.046423131351197	5.0	274.3214614449037	23.444734666694043	5.0	281.82363326464025	20.22904762857276	14.0	-1.1188152121039747
815.6002523908309	14.403968977409399	5.0	561.4614482891008	20.568856743733466	5.0	281.5231217749167	21.78871570810615	14.0	-0.8229281321371613
1164.2069808131887	16.134190487695452	5.0	179.3780028306436	24.10979772242059	5.0	267.5702251384947	20.716671553242275	14.0	0.4184344858610553
11.102582639792148	6.471829387505859	5.0	1207.279836139403	16.68649520470697	5.0	324.1567871181235	21.713567624319317	14.0	-1.8786375106895077
205.30835766652842	8.458137240113816	5.0	1273.0904509856073	17.796557264004118	5.0	249.83235346252528	23.966715966662125	14.0	2.792498204497225
117.62807176061075	5.525926985747915	5.0	1415.4341556188901	16.925194286178257	5.0	255.1248409291532	24.7056940841164	14.0	-1.3472378602841593
143.91748928627607	6.121817447058885	5.0	1449.0190115690752	16.977687186497977	5.0	213.366667892487	25.820432309143204	14.0	-1.857911301325456
1260.1972950249033	16.572970403009595	5.0	133.1713778290305	23.04825807873539	5.0	288.7450655874847	21.153728580852334	14.0	1.3182153172196083
105.58548406333045	10.542536000750239	5.0	1310.8380390466302	17.586833253202908	5.0	272.07462040350964	22.231839003607753	14.0	3.0139986161970427
237.89483977715474	7.149078511787778	5.0	1380.5839976029752	17.351506403150196	5.0	208.07562169746407	25.547350032647884	14.0	-2.8561811469407203
1294.0404976657196	16.48247635815981	5.0	100.23592293664481	25.449538568815782	5.0	281.7745897386709	19.84730841527823	14.0	-0.4218684942959303
827.7300278011394	15.649128909297566	5.0	550.8672165643641	20.293989845529055	5.0	264.7174622337178	20.555604452191638	14.0	-1.8178088582937997
352.1557507879774	9.969896503080998	5.0	1164.096073751917	18.280824547778266	5.0	236.10099116180592	24.741849344948704	14.0	-2.7799289685202107
210.03616546696543	6.295141490908565	5.0	1293.3597120834909	17.151916460238635	5.0	232.76179295742864	25.267008617705297	14.0	-3.182498294046301
107.25822534176012	4.527663862597021	5.0	1282.0185351343796	17.370127234045206	5.0	242.60041383379436	23.663346731744145	14.0	1.3107095516737768
179.28599679482082	7.473293799959268	5.0	1272.165841547674	17.68958765888807	5.0	239.64167615315458	23.224263256813785	14.0	0.055621662524753965
1106.7649639808135	16.18301375310114	5.0	227.10097921527168	22.957297584128124	5.0	275.2978953290044	19.626993222011684	14.0	-1.138504536094579
827.7071417870748	15.185933562449367	5.0	468.1963012860555	21.370261889455783	5.0	277.10931609471504	19.74226921447523	14.0	-0.8033685056374933
190.0205032471185	6.044678037032855	5.0	1200.629869048894	17.3879779721848	5.0	227.58443033149493	23.884809439534816	14.0	-2.710526168414157
137.9713654506971	4.709029343755516	5.0	1173.479895240664	17.011464128837495	5.0	248.42425491465949	23.826994480627448	14.0	-7.433405227086031
45.083244502208856	3.6855586904184516	5.0	1094.7136946044277	16.858427585757994	5.0	307.16828765536525	21.086464234248727	14.0	1.7443715481548006
60.5165291167957	3.7126573892129713	5.0	1019.4027787668641	17.057351542580538	5.0	313.5760387609974	21.35505677727223	14.0	-0.7433157772248714
120.43964157048389	7.951721089741309	5.0	924.5443585147003	17.116495713392354	5.0	313.78410428237805	21.14202723315224	14.0	-2.9358864048493936
74.04587267753105	3.8702663418151966	5.0	916.2543311601675	16.774680220281383	5.0	303.68613993806446	21.578962998665297	14.0	-4.495589909531245
387.78213679619085	12.142151922955238	5.0	667.6453519606607	17.63181818256126	5.0	316.9358587539041	20.69993532910586	14.0	-1.4701777239010387
518.0793958265847	13.61009048916372	5.0	519.3316837150694	19.310489055043785	5.0	301.30435536029137	20.45264594885061	14.0	0.5299649267383074
81.68683582994086	5.235818852621992	5.0	860.7984556561488	16.471216242839056	5.0	304.18053815668725	21.07053543609162	14.0	-5.789944902780067
77.66635438524042	5.5997290778947395	5.0	899.053002203513	16.60495613956448	5.0	278.6115032233608	21.208284478488657	14.0	-1.2306311249286346
201.10254224827577	5.829627111675513	5.0	982.0114432229901	17.970697401444404	5.0	222.23063788607624	25.63152849760419	14.0	-1.261616476874988
653.8666107284353	13.752765609134132	5.0	371.4753796554845	21.429905040036108	5.0	307.1932652244591	19.52880582888031	14.0	-5.08330243815745
620.3774487431316	13.061037715236889	5.0	507.7533115229164	20.515911378450124	5.0	245.64368502562957	19.832475124463663	14.0	1.9559671596822514
345.2189116316817	12.417553367529845	5.0	746.4568761339164	19.13723826890557	5.0	252.99107526647006	19.868499294336157	14.0	0.8280454863280189
865.7980831498542	14.383659558205862	5.0	256.9924724987498	21.536672054484995	5.0	285.0479741813577	20.477941768627385	14.0	-0.8838986384630669
164.11834662957065	5.2096452887775975	5.0	1019.2973740142962	16.53482588158646	5.0	224.85048575022932	22.896476393065885	14.0	2.9942633764047653
179.33478569878434	4.680987437030925	5.0	976.1042117315443	16.906479893352408	5.0	247.95148603987712	23.39090772705617	14.0	-0.675033045916701
64.50944524228416	4.025732738103152	5.0	842.0577881884909	16.006261349068296	5.0	314.9637036570003	21.437665031849324	14.0	1.1202918962400215
119.20243667851378	5.673584152576598	5.0	950.0370321908514	17.383201894969545	5.0	257.50916546107754	22.042998867649427	14.0	1.8221065959629603
127.85403851595481	4.3588951830288245	5.0	1009.9411647000147	16.66292681511811	5.0	252.3041752362834	22.876597125343103	14.0	5.066080831997227
890.7866985196774	15.440008495842736	5.0	102.38760307785999	26.64373161748971	5.0	327.56650030786733	18.609418109594294	14.0	-0.7950598972215828
808.5136573049359	15.024694726768672	5.0	242.07794769643584	22.29184299236538	5.0	313.61559762775744	18.75004517315209	14.0	-0.20735186526793525
90.15453322784425	7.168342537439776	5.0	843.7764720707006	16.77780404035143	5.0	360.67304106855204	20.667960697467173	14.0	-2.1929730123623257
137.1629611380026	4.473769153231344	5.0	965.0140887664476	16.724659677071486	5.0	303.51794230522665	22.608543258362474	14.0	-3.3632472163273692
84.21727493787155	4.176408976911838	5.0	995.1193303310824	17.21799721807159	5.0	284.346517834466	22.468777364161014	14.0	1.0227562969505073
62.893997012644995	9.005653437441875	5.0	737.3973929730231	17.375371988299083	5.0	364.7095237630576	20.046829085509096	14.0	-1.0752101955309428
134.90911103240748	3.498426869733673	5.0	916.3748465328861	17.366485542096353	5.0	284.40719871819675	23.21184363860637	14.0	0.06547042954668895
121.25325298437129	2.6589253264042365	5.0	884.5521139870573	17.580359658279956	5.0	313.90614393486317	23.0588225290516	14.0	-6.591211022846537
169.06404200114605	6.384427926147131	5.0	692.7774094419318	17.74689184062788	5.0	388.1322259298154	22.882434706791194	14.0	-3.1330524319191753
131.9004358310924	7.179678942370119	5.0	634.3717695818249	18.502323694649274	5.0	377.553236659838	21.003058151229084	14.0	2.1500042009425235
602.7132579290162	15.928325766340182	5.0	247.68226165831277	24.502579276016053	5.0	343.2625865116521	18.551930137079264	14.0	1.2021299452320673
433.719782704695	14.857855194758384	5.0	388.33397647993144	22.364191196460613	5.0	330.0429767080109	19.216838944177834	14.0	2.9123979280253653
471.869569705801	13.568063593424748	5.0	322.3901557312223	20.54681836980491	5.0	366.68951820664904	19.5081610058787	14.0	-1.2874771198761221
176.8308228457829	5.850813084069575	5.0	667.4022854656217	17.80068645088954	5.0	296.5213569774794	21.45178249849895	14.0	-2.9640848902292185
129.62366870916333	4.497304456928575	5.0	646.1987373427412	18.442015125986757	5.0	322.85800906576037	21.43737168983002	14.0	-1.3464135212878159
513.5356532147226	16.498816161876874	5.0	196.2632293113131	24.32407020722337	5.0	372.48185147396543	18.72227639362175	14.0	1.6968168962154617
104.2739367222293	3.5624082241640678	5.0	621.4721653314457	18.014226790424008	5.0	346.0503808778831	21.527692472822988	14.0	0.04228363983968251
172.44493710049403	4.517746304382807	5.0	594.4400212911039	18.345672940568537	5.0	352.5747637046691	22.24296020397257	14.0	-6.3373926320347085
82.9614128259063	3.510158843287016	5.0	637.4951152735305	18.215555023476462	5.0	333.021068971188	20.464355122013302	14.0	-0.9799538341571151
110.64171929559198	3.5590205712576624	5.0	662.6109913330207	18.54310822032218	5.0	336.02140565022233	20.269593152298576	14.0	-2.9962738692009583
232.98565697695497	4.97393519940803	5.0	719.7876137927125	18.288074575285023	5.0	242.3569977963718	23.53017544879455	14.0	1.2908944740967203
161.9799656245525	4.560942909101684	5.0	634.0253763162267	17.488100228390934	5.0	304.1067107142357	22.63762496395692	14.0	0.7505553793961317
194.82809292643742	3.769083101528189	5.0	650.7615087657974	17.853825607118505	5.0	308.04267524166806	23.6110815926423	14.0	-1.8566921443062017
150.21744058910082	4.796705613825765	5.0	572.3196644708507	18.395641716712333	5.0	349.8954649077595	22.022118962452666	14.0	-0.8264903932898836
187.699621874219	5.062422125215814	5.0	643.0242716390296	18.323483246974373	5.0	306.39338248487593	22.201495237886373	14.0	1.221803070290395
225.56285564977654	4.929748849401642	5.0	624.1435420928726	18.349874665051388	5.0	306.92080652553614	23.069559740124067	14.0	0.05654608336828438
216.5699593426158	11.738268720352544	5.0	420.46080099358784	20.83323609105716	5.0	401.24993063984783	20.61067259000094	14.0	-1.5584109867664087
267.7033076895514	16.356076852986238	5.0	261.104374059125	24.544152251292076	5.0	450.20778286882535	18.519296472498517	14.0	-1.6322707584756564
246.83278152965343	4.5846430531746405	5.0	600.131420521363	19.2604925708106	5.0	282.2423561773483	24.182092704371073	14.0	1.7998703255072606
122.14457835672947	5.358282423156563	5.0	459.21422950277923	19.85093274826199	5.0	401.1051556775509	21.63794810662768	14.0	-3.4282510846645065
208.60390009531727	7.070026092706301	5.0	532.1793143783608	20.188319302878362	5.0	373.3515785627603	22.487051507051678	14.0	-2.758654262236425
363.31654246366423	6.748333986966866	5.0	620.9654794895553	19.899519063794777	5.0	296.9235324656653	24.54225383519969	14.0	-2.5439427439189717
330.51754702341356	5.332774784245491	5.0	597.549031960918	20.632765395136044	5.0	292.74486400450525	24.53821082699663	14.0	-0.49268461239337025
234.79109465635645	4.761801307873273	5.0	542.3123406191341	19.69296568731656	5.0	311.0587004168193	23.906726123662732	14.0	-0.7990310059264931
253.65646852686822	4.928522128767793	5.0	501.6948782298735	20.1779689369267	5.0	362.15815789924807	23.9108170982997	14.0	-4.3827197160498335
313.5902105228238	5.029255091514183	5.0	634.266156207925	20.567891430180723	5.0	302.6616894295715	25.87681214323896	14.0	-2.919295563950977
184.50169553385277	4.466636052231507	5.0	527.4387613479975	20.46417331650481	5.0	365.57701513374474	23.667289765737898	14.0	-2.056172198717252
183.66017269087916	6.177816442504356	5.0	390.17281783017546	21.05263592713319	5.0	421.3090897313037	22.42696339595762	14.0	-6.26490162829327
200.72725695662132	8.059039354031889	5.0	363.1734164654363	21.0419426108217	5.0	445.35701386402025	21.75336143912014	14.0	-2.8282362513009476
239.73644225981974	4.811154597715442	5.0	473.93987302426143	19.762937973677175	5.0	345.0070006608435	23.17120119433709	14.0	0.850415471395137
225.98655333881823	5.522742682058913	5.0	360.61499195856766	20.751064323553987	5.0	365.2925336608743	23.377061750424517	14.0	-2.7283581940908412
272.42252865344426	7.765182650502119	5.0	378.11478818311326	22.169895273017595	5.0	347.0442237861189	23.051020305108867	14.0	-0.8869634358932807
347.7864270329306	6.13462734870678	5.0	414.12091873832725	22.155572863409063	5.0	323.52760421809415	24.20336715199467	14.0	4.107289356172691
338.7305735609655	4.817249361780155	5.0	566.01127282604	20.87821043481845	5.0	260.52530272584414	26.955863430795205	14.0	2.5899302240522704
112.36290557660548	12.92703952941962	5.0	310.31753116274746	24.503494756568426	5.0	467.6181309231805	19.64384781791874	14.0	1.7608514738199543
250.40084630069748	7.366899615839596	5.0	323.11336326800375	22.377820072984004	5.0	456.03810520384394	22.404507228943253	14.0	-2.9696555224780923
300.5991972779686	5.803975250798756	5.0	367.86913666465324	21.495940573328422	5.0	434.4464914553708	23.090358648333282	14.0	-3.2968131730647903
212.29915451582045	6.083591447715271	5.0	321.2722284916385	20.849895890649083	5.0	456.2147037330713	22.20581145188782	14.0	-0.8041514586772491
120.42647571514827	5.726942108216492	5.0	414.4249445531045	18.952867688362698	5.0	427.67276486814694	21.485711498735878	14.0	2.086468827738459
265.78939588715383	5.947875267451352	5.0	565.9834388767642	18.803907588565245	5.0	330.0602091654866	23.81266792863381	14.0	1.6871258388772046
319.77840573229327	7.8516070219520895	5.0	478.30330455391464	20.567754725503253	5.0	346.09215073836214	22.76485702616402	14.0	3.092264880086244
297.4794991679699	8.271203980267787	5.0	444.59478474617225	20.653521187423024	5.0	382.1494650907195	22.43396056089957	14.0	2.806057336018131
334.6808944899601	9.180572139173	5.0	492.4457684209773	20.881212873771776	5.0	306.91179749127656	22.08292870029946	14.0	5.500999169489091
285.0205552478227	9.421606458426528	5.0	417.98359434029896	20.712187317033923	5.0	362.48546298255576	21.684721867528225	14.0	3.1953296566368414
302.5472373203755	6.968180083070616	5.0	580.3318236608932	19.83846481511892	5.0	268.00388122061014	24.53498295892309	14.0	6.992890234181251
214.8411373159853	5.982957819214871	5.0	546.4717586235495	19.415622430457237	5.0	331.2492691012843	23.365245215551553	14.0	2.345112865362656
161.69334338319723	8.36933980419476	5.0	534.3695756601517	19.712883936814457	5.0	346.9014426604022	22.05511919362704	14.0	2.476873632090731
269.57504977968694	6.890764160885967	5.0	635.0348962934659	19.833507749934693	5.0	269.81887739061506	24.597526545239734	14.0	3.9147271854204293
287.41221451060454	5.9725964060554775	5.0	706.2922210984823	19.35415939533182	5.0	265.51247853636573	25.560496649470352	14.0	1.9577160789585994
209.7130849118526	5.319984181314673	5.0	599.2027870104241	19.60040533595224	5.0	343.4668459882638	22.748266588925983	14.0	2.7005895025301037
225.8334461160784	6.247364663499641	5.0	527.7617018623301	20.248329949914005	5.0	350.9040260464062	22.2559505938636	14.0	0.3091497770792532
266.4225172891049	7.437460978246557	5.0	612.341017694992	20.043630253300833	5.0	321.3373352326176	24.25169195892865	14.0	0.8305653010340466
261.39228534102455	5.568829382287402	5.0	670.1670550208974	19.343019350578288	5.0	307.61472681909044	25.360545145385743	14.0	-2.103566712877657
276.7350634766039	5.115478321344843	5.0	825.2859095458699	19.19459203717188	5.0	243.83152157733653	26.759853051945417	14.0	-0.08518386636629548
375.55852434063536	6.746146817571231	5.0	875.4381081711987	19.786297882647204	5.0	236.71207365551092	26.541373386502027	14.0	3.412558237587865
314.78487949318344	6.664861486506243	5.0	799.8654663097342	19.42985015644289	5.0	346.451319419682	24.242872985407082	14.0	-1.1509771160773263
232.0756161107511	4.971561324153111	5.0	808.2281911653687	18.915376038798524	5.0	402.320668000959	23.46076498457058	14.0	0.6299314978983406
319.94281943663566	6.143918505388422	5.0	858.5926645853331	19.596535809468456	5.0	368.73407209301274	24.05072770146514	14.0	0.8744142165715383
427.95137259087284	6.519751821251864	5.0	1038.5685535833882	19.98502904048445	5.0	288.3701228062833	26.91707532874387	14.0	-0.4154893605138167
406.356367733776	5.78181093522026	5.0	1082.259351241927	19.782396310750883	5.0	303.09087322948494	25.955773377810335	14.0	2.4942315482274364
455.70042566119434	6.0778394063587164	5.0	1227.8789614281186	19.800234480366644	5.0	242.2476045743648	27.980694028203075	14.0	4.220024194531806
399.7376088804508	6.109663557385734	5.0	1082.3559449640393	19.656119331414953	5.0	346.8829393527285	25.434510507637523	14.0	0.599555042627542
363.1120330084008	5.42417442787185	5.0	1067.645487139986	19.556829223965394	5.0	340.6977349648788	25.220533114380498	14.0	1.1374780670484177
363.9621066625564	5.447540478514276	5.0	1052.5521468072839	19.775746621075037	5.0	331.36024151983327	25.79948725436427	14.0	5.014778977814043
358.0423746725815	5.521804516879148	5.0	1092.9394111586805	19.747297041333262	5.0	332.69022543985466	25.054341688150537	14.0	4.133719587779401
396.0144490232017	5.4182097697287555	5.0	1092.3988260170925	19.761314084178206	5.0	339.58877509749004	26.51166886537232	14.0	3.1210893455441155
490.4637975506766	5.1451651281460675	5.0	1191.8275453076062	19.762016569663665	5.0	255.118246899867	30.508187417096273	14.0	-1.4979466214736086
430.33111612370664	5.394515820895303	5.0	1089.1683089663818	19.853875927211355	5.0	332.96072676497226	27.396928808527594	14.0	-0.8841765154225406
443.1953024409491	6.18926341295897	5.0	1147.6671062597886	20.190970267385016	5.0	315.0453039022824	28.647395433419064	14.0	-0.4203654706369511
367.06854301730294	5.669164034336162	5.0	1004.6433686715067	20.096363909039024	5.0	394.41330257879366	24.916990904814416	14.0	4.123865683396895
350.2970399430675	5.928955311728314	5.0	978.528973727817	19.925810829028766	5.0	426.29551416329224	24.91395543063823	14.0	3.2457389414266737
402.26772818233826	5.8593888803301875	5.0	1146.4626510448677	19.94630666537664	5.0	366.1108361546021	26.68117428975534	14.0	0.9846249221842989
343.0544454416041	4.710001344664579	5.0	1064.8577392367254	19.769832774722584	5.0	459.54326223866104	24.060751229461367	14.0	0.15426924004315154
340.72381394758077	5.062958873666607	5.0	1065.5459759475941	19.975670307033045	5.0	447.6555875751895	25.05289641427485	14.0	2.398657281897611
400.3180275648393	6.127376051542456	5.0	1015.8671892377585	20.048453418701097	5.0	513.4581369470627	25.413429353571612	14.0	-1.133941014750188
309.9440590116781	6.784826890346071	5.0	958.495176744	20.169768624467956	5.0	580.0461817787381	23.821304828956197	14.0	0.826259515579667
318.72063964387945	6.524209066838336	5.0	1017.9035358382965	20.505368704495286	5.0	545.9413350486286	23.543596611009516	14.0	1.415738809599087
365.1141147939768	7.2243081239178215	5.0	1044.9496649130608	20.527759047636962	5.0	583.953548764097	24.33037471732021	14.0	-2.0007518951226118
332.688300146292	8.85897203728637	5.0	1064.7952663858189	20.708356169323558	5.0	587.5137186180074	24.28606843744335	14.0	-0.8535170292868749
321.9273646645449	9.057741659696372	5.0	1017.4362321483334	20.89969530880542	5.0	662.6608754414623	23.880314194142233	14.0	-0.007829722236599019
309.5310499697092	12.299491689254355	5.0	886.887725784556	21.499667311498598	5.0	750.0893012906403	21.969022011379245	14.0	4.085256626578048
267.10780272632707	12.545012097137445	5.0	943.8647522162428	21.506467853580162	5.0	767.147483780459	21.72677140322964	14.0	-0.5265451625232319
288.48062422670887	10.610026663567055	5.0	1041.0358355380522	21.44530737143487	5.0	784.3319939339688	22.124288818013678	14.0	-1.7374971628751108
282.2377743775555	10.010190257803586	5.0	1114.4134657718	21.344465992148926	5.0	762.3422717290636	21.91873908738056	14.0	-0.9979347683601676
362.8231035415123	15.401669464491082	5.0	977.1215247412383	22.011839978341225	5.0	779.0816426301848	20.652603684461628	14.0	-2.52427375731089
382.55622102556185	13.405189912487137	5.0	1032.8038709856833	21.918962826920733	5.0	780.7996830118351	21.72345544206139	14.0	-1.528099390600848
288.5816617353675	11.119394210560024	5.0	1196.0976226284267	21.299882172822926	5.0	755.2295545276194	22.213059567469664	14.0	1.7890834810401057
343.2688796557301	11.545151941230639	5.0	1262.1898263124904	21.21052512702021	5.0	705.2135449042295	22.94732886491291	14.0	3.0650012601342036
362.65388735543786	12.312718392997443	5.0	1195.7652638686984	21.26175237541244	5.0	726.4634590876996	22.725500492702945	14.0	2.777978781383352
235.0248903956304	8.566097148208183	5.0	1357.7416291162244	20.299108834916098	5.0	789.772320966743	23.406341074598497	14.0	1.22426627733735
242.4227121660949	10.090520096909618	5.0	1364.7622746076108	20.459443684823057	5.0	799.1152866766607	22.740909210397213	14.0	-0.8597655251018347
392.64814365847957	13.185669686705598	5.0	1315.2126583994884	21.155129852783148	5.0	773.4294552715979	22.248059412346745	14.0	-2.400418412014496
823.920831138429	16.527614083033335	5.0	978.5251125607609	22.64194954905483	5.0	799.8684144744266	22.891820742546603	14.0	1.7670385902725638
908.512354312218	17.314015544121528	5.0	843.2249672170344	23.263630485008	5.0	817.3041474218104	21.464561565257124	14.0	3.2008731611184897
858.1808056290379	17.551352422955805	5.0	873.0846756103829	22.725636818781272	5.0	855.9869032163891	21.245825217048353	14.0	-2.625416402808827
508.2172780723842	13.826026170751193	5.0	1512.6011540282216	21.66756350960866	5.0	749.1108646687892	22.473491328305364	14.0	1.2552710458725154
943.5444160795132	15.921046160857788	5.0	1169.4104664173067	23.074668579586994	5.0	707.4545320576785	21.75432570768923	14.0	4.963551799090525
1034.6443923093111	15.533890409221565	5.0	1256.4578510509768	23.304080142867825	5.0	627.9468884877103	21.881531132119	14.0	6.787580243185555
548.8805094251395	12.267681135368687	5.0	1713.518504947574	21.820367920681914	5.0	672.5645984863158	21.969342788533282	14.0	3.846675387879961
676.8790314056249	14.978242202307431	5.0	1573.6718049035553	22.56008027912696	5.0	728.3005595916768	20.453985265450715	14.0	1.0742767096906547
606.9258158999291	14.180457855328234	5.0	1759.3681244566912	22.17105138833006	5.0	794.9403378040017	22.1195408758931	14.0	-2.1123749811607273
710.0325460312672	14.399251229895428	5.0	1925.9895310601805	22.728781282188415	5.0	788.8893352253021	21.6983810752567	14.0	-0.3515272294646163
1255.7212541581798	17.73518896832356	5.0	1448.0918898896246	24.616910061768017	5.0	885.63145040325	21.179940768386246	14.0	-4.126203342672806
1571.1440197412853	18.578603652426192	5.0	1369.671329883578	25.288593026611377	5.0	941.626649077639	21.09733041674163	14.0	-3.095049744476854
1488.5771636730074	17.978745062713998	5.0	1832.9831537516125	24.76086159488582	5.0	976.63549645978	21.249090047949007	14.0	-5.140422523477336
1677.7981541894176	18.27409569831045	5.0	1885.8533076902524	25.75546388023457	5.0	1006.7016626511054	20.791577138850016	14.0	-4.989815792806798
2113.3978840690393	19.54540390037934	5.0	1591.922251022044	26.929133066337325	5.0	1031.3919416366375	20.44984245409809	14.0	-6.0670727010087155
1883.050965363335	18.871458441537413	5.0	1991.6098788100226	26.560064181964467	5.0	1093.930969099774	20.76750270415164	14.0	-10.41729006808078
2002.4002937923647	17.963089568571302	5.0	2289.661954244919	26.925598479381748	5.0	1052.9637060986333	20.661369045270902	14.0	-7.538497022975642
2415.181075736875	19.081306727052812	5.0	2148.687011788054	27.991055827139476	5.0	1085.0564742607228	19.963084996429107	14.0	-8.54536323274475
2380.3276306754974	18.865415169523267	5.0	2380.4610972863056	27.92697139297317	5.0	1155.9083263859536	20.49288718386041	14.0	-5.22765201993758
2643.3538764644763	18.594444304483595	5.0	2704.314492782835	28.30625272219973	5.0	1070.501171795089	20.26900089859569	14.0	-2.2854532277263546
2533.63029703173	18.45733331433866	5.0	2869.4309606734723	28.03390248311575	5.0	1199.5909063622753	20.77530784324621	14.0	-6.68531090463005
2819.182926133902	18.271054760779677	5.0	3065.715683830058	28.12028594270631	5.0	1080.7951281007204	20.74437190062483	14.0	-2.043153148049849
3098.5243672733454	20.0	5.0	2475.1419334986417	28.952663764710262	5.0	1288.7907587440898	19.654340569734963	14.0	-13.225744868990953
3210.4514241396723	20.0	5.0	2463.8275080733115	28.53443593701447	5.0	1239.0157631242585	19.640149376713648	14.0	-10.989666034415608
3279.7696386901057	20.0	5.0	2367.724931834987	27.899211599970855	5.0	1247.4342336675847	20.1882927484704	14.0	-9.426846631924045
3218.1796309100487	20.0	5.0	2492.4663862882094	27.223343073639224	5.0	1252.378138710107	20.444215672982683	14.0	-7.6608755885503115
3259.385913413693	20.0	5.0	2703.9247119625306	26.82873936372243	5.0	1184.1075973824295	20.414745328707017	14.0	-3.606161308678065
3107.8172307071586	20.0	5.0	2840.725711452411	25.981265537411254	5.0	1294.8037966978084	21.45542336532807	14.0	-4.833558539044236
2685.755519439271	20.0	5.0	3173.4895562912784	25.229802403055718	5.0	1417.5024989757703	21.9617271684206	14.0	-8.458002096171102
2907.1276397337683	20.0	5.0	3029.9697814606548	25.159945958154402	5.0	1455.95013224008	22.149773582061158	14.0	-10.09913676067239
2902.6919965158254	20.0	5.0	3001.761681119071	24.85726458647766	5.0	1518.3352519538614	22.719564331209014	14.0	-8.949495822351931
2716.402530188727	20.0	5.0	3200.431836388279	24.79411193946745	5.0	1580.1993134848435	22.447906168538296	14.0	-10.25947722964312
3010.186638480507	20.0	5.0	2898.1213629195163	25.346333886280167	5.0	1614.034685987268	22.141193475926055	14.0	-14.275293370256918
3578.160424576323	20.0	5.0	2652.5655256869904	26.381692094412255	5.0	1443.787459465529	21.97371255624974	14.0	-7.233747098725213
3393.9222010729827	20.0	5.0	2837.331151673664	26.142786279257223	5.0	1552.213605541287	21.94632355339828	14.0	-10.565889904934771
3191.1881933719196	20.0	5.0	3027.9896919580156	26.284848513440746	5.0	1597.33829931899	21.390313058041475	14.0	-8.63539304760363
2916.1577314576357	20.0	5.0	3383.515571994348	26.026942527830162	5.0	1591.4884278979946	20.876685654446042	14.0	-9.391714857606491
2919.5919096255	20.0	5.0	3529.8451239404153	26.384290712045598	5.0	1577.6367342353067	19.887400976707152	14.0	-13.235405504922706
2297.0937940761582	18.31065198334216	5.0	4551.181466219292	25.707175672575726	5.0	1537.491599301712	20.735760773592954	14.0	-10.653458142863018
2522.330450751181	18.896577651019175	5.0	4547.021604391781	25.879208584112106	5.0	1537.1904824291776	20.03184192384409	14.0	-12.288766899556022
2465.697705253126	18.67741398623409	5.0	4851.602755688011	25.83983537743677	5.0	1432.3174900402241	19.636749587456055	14.0	-10.540400729814804
1996.5391415020913	17.128516759790255	5.0	5645.581602872546	25.33396581924303	5.0	1420.5174765454178	20.498514184640307	14.0	-7.073740428862936
2578.5957154302223	17.766208563100136	5.0	5343.901585539246	25.936326364531464	5.0	1369.606395357933	19.81806796307421	14.0	-5.037475073162587
3053.4168642543664	18.38910368377089	5.0	5155.299993440451	26.404349949166175	5.0	1307.4533115387835	19.998397031704553	14.0	-2.603557319425437
3013.7339252557367	18.25237911462229	5.0	5609.970784065801	26.522588186776655	5.0	1275.977426477583	20.433225661197326	14.0	2.7435761673785413
2828.783277233949	18.13789559705684	5.0	6081.239581378732	26.51576021919873	5.0	1259.1590130231475	20.10243890981597	14.0	1.2009200138855778
3199.490414303739	18.77145514228352	5.0	5947.068401426646	26.886117845180234	5.0	1248.3459180804496	19.070521907181966	14.0	0.356228967393573
3124.614860136501	18.549549516638205	5.0	6044.462739803646	26.687013435178315	5.0	1239.3462186690526	19.74254116369108	14.0	4.857943066467188
3142.251185273414	18.707445096464543	5.0	5918.357040906572	26.76360709720877	5.0	1284.846581017881	19.517141866977568	14.0	2.9255963989767917
3440.1081790491507	18.46628565856622	5.0	5794.330518243938	26.991557012026284	5.0	1234.4679015986774	19.11452380626694	14.0	0.5596984126570151
3100.5479743660367	18.103057446333604	5.0	5625.331353466986	26.690923302774337	5.0	1349.0326450810662	20.826007158037612	14.0	0.08569799919179363
3184.4162529103664	18.612695206146114	5.0	5391.569377700664	26.914848253714073	5.0	1341.264209921739	20.666301183008155	14.0	1.2016576460320465
2940.6397580629277	18.249824088908536	5.0	5223.50100787855	26.825783924439683	5.0	1292.044936948893	21.228467312882692	14.0	2.713008713727577
2653.702038164668	18.236020385231598	5.0	4729.862970225691	26.959140549728904	5.0	1290.9292275070895	21.42442349808129	14.0	-0.08365738416034879
2750.5558419043946	18.795682866947974	5.0	4292.046559526848	27.164029537392658	5.0	1169.4773216392578	20.574744123125942	14.0	0.8701959488797807
2564.8777858364415	19.01441965619984	5.0	3672.819586955873	26.891197744054384	5.0	1206.4184760992782	21.537589585320838	14.0	2.13841201630834
2584.6826071033875	19.281862858943935	5.0	3148.5825457733217	27.024432252516934	5.0	1111.3880054686942	21.707605515942387	14.0	0.10374243245279635
2674.430789777573	19.229875050209376	5.0	2946.2460810314033	27.316536048385505	5.0	986.8015893171997	21.68644764849956	14.0	3.9994573780329
2690.8463149544955	19.634920638008456	5.0	2667.9052550363367	27.29195268389761	5.0	1015.3548001254912	21.34629035406785	14.0	1.5479379988774145
2545.306743965181	19.60877119442924	5.0	2455.517537686738	27.29842704373917	5.0	1018.2354946266727	21.578880367366644	14.0	-1.586209741622433
2703.8301313765146	19.555403174273685	5.0	2240.9411869368964	27.77586866181649	5.0	986.7254055481031	21.949226604913747	14.0	-2.2011775038244443
2717.800839104239	19.742466106080848	5.0	2277.6559871855666	27.520483827396458	5.0	994.3939749178669	21.43915696255606	14.0	-1.6221082837702674
2686.095986530795	19.53389395584141	5.0	2353.5770932718674	27.192514400709346	5.0	992.205007190976	21.332759331838638	14.0	1.988535420673644
2557.6271631837853	18.99055672485348	5.0	2610.318150081242	26.901345779061348	5.0	1021.5441953238977	21.699470132735435	14.0	-1.1736980075810601
2589.053855725593	18.521136698399054	5.0	2767.2538166504596	26.830556478847	5.0	1042.2495648304887	21.959513624529464	14.0	-0.23898878550399702
2955.9357334278925	19.203620038652648	5.0	2395.6828447978846	27.45137124575032	5.0	1037.2174425046642	21.679309485471165	14.0	-0.03809946853663929
2655.5514302182582	19.374979305965883	5.0	2447.2925193914575	27.224864493081913	5.0	1147.7242048735247	21.275620498362997	14.0	-6.252729358123381
2435.2873494379883	18.644893714991966	5.0	2814.4879631624267	26.713242958472808	5.0	1162.3108701751219	21.462997184678304	14.0	-5.95950056800585
2589.7690117525362	18.615876528304803	5.0	2817.0173355349993	27.07578593491208	5.0	1040.2111532767171	21.46296577721606	14.0	-2.234140310345698
2498.6118802569185	18.651696040188078	5.0	2822.5916294723474	27.21985179955097	5.0	1008.7421016570356	21.08105958424377	14.0	-2.8916873392058027
2742.335598284995	20.0	5.0	2249.163630383879	28.262244774011982	5.0	1120.6988403145444	20.01471713057961	14.0	-7.7252866900670805
2490.9254357747236	20.0	5.0	2376.178165021355	27.77079657393378	5.0	1126.4819646147764	20.402238870614724	14.0	-8.151156869418926
2572.5904446262903	20.0	5.0	2406.410390569434	27.8984971305062	5.0	1086.7114616548947	19.771238544081655	14.0	-9.875127995201664
2761.741032293668	20.0	5.0	2222.0496911470277	28.326097962471632	5.0	1030.180469327296	19.476221159878325	14.0	-9.460294897323683
2663.995445356107	20.0	5.0	2150.2926056288643	28.37941542529301	5.0	1002.6544043621536	20.164877678610708	14.0	-7.435869039219221
2473.941967617491	20.0	5.0	2032.7353007972201	28.116053039388312	5.0	1031.8434011940126	20.303594126492552	14.0	-8.213087086848468
2518.2367475044393	20.0	5.0	1965.642113287551	28.15083050055794	5.0	965.2876916655317	20.377510305023513	14.0	-3.7185553711828003
2581.5237341677057	20.0	5.0	1792.7103568239668	28.30991573381349	5.0	938.9636198044631	20.990460049859784	14.0	-7.396193115842432
2430.88700186642	20.0	5.0	1633.2166915888408	28.87992252349302	5.0	989.2149358419362	21.361066123931508	14.0	-10.339329468376022
2422.5907183238037	20.0	5.0	1441.90399442348	29.042346057901447	5.0	928.5876603687203	21.6886846873589	14.0	-4.450128829771251
2384.273457539142	20.0	5.0	1240.3824157207198	28.33075131282908	5.0	939.5072895862003	22.241743940570107	14.0	-4.1368274107856156
2103.6706412605517	20.0	5.0	1108.9210263122245	27.223904305766293	5.0	1037.6344650410274	22.299004011068845	14.0	-8.053681087708613
2222.0140831773774	20.0	5.0	958.5542948506741	27.963309308462964	5.0	1006.1391029668797	22.229665335782773	14.0	-7.219577293951963
2383.979773564646	20.0	5.0	811.2780821520687	28.590061968952405	5.0	1010.6423027491768	22.315845197986963	14.0	-6.663554711485798
2201.8753034680312	20.0	5.0	742.6252335682992	27.39983995832449	5.0	1113.515104900328	22.474167771239312	14.0	-10.85451359397248
2469.296284058132	20.0	5.0	610.176189503452	29.270515154412703	5.0	1048.1062998913712	22.564496245598736	14.0	-8.444716215459943
2425.6373268640887	20.0	5.0	487.19645217911295	27.636975708047007	5.0	1146.739996359298	22.66952700866747	14.0	-12.163915225683011
2638.125168202667	20.0	5.0	470.03424652991714	29.34687649473599	5.0	1101.6096056701786	22.184977321909894	14.0	-11.335616506458031
2841.386917995627	20.0	5.0	541.0711397376672	31.305510701506662	5.0	988.8612288893423	22.938291463748012	14.0	-2.6883527703178274
2690.165724506316	20.0	5.0	714.4303916919755	32.491633899504706	5.0	951.9675244138747	21.83041578657589	14.0	-2.971339178375896
2602.0353133776784	20.0	5.0	769.7528217375109	33.1975492380869	5.0	931.738657668425	21.37717645251894	14.0	-5.90865178062908
2679.2251902011653	20.0	5.0	853.4325989714085	33.55201494509071	5.0	858.6197910093166	21.339563811817083	14.0	-4.924537281598422
2637.5225647500915	20.0	5.0	867.393422280066	33.73054319898619	5.0	855.9216298513633	21.15623654220529	14.0	-4.991394352767765
2385.3904280590486	20.0	5.0	701.7350737493191	33.561251023650875	5.0	952.385111679938	21.22369998573054	14.0	-7.6949966711681
2429.8663771603524	20.0	5.0	650.8966459376805	33.66618963255439	5.0	930.5564491524732	20.90949450867345	14.0	-7.180399843225401
2387.8161598279858	20.0	5.0	649.6811759878381	33.70944537841876	5.0	930.049605175406	20.495886371698138	14.0	-8.475366469339686
2276.9691104667436	20.0	5.0	549.4628117844863	33.48082022661113	5.0	952.4468066756394	20.559025555688848	14.0	-10.787315244409697
2296.311835986228	20.0	5.0	522.3711231749511	33.11192384315173	5.0	890.9759993729314	20.333625333985594	14.0	-8.297866201937941
2087.704486038842	20.0	5.0	367.80025527589754	33.579092952084736	5.0	1018.7756701152648	20.608787156930845	14.0	-12.019219671325988
1997.7030345404671	20.0	5.0	302.73713149943393	33.21185503133504	5.0	1042.2903490430542	20.19861992429819	14.0	-12.713137251418107
1917.4266820082053	20.0	5.0	289.576898898153	33.01098355266155	5.0	1010.4406168512153	19.97956962601354	14.0	-12.583097992175036
1764.5433945362427	20.0	5.0	209.3205328902456	31.712856442107473	5.0	1054.126727607621	21.004605012773148	14.0	-13.805931437596067
1572.35059804311	18.27833332028502	5.0	508.0437179149157	26.023361157739018	5.0	915.8663011696369	21.734237390254503	14.0	-7.667987533717584
1669.5855617288782	18.452064552045854	5.0	435.6775813424987	28.36500521559899	5.0	807.3621082692451	21.171741935835783	14.0	-5.778151475723755
1618.895075835523	17.96731629039003	5.0	615.9634747127973	27.25322509423318	5.0	707.243272186033	21.630217904585788	14.0	-2.905051110971194
1507.0461975333433	17.73915705397058	5.0	644.2218266538979	26.59255768119197	5.0	673.7045674818834	21.10360958440059	14.0	-5.156434347265315
1347.8291415654899	17.675352873966172	5.0	579.9945762305808	25.850542827208816	5.0	696.5048709195698	21.417771553087924	14.0	-3.3597598636762633
1409.5221666954349	17.77540277520105	5.0	592.9034066825741	25.911128429101897	5.0	613.6679513724525	21.167065333823384	14.0	0.4468054691964949
1431.7943029641415	17.683795452998215	5.0	675.4198277121945	25.89941672840265	5.0	554.5754536083098	21.762232699702334	14.0	0.9030179898868133
1460.8429415673054	17.79015712981193	5.0	673.5784553661991	26.3906538678715	5.0	481.14089449761605	21.391122805336316	14.0	3.061546556629426
1480.046502268052	18.03702160618981	5.0	548.9386186691011	26.613757999991517	5.0	462.86351934445173	20.810104179299206	14.0	0.45243429261650125
1307.2020381205482	17.72133306747927	5.0	548.080494248244	25.91865144702496	5.0	480.84366369073086	22.47606377154032	14.0	0.5499983317733124
1119.561651106341	17.167699654937106	5.0	634.050382456396	25.17508712359031	5.0	407.19323773465334	21.380256968965835	14.0	1.5297735209582692
937.5438240067072	16.723087073288287	5.0	726.752324881224	24.092250948663644	5.0	359.85315696447816	21.032765797607173	14.0	2.0455949575385977
1021.4638831522492	17.530979863793846	5.0	552.4035480210357	24.592568683618016	5.0	370.82291250139355	22.43584240224155	14.0	0.7876683883959068
1089.742554932614	17.580110992555838	5.0	511.3837975867683	25.209218861581096	5.0	356.8072724975699	21.796993184043615	14.0	1.6458417607419633
1077.7151671622837	16.803135741549575	5.0	655.0904660479349	24.257349993906253	5.0	295.38140414782686	22.452677676548646	14.0	2.7492125154211635
1034.813398679202	16.702910298610945	5.0	659.8421336123749	24.047712929744417	5.0	305.37482453483625	22.27491639592737	14.0	2.980414464286747
1020.4513331502194	17.351231892083174	5.0	584.4528493438179	24.34832151647468	5.0	359.80331498574054	20.92828066137483	14.0	3.9010515365806726
1265.7809798691655	17.58519402441638	5.0	466.1129990944145	26.098421608879118	5.0	298.2650344035853	21.30655031469574	14.0	4.1591082624674325
1097.8300751343913	17.45925324663977	5.0	500.36271694695847	24.95666119419596	5.0	334.60533416211183	21.428835528241166	14.0	4.059029001697799
1031.4658642913018	17.837309000010194	5.0	468.0636838655193	24.442206369829634	5.0	363.77193727993404	21.194118169690807	14.0	2.6568811831309187
1042.1314370087835	17.500820338544234	5.0	457.785075622883	24.984813757427215	5.0	309.99241754541106	21.784491043160646	14.0	2.9525645809834486
888.8743009431413	18.048529039232566	5.0	340.02130505518574	24.691609860604185	5.0	362.21126573607506	21.590050345247622	14.0	1.4871500163263205
940.1344838720086	18.22566831744646	5.0	268.05830823169816	26.88653191969878	5.0	307.17905762959265	22.310673843951523	14.0	2.95864135078297
901.0324054708672	18.119370956092155	5.0	336.0813354969534	28.818357992521914	5.0	236.48904835353198	21.90490804684171	14.0	4.4157734317093
804.3993455486416	18.936115874894302	5.0	229.8174608371494	29.990358838121086	5.0	251.31271431495668	21.243352595667474	14.0	3.388748310864383
295.05509301930533	15.985768377822959	5.0	510.8055428149352	21.760309231292347	5.0	275.18142101887963	22.645370472565794	14.0	1.8815722179124184
650.7995931653633	19.64104232885382	5.0	95.02083706143013	28.47461921759508	5.0	241.88906331937326	21.552282032390526	14.0	2.024961562288914
523.9912311133919	18.90851140571635	5.0	163.10457345186157	27.368486708747998	5.0	226.60567786519564	21.806727225773457	14.0	1.4230884406409539
278.2195145873947	15.59095967204454	5.0	339.17851445255735	23.077027657546054	5.0	222.55185845996579	22.799502380898033	14.0	1.5438069504854235
442.4422944825359	18.523454885822918	5.0	168.250375371236	27.46133278058031	5.0	189.68113507662508	21.49524627717231	14.0	0.849250011758389
429.7651628766542	19.121312875464472	5.0	169.01625327183763	28.26126317886534	5.0	181.39393160884768	21.24785013365509	14.0	2.4609470285933135
377.9346283218299	18.725925484275738	5.0	191.66721904464302	27.388576276916076	5.0	182.478505310405	22.209672861666466	14.0	3.3467460421729873
370.6025867178868	18.23595561405743	5.0	205.583436598111	27.78510609144685	5.0	167.06884150370323	21.75391698323162	14.0	1.223351419531893
404.33109777161326	19.497371033354558	5.0	79.78909463613871	30.983080824023986	5.0	209.96071248291798	22.09151974569869	14.0	-0.20302212844836676
368.9281019713367	17.284986229277795	5.0	202.41780414384837	26.20681709162841	5.0	185.41238692204158	22.9110249211307	14.0	1.8714022348091781
315.86906063470593	17.270915899756776	5.0	212.05224438472723	24.745180618353395	5.0	180.32014939663765	23.815663353428505	14.0	0.7996065311269711
202.00776761931274	15.049621962391662	5.0	304.31415970361905	22.122617688263894	5.0	184.28160651556237	24.760850519308423	14.0	1.9006760271856469
289.5913507492384	16.506331864100794	5.0	224.75261772186548	24.95600147253716	5.0	166.046172635356	24.042220440653754	14.0	4.285462004484669
320.2923768759248	18.616847748776237	5.0	188.30238593385909	26.897265081479592	5.0	161.21330050700377	23.08485061527615	14.0	3.130407672873479
318.3426526900607	17.87896890203373	5.0	136.17460925062898	25.753781741222202	5.0	186.13990356270773	23.72965054354431	14.0	0.552374921328722
298.22943961739054	15.12208823390682	5.0	227.0523670520407	23.57638344635945	5.0	151.80693402424086	25.27482006035362	14.0	0.8659252900838895
250.98366264436015	15.491080026309998	5.0	173.62077960207412	24.084019238019263	5.0	187.89599156072802	23.932210832688632	14.0	-0.6514064212527131
284.9876854196783	19.170312399936844	5.0	78.09081045130903	28.663112619181014	5.0	192.20094087151193	22.100536760585168	14.0	1.1907208101746436
286.3240494793917	19.39765260823223	5.0	38.05261658072363	26.975698293742667	5.0	199.4273590956563	22.946137176028802	14.0	-0.2337615674572019
259.3019368480537	18.734082337353886	5.0	113.35010765600468	27.619773448033765	5.0	194.11280731254377	23.367756819293707	14.0	0.2832468615033327
75.47859664750986	11.981256879336598	5.0	353.4451512028584	22.240334759420634	5.0	180.46747913711656	24.732920024070754	14.0	0.018007106599234914
147.82844681077452	13.00467844527585	5.0	377.2030360626938	23.06029924727243	5.0	133.56138299363226	25.97064025185761	14.0	1.3523910918725215
259.4167517790992	15.460284997311648	5.0	315.82453895967126	25.194718494472298	5.0	134.28692937009342	24.496623205396585	14.0	4.355363593530372
192.3359067922904	15.294736485984203	5.0	286.90509040249924	23.583467782313445	5.0	154.8692216199132	24.562620674921003	14.0	1.5476798040702489
125.66454968891533	13.991271073326828	5.0	324.5113308757004	24.301506565103352	5.0	148.54443378354722	24.45857827622673	14.0	0.8474906082815067
218.91672458654406	14.245570549812442	5.0	275.67952705190356	24.222005009303068	5.0	127.06112573977764	26.07981060143974	14.0	2.408447899624666
207.81558341604563	13.5200545214929	5.0	322.89017644615853	23.593891461610294	5.0	95.65331464386722	26.45314885263672	14.0	1.8799327248215811
194.81139718719882	14.66845944913244	5.0	264.2191123013946	25.11588124202441	5.0	117.33217323428589	24.151044182532566	14.0	0.4955884739058473
293.5418072574598	16.18461300119393	5.0	160.16807825734068	27.373241269373636	5.0	121.13745387322035	23.514805113732518	14.0	0.2492290844445905
197.64986270590268	15.84585195035027	5.0	249.53839130329314	25.092073772478436	5.0	117.4196349745331	23.349394433933902	14.0	1.0808562115859826
155.17523701380654	14.185665005366328	5.0	263.29639232194876	23.991398584971655	5.0	114.06343825522447	25.49336038521675	14.0	1.1055424329994827
203.93165108543587	15.88576894803806	5.0	144.01285976367853	25.714537661661698	5.0	134.19475056348546	23.178527448524317	14.0	0.11071140335079702
209.35770972655467	16.487433296055563	5.0	145.96187186681738	26.818730822887087	5.0	129.93117363596485	22.4269369878672	14.0	0.09155295413039401
134.91635076652796	12.458346335480412	5.0	209.72379168357577	22.135734610121673	5.0	115.24285799950779	26.73742926424662	14.0	-0.2991983986583385
270.7756450671525	17.1515522766156	5.0	90.9867723722686	26.462957889637558	5.0	131.93479671323587	23.50938369273982	14.0	-2.6697367558897542
248.016605422175	17.389787317413372	5.0	150.84841523676573	26.965339342258325	5.0	113.04993841992697	22.382040639323627	14.0	1.1913245405591208
226.16206472813099	17.133135227179963	5.0	119.37900033472071	24.74327130834395	5.0	142.05848939166984	23.318625161913975	14.0	0.6527751637619411
140.7217847356577	14.769636213641858	5.0	191.76049857171265	22.075624710121694	5.0	145.7000200178519	23.92816623291914	14.0	0.5182392603705221
240.66233505404415	16.845466126799547	5.0	160.13599318436673	25.180979640211078	5.0	122.41472416546456	22.8197755618664	14.0	0.5248023611389036
238.90819863278696	16.977693976541993	5.0	157.8225236792242	25.334764337705256	5.0	124.03064618859213	23.32070642530654	14.0	0.13603217926036015
95.29803969382485	11.767893654868391	5.0	291.0022596964418	22.49686410263115	5.0	110.94214125416882	26.122328705730553	14.0	2.011952570174907
105.19402356678505	12.10791252455129	5.0	258.99050513458064	22.289618412875434	5.0	105.98536607696512	26.47796445535197	14.0	0.14915574209226432
130.38253059111253	12.662013464053254	5.0	192.5236576887429	21.699474732638244	5.0	112.32267964935234	26.254280269645285	14.0	-0.21016628115928576
217.30745517101735	16.050750866673305	5.0	148.67902416574958	25.531338377153496	5.0	112.12397154844251	23.529343322753803	14.0	1.0968418128787454
160.45259435060063	13.25348645186561	5.0	230.3585501973658	23.574164006482487	5.0	107.5749500652269	26.51342595998863	14.0	-0.07863545497639605
161.09156553130273	16.203974372917834	5.0	146.84773648217984	25.969729195614665	5.0	131.1653056508014	23.134617526108403	14.0	-1.3206663058155181
97.46985462167291	11.215262064067186	5.0	306.32022967610334	20.900853738647804	5.0	93.5283251011723	26.282099439538417	14.0	-0.5706437486785856
113.89789479748677	12.1272548542497	5.0	264.60840485603285	22.921987979368627	5.0	105.42748353445548	26.02698240478713	14.0	-1.767622847176753
137.4806714214372	14.48880479319717	5.0	206.05598956170004	25.66758947526001	5.0	104.68843471997872	24.21414351651757	14.0	0.8473040364695599
140.83228962912574	12.321466815214395	5.0	255.93918543701855	22.093101441005302	5.0	88.85005969923122	26.81609369668408	14.0	0.2967482412767197
125.22353036242936	13.210658589240706	5.0	149.0152017546167	22.655005059047067	5.0	121.85933234707625	24.89259398576717	14.0	-0.5778561286773025
95.28920217368447	13.542626368201555	5.0	202.28240779108037	23.088937718175973	5.0	134.0400811357282	23.941967575773255	14.0	-0.0403605218290783
86.01881376151604	13.286106953101351	5.0	250.51941624559686	20.80420184989291	5.0	128.47276174645987	24.793454325970206	14.0	-0.3982727807594966
114.9004175206311	13.441538164271119	5.0	262.4152466458519	21.756097371579404	5.0	73.71406852967318	28.328936322031254	14.0	2.5304220305017866
101.67585306811763	11.951726130321447	5.0	229.67930563407657	22.964329079341844	5.0	67.75048857752674	27.280665971056806	14.0	2.882129529650372
74.13993404974123	11.443854879421457	5.0	216.15812330771766	22.113345430047065	5.0	93.98724049546584	24.94793421222316	14.0	0.08114682754388088
60.16281472085307	12.219144947102464	5.0	261.86413622821397	21.26174795520703	5.0	101.84430030343819	23.94127134031952	14.0	-1.9483760256601368
178.96506463124766	16.42185162795275	5.0	96.30435828394458	24.08622046381952	5.0	92.5647688373283	23.57835413143943	14.0	0.05564860079837685
122.54169765592977	14.031569916223285	5.0	175.54806022983888	22.92866174150494	5.0	78.47391250410783	26.01095978304696	14.0	0.511610404583159
159.28426969011664	14.258346974588386	5.0	163.4811938204216	24.68955587715901	5.0	68.33035474575344	28.21874979896691	14.0	0.330596507196157
175.87005107030205	15.662569429173143	5.0	134.504040329275	24.68825513997782	5.0	66.9701379871541	25.274646611691608	14.0	1.6643026774641356
111.85085563559353	14.7500508454421	5.0	177.0071260997834	22.04218683678051	5.0	78.65810827032624	24.74842280310089	14.0	0.7231173917874224
59.65522581201666	12.096685649211588	5.0	150.93282995968653	19.93233932524973	5.0	90.92940671470458	24.898644876503244	14.0	-1.077560411453499
126.31915825121516	15.085244502177142	5.0	125.83632633312202	23.43979341133591	5.0	81.67531488736107	23.7405574253281	14.0	-1.2509088664809818
139.2994779271125	16.198131965456504	5.0	118.77473521056454	24.15839475614313	5.0	76.57216890179602	24.849699221860767	14.0	-0.4330402180457713
67.19682672797063	12.004423160219698	5.0	164.53655232825344	22.404171699811037	5.0	76.10971695921545	25.603179855348568	14.0	-1.5609293299055595
92.13493399741573	12.414515908704217	5.0	190.11212868965595	22.864668501223857	5.0	58.15183848544167	24.801820916564832	14.0	2.126624993122242
119.5750800716826	14.998755774385858	5.0	163.10063805748325	23.34721808880038	5.0	62.83981511721712	24.87703924582768	14.0	1.2619776242431482
113.84872505085049	16.994867550954062	5.0	104.40382989765742	23.548328139848454	5.0	86.10130428658216	22.929559362146673	14.0	-0.6709180387854372
145.0783393873279	17.99000434575822	5.0	64.80844309199341	25.985954094226617	5.0	92.19051798019326	23.792861667946276	14.0	-1.5443431824635365
86.01985758089167	13.45097025051273	5.0	136.87700867944696	22.739394480806826	5.0	67.54764419388701	27.04604964255293	14.0	-0.3340918541621038
97.85248905361625	13.860411560274558	5.0	137.79237155838763	23.616008089998704	5.0	62.26051832758704	24.874869764226492	14.0	-1.3293816030386578
121.6794405037044	15.783418713872624	5.0	112.12923331019368	23.697729872559368	5.0	70.8318061417888	23.867158012543037	14.0	-1.8309468575188625
84.84600048450459	11.931755738170153	5.0	151.69922106510242	22.39764516810138	5.0	70.82770544711624	25.60001049326759	14.0	-0.5554980115461325
107.95876645941749	14.711110855439317	5.0	134.59512381492314	25.077166575701774	5.0	64.75608762735176	24.268110360735466	14.0	-1.0588782965580754
162.3944540936473	17.133150505748127	5.0	87.93366679860362	26.811772413017515	5.0	61.202075064017436	24.263618316305806	14.0	0.14697528577593394
99.31500415699696	13.205271770153832	5.0	155.02569586512757	24.10844657401941	5.0	51.72773858632223	26.736795463094417	14.0	0.7037910295216956
110.12467667319771	14.37157185880747	5.0	131.39527845756515	25.012978273571548	5.0	54.87692132409694	24.98437370565135	14.0	1.5611987581552462
109.90628470823467	14.714820518584203	5.0	124.02257057969477	23.12173852548817	5.0	70.14947766195402	23.683121166261387	14.0	-0.08244466849368513
64.69959454772734	13.627448345407014	5.0	155.04478713685916	21.60764579415657	5.0	77.35062805169531	23.84726100945028	14.0	-0.770015695152234
129.99536122586017	14.976919435790705	5.0	102.58198846506347	23.870160494721855	5.0	63.031728786826726	25.017709315552207	14.0	-1.6061273110509284
139.85766274994762	16.02468348671082	5.0	80.71744238075136	25.01154890445417	5.0	68.50704134674532	22.624377524833694	14.0	-0.613637611015644
110.69315347265545	16.3602605968495	5.0	119.49692496479825	23.66739474284439	5.0	61.44822900788738	24.06703609185864	14.0	1.6272837309406092
109.26121497551648	14.67334747703736	5.0	131.57989722075044	23.288530217463432	5.0	54.9914093935209	26.325483109917393	14.0	0.3130346280799892
91.33280021410638	14.649959991735779	5.0	125.34473571887484	22.59480571874273	5.0	65.74696073552259	24.791381237267718	14.0	-1.9971573103057374
116.70413206357728	15.895541579001046	5.0	104.57437969196272	24.880232502186896	5.0	57.11009116003247	24.527942868992817	14.0	-0.42230842944464575
122.72043335165802	17.165664746136482	5.0	67.65607842520053	25.71343423897081	5.0	68.39626882033548	23.164627071861865	14.0	0.18320721246561553
85.92625031950872	12.958216394962276	5.0	118.18324491931938	22.51407706965709	5.0	61.45153035893008	24.990793772338797	14.0	-2.6438882737056106
96.68549071141813	14.073866189499897	5.0	128.48467858659808	23.027328884560443	5.0	49.55553344868126	25.502476563560798	14.0	-0.46502368314468023
143.9746280689278	16.765739993710884	5.0	76.35662204966998	25.465354305825148	5.0	57.837034369237784	24.16242793105804	14.0	-0.08133903498195781
63.34299792633609	13.381484089319404	5.0	121.15428191479698	21.266113136433752	5.0	77.19192550839773	23.836962840450024	14.0	-1.9458274247490706
102.08842561039566	13.692365496995949	5.0	111.56828978468832	24.410592668998447	5.0	44.230817834298136	28.890211752042298	14.0	-0.08115561702936278
121.96654673668431	14.49720701862928	5.0	129.75878178240254	25.163581261185712	5.0	33.20379997655546	29.7096843497207	14.0	0.903691414718022
90.24177777772748	14.143386947441686	5.0	116.95092525558235	23.010915761119534	5.0	59.11309809349231	25.348680563429053	14.0	-0.963473546294754
107.60829675423176	14.354234894402031	5.0	107.54863206289009	23.598753231653465	5.0	48.58221924223206	25.378128136388124	14.0	-0.14103848889172593
128.01052445884304	15.577710446232109	5.0	95.74400426398392	23.58253230081041	5.0	44.287888595595234	25.81393287463084	14.0	1.3077666296716424
129.35605337458233	15.767350547354615	5.0	91.67122807205146	26.87639295947027	5.0	58.22694766767191	24.54669214153579	14.0	-0.9269838759072164
107.85314155692556	15.24055143938773	5.0	113.02541206829301	24.422562754273955	5.0	61.660952926867765	25.591984120375514	14.0	-3.664617990740534
143.0992002788717	18.759694771068094	5.0	49.30746053049475	28.93586850446916	5.0	60.18540856086486	22.98154251648313	14.0	-1.2159311850389356
128.49232513131352	17.941999003316322	5.0	63.39480002171827	27.118601678800626	5.0	57.73554464991872	22.699206392920814	14.0	1.2836057616733156
118.31259347901985	15.944003623934611	5.0	93.03048160473885	25.14118103605167	5.0	55.4876343133815	23.224042848583906	14.0	1.4044577504419726
118.29088095784437	15.809648142120752	5.0	96.12890542307213	24.25261936173003	5.0	45.808362956181455	25.474801116714207	14.0	3.4889568537447353
54.91317735963768	14.183005110561776	5.0	105.23428366738952	22.473837789935537	5.0	76.49366732979212	23.336897854955204	14.0	-2.186540168295689
91.7303408759974	15.45839132989491	5.0	89.10213627560415	23.873484792155892	5.0	72.83080954966174	23.48997649592839	14.0	-2.286206057712626
114.09455899053958	15.478023968100752	5.0	110.20300240497482	24.703110253745667	5.0	51.97177707865377	26.042234835108086	14.0	1.4042523499690507
99.7373558528016	13.833760424505591	5.0	133.6581590246803	23.13652379888938	5.0	50.59125789025487	27.737050938477097	14.0	0.8920327163541486
139.36111344810743	15.605411782188495	5.0	122.66464731403923	24.588767440547745	5.0	43.469032583835876	29.13577577052366	14.0	3.009024115136882
124.29745287898149	15.869748718236808	5.0	123.35342672521293	23.872055658866728	5.0	53.760083991652124	26.275665299067324	14.0	-0.21444013847994106
125.53334509866545	14.72002957276657	5.0	126.61679462712748	24.25604761078135	5.0	44.23933717884745	28.13879796752535	14.0	0.7106143035221536
131.7861138382685	15.751843440852502	5.0	112.4690279391748	24.62762348008578	5.0	44.57467493340794	21.991541764957386	14.0	0.26781244410100646
123.90575813092426	15.740173845203168	5.0	128.330996794726	24.870846523675183	5.0	51.07333729993557	21.518175479710404	14.0	0.5989913319809443
132.0019729594548	14.134936826614048	5.0	158.79488851399105	24.51052395712705	5.0	35.30905661023893	27.588316017379714	14.0	2.4444390977551
144.67448153006436	16.204844168525405	5.0	101.12106248886762	24.976593012904427	5.0	68.13268798000149	25.480753500357903	14.0	-1.1852906966976142
114.6439307659764	14.10108765616208	5.0	155.07686250000776	23.164001816869487	5.0	77.52829423263285	26.810457207614988	14.0	-1.927581422508382
147.62595789998198	14.270144126173026	5.0	189.94139680538373	23.126279169024027	5.0	49.19347758612136	29.053826793428975	14.0	1.0785646609674762
179.5973376600973	17.88271633067653	5.0	119.39994746726741	26.149543715825786	5.0	78.75318235117996	24.077838129929823	14.0	0.25178600244863564
116.81683439408476	16.561412419305352	5.0	160.51235817589702	23.693963864889426	5.0	110.94721062832481	23.007209176532932	14.0	-1.8341323524797348
245.07355653528452	16.611080998431476	5.0	134.4188931639552	25.467481756394438	5.0	79.50517415678395	25.151287993207713	14.0	0.649613360019122
293.1472204607777	16.590014216658766	5.0	126.37065580016714	26.605560407502267	5.0	77.52345632638885	24.955779312056087	14.0	3.318072812654209
243.64231797515666	15.50672750052379	5.0	229.1096069824209	23.527842656121138	5.0	104.41143040794066	24.607670016183633	14.0	1.1270336099471059
189.17444836600575	14.763177964290422	5.0	259.62026840189844	24.22769395175684	5.0	92.83203200861175	22.728674252436914	14.0	3.966744925492462
222.68455303947997	13.804599522215815	5.0	280.6226057875694	25.344902263511525	5.0	87.62504978347476	24.356059073054983	14.0	1.4688288689703877
359.28343037582727	14.184342619647671	5.0	341.5017327370244	25.612759143087654	5.0	72.92395955984817	31.192596793826507	14.0	2.695513725764804
336.7256489719377	16.08128026963095	5.0	223.34009886906404	26.739725622100426	5.0	117.4570861845571	24.315914092310983	14.0	2.8259036606959147
275.6237762283506	15.903335286821244	5.0	210.3213535526208	26.65602373656715	5.0	129.08031608029182	22.488904201345292	14.0	1.2655822537356622
379.5522235508655	14.4905957745838	5.0	244.2189595244236	25.974505730666547	5.0	96.3211983888612	26.24979468572656	14.0	3.3299828343746727
304.65862288788503	15.066655818977624	5.0	247.05587191436078	26.556262780619985	5.0	127.78671634596756	22.87391524120803	14.0	4.352363068436193
284.5358201267885	13.831588431705542	5.0	229.523783819792	24.30669028953124	5.0	142.86631594355183	24.634415060880553	14.0	0.3260700397251001
427.5165812927303	16.385257489767998	5.0	89.56231282902127	28.49346610402923	5.0	161.9665008462447	22.509583350160685	14.0	1.027055731338151
410.97228404175263	16.371496194223926	5.0	237.62092374347566	27.511097613585676	5.0	104.3279984188893	23.33178817120562	14.0	1.7175502352619318
421.4132138143898	13.70175929493764	5.0	369.1327087442266	24.433575523106917	5.0	111.15103887011895	28.89770293448256	14.0	2.360849819428412
396.05282583543845	13.790691826693909	5.0	330.2409462391318	24.926921825883984	5.0	141.28946922298277	23.75775389226417	14.0	0.6643372432870718
421.8019582266332	13.471514543795099	5.0	238.185783049622	24.815614103876268	5.0	140.80865628652322	24.23765753878075	14.0	2.281522011360806
363.64899064844343	12.425578733561874	5.0	456.6626286435293	22.080871965752095	5.0	150.7625797799754	24.946331077824833	14.0	-0.4683409381610076
380.22083543616515	13.028983364570843	5.0	362.27590434034806	22.352059526687917	5.0	158.8844089574138	25.990732394621446	14.0	-3.6034848570720373
375.98314621296953	13.83319532362386	5.0	284.01857540634774	24.01616668917251	5.0	136.7429971708372	26.605953992543228	14.0	-0.2198968842504855
486.1049192048184	17.110752143166447	5.0	119.9382167937277	27.59274206318539	5.0	158.29672081700647	21.251722499464034	14.0	2.033097087742349
473.184854725561	15.295618442258258	5.0	247.16282605250385	26.798383707150172	5.0	111.98277654155994	22.169752980520048	14.0	4.73659305756959
311.7684969470553	13.294238081099028	5.0	339.42867188879194	23.680919913846573	5.0	127.08178331579812	25.681406448560317	14.0	2.94720340888825
189.76431116886602	10.294883414667868	5.0	575.6077825367753	21.799745803149857	5.0	130.2995639663791	26.338597158588517	14.0	-2.2728468727205833
284.7037408441493	15.84856001343137	5.0	262.1964756295233	24.57379398396056	5.0	188.34858122331423	22.492999782739908	14.0	-0.011151897437701529
492.64981194442674	15.512054944517688	5.0	290.07436275793975	25.86394420062448	5.0	111.96656698560582	25.11493791421394	14.0	0.07547136160915369
363.94673136584277	15.066968569052559	5.0	288.1271401030747	24.27461732706489	5.0	154.10999412955232	23.529212220949066	14.0	0.8959483768248486
353.95176085558234	15.219135538575825	5.0	133.3377450994181	26.945420470531587	5.0	181.29014083189327	22.369977384048504	14.0	2.7140475428088493
330.7774134517855	14.339488004263794	5.0	300.6295635341351	24.989122915835228	5.0	131.1603743333163	23.415440542771982	14.0	2.276622195657224
433.65013636459986	15.529201086040755	5.0	287.24633312523065	25.81499946124191	5.0	92.51666656093802	24.351333178531092	14.0	4.17433651300935
231.13922338464167	11.713365567081874	5.0	448.31564296298905	23.050454247841962	5.0	134.6773367229999	25.552217361651525	14.0	-1.5597215727186975
192.29356797984784	11.213764490222482	5.0	462.15383448691176	22.119698457196403	5.0	129.62347472154698	26.73985522604291	14.0	1.1908203983665904
560.1193262101214	16.674400676364684	5.0	190.03945056949766	27.53078065199731	5.0	163.54809103110796	21.99340078004729	14.0	0.9567284665423519
417.7525829581808	13.66209163694361	5.0	451.500086493102	24.375747616009015	5.0	111.56715512874689	24.022904841855155	14.0	4.243236327834413
265.75918654275654	10.958237781900726	5.0	498.44328358467783	22.61994933403927	5.0	117.9885865905883	27.808400475683587	14.0	3.4037900910927124
212.9995681550277	12.742461638468276	5.0	514.0850854123171	21.382975758684694	5.0	219.74083965730333	23.897857771350864	14.0	-1.0813524769626013
442.54665093801356	14.862272030188523	5.0	251.35734482099352	25.240848981300495	5.0	174.51799655596272	22.600997070309116	14.0	-0.18552720261930805
371.4581410172226	11.646086693536201	5.0	530.9812986952129	22.941802598124738	5.0	142.59609501957198	27.485227622295863	14.0	-2.9874461980035067
500.92108770775127	12.337248103559672	5.0	571.458079245759	24.067887765904104	5.0	116.74555071296521	27.498020494562574	14.0	1.5723138344941032
497.61749978734565	13.726074794314505	5.0	348.99656914573575	24.225315640430654	5.0	179.64535179432798	23.632161044117396	14.0	0.9905093213009677
604.2948004176645	14.695134942803096	5.0	339.82289600297037	25.805369302242877	5.0	150.2741457018256	24.293912993420758	14.0	3.7712323147335565
514.0754919985086	15.226491450164707	5.0	321.3520124869699	27.079549915184728	5.0	184.44203177147216	20.540213555810084	14.0	3.3074449062834463
621.3059092644648	13.03887296697591	5.0	532.0981347645554	24.906395956636374	5.0	155.76159206866114	26.616968170735692	14.0	3.8623811880691004
464.5939047816767	13.389692180573102	5.0	299.5371776242075	23.548105885113593	5.0	190.52747457439636	22.78105240807137	14.0	-2.7681997460681504
322.12824294040433	11.865164884831561	5.0	364.7814620010849	22.028094605991406	5.0	206.39409519842468	24.967143498540636	14.0	1.1896065960536164
576.5618238868693	14.931218787644747	5.0	375.3821491986286	25.960659196087807	5.0	148.27787725541765	22.816424567238577	14.0	5.292638539550567
370.8575606055135	13.308320138788053	5.0	528.230633876134	23.149267321738595	5.0	191.31840610302862	24.137511847532593	14.0	1.4319567704956653
464.5943739273799	13.545700560503823	5.0	486.4180250505817	24.091031109443456	5.0	170.6140199266884	24.029703418478324	14.0	4.931789560813368
530.027665965374	14.101753446799464	5.0	436.18352675619707	25.0482055497002	5.0	159.52426096514898	25.118285486180007	14.0	3.8540289496564126
265.60046817907624	11.073771081600011	5.0	666.7777729999501	21.21465077533644	5.0	181.09417478348695	26.75389413210032	14.0	4.8281007979401025
407.5318308841019	13.473284472787734	5.0	375.67723270474164	21.294713703036923	5.0	240.51464238508095	24.165203201594217	14.0	-1.3594085018395425
570.4978778194297	14.376152863408167	5.0	430.22783390365015	24.231737750306003	5.0	171.31420305747972	25.268361867360486	14.0	5.783560854618696
538.1565023428078	15.078352314017467	5.0	391.38412864511207	23.420753271175936	5.0	189.13326356922497	24.27558082787255	14.0	5.2170668367508695
796.1221705705564	16.424261624998362	5.0	234.37847697048605	27.331331455575164	5.0	167.98065634373054	23.631824242023782	14.0	6.016581993228486
664.1083578297178	14.840188598541019	5.0	361.32455174493157	24.557705122715852	5.0	180.9384487576501	23.039210712285644	14.0	6.925655664613314
620.0625294120683	15.84254851523361	5.0	141.64956105809472	27.376696816164475	5.0	254.76130573569034	21.100589205360826	14.0	3.1728488436986235
626.3648634116155	14.982132565431462	5.0	300.55134733526273	25.362557151714043	5.0	216.38369288337194	23.29980444921436	14.0	0.6271001579110863
621.6517734490667	14.977589918174305	5.0	398.7882453795797	23.923776506979017	5.0	207.5346579993938	22.54260464362838	14.0	2.688322185385901
459.97705138039805	14.239542178442193	5.0	456.423980965996	22.774509262361608	5.0	250.37731650331858	22.54804511306848	14.0	3.581676977158585
650.2130026218151	16.316821587961527	5.0	209.87931557909837	26.435243903450857	5.0	251.5005952376544	20.61171403573072	14.0	7.664176248067941
837.7667831674255	14.908270125923556	5.0	368.0178617745193	25.273312714491233	5.0	197.99315857016293	23.70230514351579	14.0	5.844276094966236
758.1622844292649	12.608931290120514	5.0	667.3174257191363	23.12967351591306	5.0	140.93577705201463	30.84733191655869	14.0	6.69881713573496
639.8123463827666	12.496677597002414	5.0	609.7927996059518	22.05500083755034	5.0	223.7944655356376	26.2908103285294	14.0	5.919892544841587
569.4635200463144	11.403128855968573	5.0	711.5213874040313	21.566324865660842	5.0	214.33637271626276	26.47536109960353	14.0	4.206058399825402
541.3746975217218	13.959676635644714	5.0	351.22902969392186	24.979649861351373	5.0	278.7408354728802	21.550202123437742	14.0	5.528921495899807
761.75013117042	16.786744518320553	5.0	199.57173838194007	25.49756766179337	5.0	298.5784835117297	21.341801579110165	14.0	5.6092942808439785
939.5793395885946	17.115984159151573	5.0	45.37267113104022	29.874004394293486	5.0	346.66457189164333	21.475049272709967	14.0	2.4163338736151148
491.88366826018284	13.085267257841057	5.0	496.1264124891866	20.96221300197578	5.0	208.76412654993302	26.084134478609688	14.0	9.141169810001383
911.2405554358259	15.621884196704166	5.0	193.82954197938662	28.47342711602607	5.0	233.01854080873423	22.799976996633184	14.0	5.844044427878059
804.6413168354279	14.101868987566583	5.0	293.29210417147567	26.08983970474403	5.0	252.00716666900956	23.299363297171016	14.0	4.708379423396813
573.9129319131985	12.54297667714181	5.0	453.04124983573394	21.907370741900134	5.0	250.19754066647312	23.794507187678107	14.0	5.264647759640832
737.2032264017025	12.22391642729043	5.0	659.9588735633457	22.90466144011595	5.0	216.7145907339121	27.41517369290416	14.0	6.1223156682720585
362.1298445379881	10.420926254931173	5.0	816.1562182913032	19.393921401193545	5.0	355.49737666296534	24.48034939309374	14.0	5.6921900836423065
741.7638374075239	15.211595866058987	5.0	270.8005361587483	26.004228124124474	5.0	398.6654939486386	20.50955064929987	14.0	4.330119327203595
740.8535592041563	12.958050740382534	5.0	403.06758654789206	23.21298469923639	5.0	334.49457974019623	24.063733957126615	14.0	8.178976776431428
685.6154753682519	13.923678107461477	5.0	306.59469493910353	24.043912653291066	5.0	407.2632322168318	22.325824365526167	14.0	3.552453407446254
647.2097601694348	15.521296541021336	5.0	210.6473270146342	27.06901841354139	5.0	406.23186473514386	20.593292768910878	14.0	5.576629218356963
794.3586061536716	14.186841107419662	5.0	660.4460987482706	21.48129456929539	5.0	342.8553250809528	24.554177981735517	14.0	7.191606589715054
677.0184770547448	13.298289593419778	5.0	609.563564128061	22.32270010415929	5.0	310.80771397318887	26.10931785465635	14.0	9.197887707912585
429.4663597802771	12.17970362478763	5.0	580.0362677986534	20.785354602422903	5.0	390.4857257693528	24.39951190535734	14.0	5.252085641795854
807.6808367060503	17.28298809920144	5.0	279.6834320013387	27.73427399174889	5.0	356.5473348472319	23.04560360494497	14.0	5.703116299691416
427.5685732827228	12.761981493834856	5.0	642.5875379294998	21.02588396501273	5.0	346.0359568581707	25.601336336523698	14.0	8.703979106313806
927.4037142751774	16.153622290988245	5.0	415.7021488247396	26.94517346971574	5.0	280.8825109891469	26.49071305165924	14.0	5.917731701000234
866.7255766378588	15.701330073587119	5.0	378.84134034589505	27.294848998857173	5.0	251.3103461990802	26.11509955311035	14.0	0.6564654243011868
639.92601555072	13.393160943108876	5.0	820.0128787172322	23.3196131591445	5.0	268.145625928651	28.580506064905535	14.0	9.616246974260552
