amplitude_0	mean_0	stddev_0	amplitude_1	mean_1	stddev_1	amplitude_2	mean_2	stddev_2	amplitude_3
454.58940154723723	15.0720047433202	5.0	536.0979436165123	20.800459827191744	5.0	354.2155537629651	20.965128324828516	14.0	3.7273060093607566
538.4492851040201	16.14342282803425	5.0	400.20994466510905	23.451697578773054	5.0	363.6481913062671	20.329524455485707	14.0	4.138903903048883
465.9986150937163	15.258406080995954	5.0	509.51076357422806	23.02359138547317	5.0	383.3538965866224	20.801212386500683	14.0	1.1942424342044269
486.3184510622123	14.57803398043896	5.0	493.9402093267357	22.857255305966095	5.0	367.65654127934164	20.711705954651418	14.0	1.464322822987472
601.3501328259781	15.776813677605356	5.0	429.9906200558371	23.68958630561238	5.0	354.72748583527357	20.024751775529037	14.0	2.8502895328306317
676.3254595658738	15.422942586266089	5.0	451.52029629955507	23.720039542409065	5.0	315.16650204818467	20.402515339640498	14.0	1.6221155703980794
735.1131453908004	15.656501284316544	5.0	446.52141620342115	23.304298308456982	5.0	315.12696626317177	20.279617565784715	14.0	2.759769829694356
570.7201156508622	14.848188940869694	5.0	545.0528261085761	21.238724105857273	5.0	320.57931433549453	21.516524092054215	14.0	2.5329026303976963
792.1254296063504	15.7996006752589	5.0	373.9672849514482	22.883411760871187	5.0	305.51711024318956	20.252292353943822	14.0	2.403696377710647
672.7228540418251	14.72450004293882	5.0	489.10801778318995	20.92677705718537	5.0	290.57383252956964	20.36261740495115	14.0	1.443044706273796
853.6676446317852	15.400395876702797	5.0	301.78378568916105	23.35912913593442	5.0	291.477605248147	20.525610957596587	14.0	2.4074569604796983
812.7919380709799	15.062934177198262	5.0	348.0177240054475	22.769999754410662	5.0	262.2167643041829	20.98182695188115	14.0	2.0687568389689335
669.0933037455089	14.567290877407956	5.0	428.8563320775888	20.939775810460564	5.0	304.26133326539855	20.810847565220527	14.0	1.6016766584747766
704.6416365792344	14.234776687760705	5.0	426.27255157922	21.637727631654208	5.0	267.53982208149745	22.01698256865227	14.0	2.1328213218454577
905.4973990802492	15.156666949284022	5.0	300.1808059953546	23.96735392356319	5.0	259.74370894148495	22.150104099936634	14.0	2.013045689330862
893.3704711168708	15.309092325390502	5.0	277.5213816046874	23.255327250705427	5.0	263.03810835813124	22.296327911965747	14.0	2.1487830775647043
903.0058470888252	15.345936709757176	5.0	263.48721259007743	22.806311293523862	5.0	272.3908972987289	22.51589678919532	14.0	0.7748378779837748
921.4870886131835	15.857289616866844	5.0	191.49213208845305	23.93749650879447	5.0	271.5311191055262	21.82083826282636	14.0	0.2992513447455159
932.8161691113316	16.47202852472688	5.0	114.85037631744858	25.281809819704932	5.0	280.928015517688	21.175968652143663	14.0	2.759147573161739
936.82918678453	16.717253835275752	5.0	82.97932916748863	27.091382302457998	5.0	261.22619218333887	21.562713277264866	14.0	1.877559014200527
874.1435914509442	16.626439315073117	5.0	118.95333795902955	24.74585031544609	5.0	276.9320480363466	21.81383167095905	14.0	-0.03323597272816816
847.8385261313407	16.548949839663305	5.0	112.87439517460572	25.54485179964019	5.0	276.79091573952326	22.139673394995953	14.0	0.6263642430619698
247.875393651175	12.689041667977822	5.0	650.2278831746679	18.816481203071454	5.0	292.8384818511917	23.21079387126155	14.0	-0.3513457564590423
651.70943997129	16.287474326895065	5.0	231.49102853502114	22.642271661458214	5.0	304.25954827971645	21.87297528214735	14.0	-0.26198223700055656
568.267100045836	15.655962199400713	5.0	321.34722901738604	21.641601747748144	5.0	296.9749627827973	21.64405175267373	14.0	-0.3009738339183574
239.4754891821106	13.929808628065809	5.0	589.543181804165	19.26764781809002	5.0	336.24033671081526	22.80541255001399	14.0	-2.2548469244259675
632.7427255739328	16.322435021695124	5.0	184.5741406985587	23.799587903902456	5.0	336.65060575159833	22.630511547786302	14.0	0.24683158306963077
501.1194168587537	13.914678469570987	5.0	445.9902250992825	21.099587175112394	5.0	342.4979882226118	23.849186561594244	14.0	0.03933155194674668
762.391654977563	15.359790527232953	5.0	253.71840958823927	24.319024718149997	5.0	354.2137998405392	23.100913258123093	14.0	0.3110726284941268
758.4326393033507	14.548331088461817	5.0	371.51981743910176	21.49858304951308	5.0	348.58990695506964	24.33730921790654	14.0	1.5310781569149332
1054.7566762407714	15.497202524732653	5.0	161.40627128648705	23.923129588621848	5.0	356.24290974401015	24.489598777219	14.0	1.399461880009407
1163.6876373964183	15.55572220762408	5.0	164.73348412087174	22.737059886832224	5.0	386.7146555246368	24.819193867257574	14.0	1.6097691908792158
1097.67689810156	15.710198137653936	5.0	206.4830406757127	22.864506733287183	5.0	414.46097559446264	24.802931497951764	14.0	0.07858405902688965
1107.6334069129257	15.949907079440147	5.0	202.63554364404624	23.396038137711404	5.0	440.4764996882658	24.74098074422768	14.0	-0.25165979290241863
1251.115645532809	16.21922767386693	5.0	174.2421567550633	25.209206648995355	5.0	469.9716096284389	25.152168788692915	14.0	0.38279047410248007
1335.8943481158665	16.765115958892917	5.0	92.15242579193931	27.48358738749859	5.0	519.3097032197418	24.73233857491573	14.0	-0.5159815637354104
1533.9288580658692	16.81749223714964	5.0	147.107794560563	28.77349679189605	5.0	458.1132821337856	25.020702404713607	14.0	1.7693668314233169
1795.8553219206178	17.062263259476968	5.0	124.08069666948076	28.82094647914676	5.0	466.38667236122564	25.204989807745598	14.0	2.8716564666103865
1923.6541545139414	17.446822628613496	5.0	128.00389085561824	30.261109790954443	5.0	465.3437159624364	24.565000200559098	14.0	3.3933079136025937
1986.076438259035	17.847281218977713	5.0	112.36019956768551	29.745069956275394	5.0	502.4210358722046	24.35441671898546	14.0	1.8784045913307723
1833.2016926728188	17.99144647231015	5.0	159.06658719255594	26.94183107711205	5.0	528.4268896562343	23.665807081194647	14.0	1.2414327278578652
1727.9789316252172	17.568781622958255	5.0	380.9497214904444	23.91019423244906	5.0	553.4863976937482	24.097425544788717	14.0	0.757156383276093
1860.1487062918143	17.712808048838536	5.0	284.1477125061844	26.09317872772918	5.0	566.1330266036407	23.71326162979625	14.0	0.7297219965184478
1920.6813420553042	17.785817187047073	5.0	294.119280644798	26.475289270474025	5.0	564.0467969005234	23.529418333251837	14.0	2.724273004322844
2248.2216315416745	18.020024053761816	5.0	273.7554688917037	27.207749821059974	5.0	543.7006711864578	24.12847015442615	14.0	3.3803766498590857
2499.2754904492203	17.68320699609122	5.0	379.0109103737206	26.55546265540845	5.0	534.643601097559	24.66502460589014	14.0	4.458085934539374
2850.7846639912373	17.218659081856547	5.0	436.79832241873595	26.85469132944556	5.0	460.3133176833392	25.724802550118078	14.0	6.623975212245051
3332.151754069417	17.072112844517072	5.0	445.58119128654425	27.68965692171296	5.0	377.3532629547966	27.81239614230456	14.0	10.356639879493132
3568.3383441362507	17.061513402271245	5.0	552.060447732564	27.07607461027364	5.0	379.0426398568092	28.909880876258114	14.0	10.545641809656976
3620.666423490372	16.902233721272538	5.0	647.7860197091585	25.644015986652317	5.0	458.7330381947319	27.574226319547524	14.0	9.561306467357404
3872.655530209611	16.854606421813376	5.0	613.2305539289953	25.14601282593852	5.0	516.3141612677277	27.006897435725055	14.0	9.684952404674315
3987.126997911426	15.91842342201051	5.0	1085.9799657780852	24.689723578789824	5.0	431.5278751170449	29.708868642496185	14.0	10.829589443775625
4192.4200861484815	15.43279703509111	5.0	1482.4946513835685	24.684917428146132	5.0	346.1521043433489	33.398631071576055	14.0	8.175770526392455
4598.366835977527	15.604815303089975	5.0	1607.1232689660083	24.428182605161407	5.0	355.6635884646466	32.68992283723887	14.0	10.716786500552365
5089.4894751396805	15.7012288783434	5.0	1629.7766826359482	24.096155554244202	5.0	402.57787382196904	31.05322024130818	14.0	11.757674761970964
5969.439205394339	15.656392348905715	5.0	1984.244099067647	23.587413876525353	5.0	435.520303615815	30.925226356126686	14.0	12.694957529940332
6468.759464664074	15.528470097247542	5.0	2888.9482540039953	22.428534998958256	5.0	452.18245579603615	31.53836252222728	14.0	14.05831979322652
6323.4356814534585	14.96485438050944	5.0	4470.756316507689	21.263330789344206	5.0	493.97664501378466	30.840793802470337	14.0	20.78943098912336
5161.600970172134	14.791673948971962	5.0	4846.113156942612	20.260661393218527	5.0	447.16082516638835	30.371656184141074	14.0	23.241719853255717
1944.0832677678447	12.406661899209212	5.0	8954.272403460873	18.64527405925515	5.0	464.31021575075806	31.832055138809153	14.0	18.661255841136768
903.8947529341766	9.191707366667796	5.0	10557.227953726819	18.432372509560448	5.0	365.2158392989461	40.0	14.0	5.623235820017514
541.9329870281749	6.545717925355421	5.0	11163.398252867075	18.147588570155865	5.0	358.13470639622625	40.0	14.0	2.1717323703265183
462.54637454720626	5.385957303440423	5.0	10396.509458194809	18.17763481507159	5.0	335.1152338174382	40.0	14.0	-3.0205010583413716
497.63098808520596	4.883445711973125	5.0	10762.269764318018	18.47076545610472	5.0	332.9371027285126	40.0	14.0	-7.8668259485098195
453.5313543656072	3.924335311770193	5.0	11867.069580650523	18.579511310283884	5.0	330.4115933194434	40.0	14.0	-13.12925882251588
427.08279300275154	3.180686987017135	5.0	13188.350063467471	18.4829773745436	5.0	335.9245624158921	40.0	14.0	-18.948713210251793
393.42608438627155	2.635243152118631	5.0	12982.912542067475	18.066858960628565	5.0	328.7938327989136	40.0	14.0	-18.96020001539619
393.84501357315156	2.424765885090389	5.0	12845.937801002552	17.72118966182758	5.0	351.0700987258409	40.0	14.0	-17.957013183845245
493.7895285162211	3.702314864136584	5.0	11698.30336526269	17.71188644376452	5.0	355.74185289413714	40.0	14.0	-10.376601682887376
606.7095381178291	5.0679808987740085	5.0	11138.479506216514	17.75466499298457	5.0	372.8479941888894	40.0	14.0	-6.45887325950891
801.0528040344592	7.087802408877533	5.0	10397.049316188984	18.004770336590866	5.0	337.3276497089498	40.0	14.0	-0.35612238552361686
972.02472069465	7.928215925101709	5.0	9774.6810239742	18.21059171445275	5.0	303.9910720807763	40.0	14.0	-0.607407774292111
1109.3394140035634	8.08374888871551	5.0	8983.945694560161	18.4939474644369	5.0	307.08479704917863	37.604919810387344	14.0	-0.8155829975917188
1456.945463837186	8.651137676481875	5.0	7901.410204787592	19.086470442796188	5.0	295.06503401260244	37.70149176202741	14.0	0.6309942597239782
1893.5778581930774	8.833061908624876	5.0	6720.769682397624	19.89063452785568	5.0	294.0809154776201	40.0	14.0	-4.402505140407374
2219.7625282628105	9.308175617063547	5.0	5559.815380022394	20.33655414831965	5.0	329.90108203722	38.485516598961745	14.0	-2.669753659890201
2751.0529977192186	9.652276312063663	5.0	4895.609747607764	20.825264750326017	5.0	342.9362307588011	37.848288019002126	14.0	-0.14604989412913633
3060.8268866542217	9.614840027582062	5.0	4857.061836506035	21.254904284628648	5.0	356.05520626329394	38.690134039002295	14.0	-0.8901959653955591
3438.2036164953197	9.993496038943421	5.0	4789.121674753493	21.685490063046295	5.0	313.2474955088392	40.0	14.0	0.6330299627529898
3806.2500480857616	10.17377306401726	5.0	4450.3368808628065	21.959893258246137	5.0	320.8752063775889	35.065701990128	14.0	10.651951194683686
4321.940015056291	10.436810038702468	5.0	4016.757138150486	22.276474129713385	5.0	355.7988602289956	32.1207397002247	14.0	12.46754815731395
4592.317154797933	10.27888758399701	5.0	3416.8735409881333	22.156394279877674	5.0	414.08514810752996	30.168735143109597	14.0	12.164172292953712
4594.477309866229	10.169723689480472	5.0	2901.9236303029884	21.41977956093663	5.0	442.4561520648311	29.10806747192812	14.0	12.744739594202628
4693.639849101019	10.117014970525396	5.0	2669.592506822504	20.795503781992313	5.0	424.2791052501698	30.393151412582064	14.0	9.605726586361019
4606.085978175127	9.93109130943855	5.0	2678.542003161848	20.40187104470677	5.0	402.15943485334736	31.467897051906707	14.0	12.120204295221585
4680.971925228412	9.748503216291507	5.0	2479.6270040533504	20.416157887410296	5.0	398.0158500032785	31.82859906377075	14.0	10.680263938085242
4853.587198963185	9.503258693592127	5.0	2251.954553312275	20.623327133933685	5.0	419.8077591678463	32.258348821015986	14.0	8.092067053133011
5008.060273536064	9.59431802063878	5.0	2184.673907304972	20.78995743663932	5.0	410.06764131374376	32.61171710917161	14.0	6.220109523396499
5024.373652997878	9.667444441365685	5.0	2529.4691255709895	19.896659119555384	5.0	428.87731838472854	31.70360574502412	14.0	7.668105077919375
5037.922166102667	9.482411353453541	5.0	3012.4340360527094	18.873535274213015	5.0	566.0776409967845	27.490301172839825	14.0	12.53489142412357
5508.68894313231	9.672709973475666	5.0	3741.8995439743367	17.689581436253608	5.0	854.651084557784	22.96317519885616	14.0	16.922574509991144
6256.745685576542	9.950013260655266	5.0	4314.5061924067895	17.231664060682046	5.0	1077.7284990505102	20.833014168495957	14.0	18.7945377538794
9087.503846152049	11.271455236580865	5.0	2566.1663456135025	19.30592701769816	5.0	1250.6664426568352	18.38266706523329	14.0	21.01404691501304
8668.44550183498	11.385031002231115	5.0	2566.1861024137493	20.034181729769948	5.0	1348.3605619990053	17.082796575212765	14.0	22.48480886820118
7769.838961361554	10.573970147455178	5.0	3200.239181099796	19.687156386187734	5.0	1359.1109320453181	17.847893986267895	14.0	22.481198164271827
8557.874623291187	9.897542983514912	5.0	3735.094887200722	20.111000198628155	5.0	1130.1359233472629	20.458832509248676	14.0	31.41700618125468
10116.64622081966	9.55121733350568	5.0	3945.936560891573	20.86759675193163	5.0	793.7501069110514	26.65272702779851	14.0	31.59764936535078
10772.07175696087	9.546329449468256	5.0	3841.992268612419	21.825639375425002	5.0	754.1212485606438	28.286661344954357	14.0	26.69896336191612
10579.663559193556	9.953137879481735	5.0	4050.145817516048	22.64722628878641	5.0	666.4117127795458	29.446400177145655	14.0	32.87050180926012
8341.465364815025	10.316480356858403	5.0	3662.8943483068792	22.25929782344979	5.0	1116.122089272393	22.16328489521122	14.0	32.965002857031806
6269.955546032008	10.218742280686158	5.0	4080.003656106369	21.38049464454594	5.0	1413.7638469091287	20.145336032447858	14.0	32.8056581874845
4758.769971390505	9.70339909247937	5.0	4718.688898267682	21.016701791954763	5.0	1657.5270199507888	19.05201212674943	14.0	37.63156717576262
3101.5020868183087	9.564512444153983	5.0	4909.71595742508	20.473200248872562	5.0	1922.9863466506154	18.275312102402935	14.0	27.019418844177526
2184.91252882582	12.59695813218578	5.0	4439.968851867157	21.091879211456302	5.0	1874.9233325909124	16.652199286899602	14.0	26.14949644684204
3646.0271326736647	14.893182801137632	5.0	3467.428950168511	23.099816788436712	5.0	1235.3295939414804	17.081534138770063	14.0	43.492678982259555
4155.597357093847	14.958440657282088	5.0	2915.3084333998236	23.980149749029422	5.0	817.1821137229423	20.18393415415812	14.0	45.567698147608205
4565.242949292539	15.240620118048268	5.0	2675.750802827087	24.43028019204973	5.0	614.3672200355716	23.223945797653453	14.0	36.413684554911654
4563.255833475192	15.381722048965608	5.0	3325.459007187527	24.338630201091334	5.0	490.29872294525364	25.255827547771144	14.0	32.362569631625774
4130.627172796555	14.739253037587098	5.0	4813.302548816798	23.96966320487271	5.0	249.52577224048486	40.0	14.0	28.04837620147539
3501.267848674398	14.110516616782323	5.0	5704.957832733561	23.574648446353407	5.0	237.9720888339039	40.0	14.0	29.437690835209825
3214.8347693425394	13.870073719962772	5.0	6213.626398274516	23.405031649024515	5.0	206.84112986616316	40.0	14.0	26.808765048658778
2872.5883830631	13.944530062717607	5.0	6464.153610285806	23.29724462057071	5.0	213.4827764354434	40.0	14.0	22.76050428627181
2634.9332652998655	14.227588625150375	5.0	6467.264383068585	23.708417804570523	5.0	217.70551202413625	40.0	14.0	27.352953319932666
2441.385741216509	13.82709500430423	5.0	6783.421917228684	24.118602422576245	5.0	217.03125073758378	40.0	14.0	23.273080267931018
2458.8017429273564	13.53953360894926	5.0	7357.414601652207	24.161803935329786	5.0	211.4862780555229	40.0	14.0	22.623207587073694
2388.395618619153	13.246465871684826	5.0	7951.185357283082	23.7936652752235	5.0	219.54164236644405	40.0	14.0	19.40610113656681
2350.8301415628025	13.235822465041	5.0	7856.95459182104	23.67269515210661	5.0	226.99123955381233	40.0	14.0	17.24732047861867
2461.2495573774445	13.556314125427408	5.0	7684.233345774763	23.666421959004907	5.0	235.79705103082145	40.0	14.0	17.003400591765054
3013.088399971264	15.06009658871981	5.0	6645.021167289684	23.966832169912653	5.0	257.8016069485584	40.0	14.0	19.60796281083839
4010.716563248209	16.418842277945195	5.0	5413.05759975496	24.182682653049817	5.0	285.39352173012395	40.0	14.0	21.81740945434903
5872.847011273832	20.0	5.0	1829.8696485676885	26.56635869782135	5.0	1014.7287135304206	20.029725907227064	14.0	-0.03123064901679927
5822.664423671314	20.0	5.0	2213.6908414316845	26.63912738655538	5.0	808.8745234595062	19.82049077649029	14.0	7.749758766864283
6166.858191108153	20.0	5.0	1799.9030985076222	26.968984896453797	5.0	649.2488122644712	21.17954347472219	14.0	14.723019559218681
6669.566907992028	20.0	5.0	1565.661931381297	26.98944208241043	5.0	543.6327347698525	23.756069508395747	14.0	21.850653337299576
7908.644153304684	20.0	5.0	2287.9019388096326	26.74461568232564	5.0	208.52286497566695	40.0	14.0	29.241200063012357
8907.477521732912	20.0	5.0	2599.0168291925647	26.341456907056152	5.0	243.07080915128725	40.0	14.0	17.48040555041419
9847.552798055722	20.0	5.0	2742.9869076896825	25.586220205886395	5.0	310.47839818731455	37.07881974202202	14.0	8.390178744681993
0.0	20.0	5.0	12264.010860299813	21.365587933584248	5.0	695.0773440969953	29.36344721068391	14.0	2.00320498290475
0.0	20.0	5.0	12945.026431556797	21.76696105670376	5.0	465.6851958265532	34.53964853294551	14.0	2.17868879352623
0.0	20.0	5.0	13059.056395434589	22.388189983040576	5.0	534.1774968993087	34.45147432956882	14.0	-2.9157935897016447
0.0	20.0	5.0	11593.683948721653	23.218994352066744	5.0	1019.6972683544368	31.073769873952507	14.0	-22.519268005421136
0.0	20.0	5.0	9494.359584007192	24.30436168438383	5.0	1368.4090048601172	29.727178379052653	14.0	-36.380881010799214
1637.9098208900186	20.0	5.0	8066.940448859005	26.529745294271766	5.0	939.8226772839224	31.328677091885687	14.0	-19.53013653383435
1784.647260395822	20.0	5.0	8194.69408032801	27.192928492809415	5.0	530.129483850817	32.989039315965194	14.0	3.0838996844190887
1057.84478426073	20.0	5.0	8451.841766749827	26.869840237697524	5.0	415.6968460543843	30.731606812049865	14.0	14.902539106619217
776.074902726368	20.0	5.0	8313.685079738436	26.900614153501444	5.0	472.436735550111	29.68262364316911	14.0	11.250867613776705
1736.2897150625101	20.0	5.0	7526.992992725559	28.347597208142204	5.0	281.595740814972	34.09583585901274	14.0	13.85621807496338
2205.2344455196903	20.0	5.0	6659.8997271696635	29.335959828954998	5.0	242.94261103456927	34.1941762771444	14.0	17.933764833749315
2004.3627113115692	20.0	5.0	5040.0205136546465	29.30761330831968	5.0	771.8872100198646	29.37065998145258	14.0	10.505502462059887
1778.3340848255536	20.0	5.0	3995.7294232319523	29.50401265160316	5.0	1322.9221191749184	30.15763118279118	14.0	9.706354597906339
1229.7678245149384	20.0	5.0	3979.4454133465783	29.291694205540015	5.0	1255.9143378709298	29.621527248729375	14.0	10.835223585695315
978.7780159809263	20.0	5.0	4461.954373939263	28.549099324541668	5.0	747.0220781121006	30.41803668891041	14.0	3.3056034076206586
414.15162107878314	20.0	5.0	4535.340123827213	27.697852857402086	5.0	908.8210914553207	30.158151872601067	14.0	-13.251122714618432
0.0	20.0	5.0	4373.691280470126	27.59065460568705	5.0	1138.941808061413	30.50538226313911	14.0	-24.60979012054314
0.0	20.0	5.0	4289.432127247129	26.97576113643605	5.0	1147.9614701038906	30.684279562860198	14.0	-25.33175487966046
0.0	20.0	5.0	4507.486852016687	25.756824817842453	5.0	1022.4653533304182	31.53522446129093	14.0	-20.042221372722192
0.0	20.0	5.0	4502.1443151362255	25.131994708357723	5.0	953.0136189553778	31.856094747917606	14.0	-19.88115936834624
0.0	20.0	5.0	4334.445418101616	25.146723223781915	5.0	874.8246682434731	31.27242326672392	14.0	-11.909122869759404
0.0	20.0	5.0	4150.026871402363	25.094935200492085	5.0	809.2224070054828	30.121590230882582	14.0	6.247591227361869
0.0	20.0	5.0	3637.0678521563227	25.0299773675575	5.0	972.0272052412023	29.071650544620056	14.0	-5.142243233109267
728.0787422262121	20.0	5.0	3055.758418694578	26.234597065100058	5.0	909.6966836799432	29.090718704125475	14.0	-8.555649329518817
1570.3371317327642	20.0	5.0	3000.7919198685986	27.947374617661172	5.0	598.3305462635079	29.64725546627458	14.0	0.3487799370895106
1994.7160708904873	20.0	5.0	3232.720281040276	28.99201999502241	5.0	744.8254817932664	31.138995092621673	14.0	-5.694023777096847
2367.0150922607922	20.0	5.0	4003.660492964819	30.484796542439835	5.0	910.3252767248158	32.67693926165222	14.0	-14.983415356686782
2712.401892492546	20.0	5.0	5016.533081556002	30.721743167970523	5.0	691.0514560439262	34.41918565081048	14.0	-19.02301154781837
2994.3798528437865	20.0	5.0	5556.379797741657	29.513413385125837	5.0	800.0016158803979	34.537781921074114	14.0	-28.46962283966169
3051.100639778807	20.0	5.0	7695.141078695333	27.938414440059233	5.0	554.1922367889117	34.12333404859027	14.0	-9.191846529619404
2422.1834271569683	20.0	5.0	9248.948576079167	26.626780430314213	5.0	390.3097618176331	30.983444637980412	14.0	17.85089974018265
117.1017665717133	20.0	5.0	11353.654575948269	24.39311685247809	5.0	629.1557590271763	28.10632704096781	14.0	13.52372028505203
0.0	20.0	5.0	11943.931325702802	23.23600014045594	5.0	602.7651022323136	34.551702589635134	14.0	4.7529663992809335
0.0	20.0	5.0	12295.932950070728	22.63245758383115	5.0	576.9824356619098	40.0	14.0	-3.9239731427174824
0.0	20.0	5.0	12483.13278864469	22.61983697164103	5.0	373.3267568367961	40.0	14.0	7.228297213749567
0.0	20.0	5.0	12832.140109019996	22.86046856345703	5.0	219.47994776937705	40.0	14.0	14.726671516638564
0.0	20.0	5.0	13455.244177775387	23.381970526712113	5.0	133.10589080606036	40.0	14.0	18.221345866304894
0.0	20.0	5.0	15247.888403133606	23.653033712655255	5.0	59.08253205377751	40.0	14.0	16.141215001635512
0.0	20.0	5.0	15498.152110767769	23.654455459663954	5.0	90.13095881360837	40.0	14.0	21.442928756647117
0.0	20.0	5.0	13534.667928269515	23.84623302808966	5.0	226.46866637274385	40.0	14.0	30.69167301421155
349.9285353588697	20.0	5.0	11395.000499962734	24.22939771304799	5.0	291.9420579785304	40.0	14.0	32.37434612984056
0.0	20.0	5.0	10779.755553356405	23.77490676039445	5.0	555.4351951793794	29.9397498121738	14.0	14.79298164365799
0.0	20.0	5.0	10647.395947119154	23.07042513970076	5.0	764.9437292189956	30.567124089878686	14.0	-4.114449601606453
0.0	20.0	5.0	9997.616999950451	22.644686441705016	5.0	1202.6772165944149	28.606666213040015	14.0	-25.976314232900005
6718.633832956236	20.0	5.0	5504.269313224986	25.859775857926262	5.0	535.0534221560356	34.79209977705179	14.0	-5.336491588619364
8041.423605837366	20.0	5.0	5164.268764445654	27.05804891319161	5.0	339.3518558295161	40.0	14.0	-3.1071646494120295
8908.21855652296	20.0	5.0	4799.529952605404	28.4478887574374	5.0	289.6787343362634	40.0	14.0	-0.41666090054703475
8414.893275181388	20.0	5.0	4764.112257524274	28.33129513049761	5.0	293.8578941588696	40.0	14.0	6.06175758655997
6300.879631283411	20.0	5.0	5521.584571876262	26.63062058528933	5.0	400.7041717247011	34.93061539145594	14.0	26.67143510064204
3417.026188387658	20.0	5.0	7684.041863454414	24.49132019075571	5.0	634.5428220066789	29.842697523388253	14.0	23.86727208670835
0.0	20.0	5.0	11148.552085901605	23.16277087738546	5.0	671.679188879855	28.052237545864354	14.0	22.752409574885704
0.0	20.0	5.0	11379.230452410964	23.28191220407729	5.0	529.8770541688685	28.9366193977696	14.0	26.290235434412175
1269.4763812564554	20.0	5.0	9409.975121735446	23.775287344184445	5.0	572.3929407376988	27.32347376340498	14.0	23.168514550626742
3725.066472951715	20.0	5.0	6817.664782113837	24.449581910495148	5.0	554.0123676597523	29.594440286484918	14.0	21.47583254227314
6047.376534000235	20.0	5.0	3747.076348816251	26.505675510662716	5.0	513.1642506573469	31.577763375124174	14.0	17.655400147970283
6609.196131602382	20.0	5.0	2349.539552444708	28.257772225287273	5.0	509.7014757403784	29.891269003700963	14.0	19.93232970745324
6410.294340211814	20.0	5.0	1441.0183077722788	29.296776185931023	5.0	679.0744198073655	26.25639606353229	14.0	16.92663191747763
6501.219637268035	20.0	5.0	907.1105841200645	30.19593683628958	5.0	808.4493493487208	24.718475454637403	14.0	15.526131622379133
6382.226440976267	20.0	5.0	944.0867047982996	29.75290292658211	5.0	741.297086145619	24.499416863644836	14.0	18.2008534588211
6246.8967819754225	20.0	5.0	722.1778495888425	30.079888009816454	5.0	560.2463885891481	26.444478690492396	14.0	23.905729080418713
6161.467737963997	20.0	5.0	389.50948993913465	32.30663156695366	5.0	454.021400633786	28.23952573255689	14.0	27.079069411740218
5387.880039927833	20.0	5.0	0.0	28.58578479125306	5.0	685.5593495306714	28.251652629359015	14.0	17.55029682496372
4961.5382887883725	20.0	5.0	0.0	28.58578479125306	5.0	829.9071445865336	27.040022610135953	14.0	14.29643519909155
4991.656853909581	20.0	5.0	0.0	28.58578479125306	5.0	791.2668571621551	24.1187271101773	14.0	28.60909881171808
5557.1046430308725	20.0	5.0	0.0	28.58578479125306	5.0	742.1743160178095	18.65304098719318	14.0	41.42024578715554
6481.290446844349	20.0	5.0	0.0	31.19169117955941	5.0	923.9238636310475	15.37777174262257	14.0	26.368961688433785
7429.383746551514	20.0	5.0	0.0	31.19169117955941	5.0	1315.3534544267982	15.0	14.0	-4.7874016981906236
8542.737827624185	20.0	5.0	0.0	31.19169117955941	5.0	1480.0693515324474	15.0	14.0	-14.045329229640169
9291.827927716757	20.0	5.0	0.0	31.19169117955941	5.0	1694.4793756240988	15.0	14.0	-46.71544277784103
10093.22628893987	20.0	5.0	0.0	31.19169117955941	5.0	1731.1688292533586	15.0	14.0	-67.44925215582343
11218.300698510831	20.0	5.0	0.0	31.19169117955941	5.0	1548.0577539273243	15.0	14.0	-69.96833955053518
12271.611637162448	20.0	5.0	0.0	31.19169117955941	5.0	1280.2812055918168	15.0	14.0	-57.92221248015784
13256.995347257573	20.0	5.0	0.0	31.19169117955941	5.0	777.2391042536651	15.0	14.0	-12.774320040260045
14113.76452331179	20.0	5.0	0.0	31.19169117955941	5.0	451.6819905369527	15.0	14.0	21.970450921477138
14851.234849252229	20.0	5.0	0.0	31.19169117955941	5.0	512.4866441233837	15.0	14.0	19.674485864267904
15524.306452441439	20.0	5.0	0.0	31.19169117955941	5.0	490.0532595438194	15.0	14.0	29.439697946194176
16162.201158955633	20.0	5.0	0.0	31.19169117955941	5.0	341.1437558365346	15.0	14.0	40.049706360449264
15999.64704966523	20.0	5.0	0.0	31.19169117955941	5.0	428.0602902762663	15.0	14.0	14.52954381913932
14593.224173855337	20.0	5.0	0.0	31.19169117955941	5.0	820.4780585169707	15.0	14.0	-17.369631409332
12819.57527458791	20.0	5.0	0.0	31.19169117955941	5.0	1136.8077202725979	15.0	14.0	-30.29066910275508
11479.275398814949	20.0	5.0	0.0	31.19169117955941	5.0	1138.3374812371612	15.0	14.0	-22.206025528152743
11286.106289256148	20.0	5.0	0.0	35.0	5.0	1066.5690056743292	15.0	14.0	-19.729884131623127
10710.84922702433	20.0	5.0	0.0	35.0	5.0	1102.8437354122318	15.0	14.0	-31.903856655609957
10257.983515060534	20.0	5.0	0.0	35.0	5.0	892.3878037673445	15.0	14.0	-22.21660005161305
10278.085521338628	20.0	5.0	0.0	35.0	5.0	615.6406995815422	15.0	14.0	-1.3733910059419763
9672.158714361225	20.0	5.0	0.0	35.0	5.0	611.377335555666	15.0	14.0	0.7502798877212129
8973.78519255819	20.0	5.0	0.0	35.0	5.0	681.1153144435024	15.0	14.0	-3.4661273866166398
8558.336903504447	20.0	5.0	0.0	35.0	5.0	765.4893804029555	15.0	14.0	-6.47943123387936
7670.162971638578	20.0	5.0	176.33029251307403	35.0	5.0	681.7336709509158	15.0	14.0	2.1689916285377797
6992.347233888241	20.0	5.0	428.8799528827752	35.0	5.0	532.9422956648245	15.0	14.0	9.617546114692988
7211.751227010224	20.0	5.0	492.9460999567617	35.0	5.0	465.5705322121607	17.2877795726828	14.0	16.979301069069855
7367.821661530561	20.0	5.0	484.5988934484693	35.0	5.0	368.95898820413476	15.0	14.0	21.001468029132106
6290.538165155904	20.0	5.0	187.865665897397	35.0	5.0	679.3194855691783	21.608200731883752	14.0	12.872524665771792
5900.221853260094	20.0	5.0	0.0	35.0	5.0	909.022857559687	22.706431459622067	14.0	1.2762197385437282
6270.119005656742	20.0	5.0	0.0	35.0	5.0	1142.6973694369165	24.202737013486374	14.0	-13.082992373754589
6054.863052590213	20.0	5.0	0.0	35.0	5.0	1509.0247308142993	25.469330602263735	14.0	-44.006051854232915
4669.430141551193	20.0	5.0	0.0	35.0	5.0	1956.9200923958422	25.157867421028982	14.0	-74.84140387688052
3365.665661744418	20.0	5.0	0.0	16.910776967517812	5.0	2213.114290081719	24.699053617112508	14.0	-86.5133262515362
2833.4475672364997	20.0	5.0	0.0	16.910776967517812	5.0	2066.5887876601796	24.76827189184732	14.0	-81.25718322687051
2531.3406009217038	20.0	5.0	0.0	16.910776967517812	5.0	1845.198076590383	24.604689479269595	14.0	-67.158615133062
2340.348602015696	20.0	5.0	0.0	16.910776967517812	5.0	1761.0526422725784	24.626131952919494	14.0	-63.77310692832553
2665.7487923711396	20.0	5.0	0.0	16.910776967517812	5.0	1539.5057612815656	24.68749495905833	14.0	-51.96887809621828
2807.3617834727415	20.0	5.0	0.0	16.910776967517812	5.0	1301.6071394145877	23.54916251345674	14.0	-37.070255612703
2722.150677835316	20.0	5.0	0.0	15.0	5.0	997.786181914534	22.2685864578119	14.0	-19.27668717085772
1138.3730982399031	20.0	5.0	1392.0625342467483	19.067549733884483	5.0	778.4870817607416	21.71178110505578	14.0	-8.027436074134398
1648.338321730393	20.0	5.0	266.92967081836844	15.0	5.0	677.6277725917679	21.314798919659463	14.0	-6.217957792704854
1395.1561570033725	20.0	5.0	133.28061912269996	15.0	5.0	770.303326528048	20.80066873024645	14.0	-12.921475916675215
1286.7483260138213	20.0	5.0	0.0	16.910776967517812	5.0	910.9865135187059	20.85852212742101	14.0	-21.41208610663728
1103.5351675122579	20.0	5.0	0.0	16.910776967517812	5.0	900.7871908051707	20.691181128909815	14.0	-23.01866290361255
1024.088349357367	20.0	5.0	0.0	16.910776967517812	5.0	881.6359883833959	20.643618984342808	14.0	-21.66585897179625
1055.9381593630067	20.0	5.0	115.48573820996207	15.0	5.0	884.1893168641014	20.698373326685896	14.0	-20.341840641100372
1247.3429184698366	20.0	5.0	0.0	16.910776967517812	5.0	840.3758405177771	20.043196636793017	14.0	-16.31234818879722
1190.8950843536188	20.0	5.0	0.0	16.910776967517812	5.0	916.578759848821	19.74638777623554	14.0	-18.924893658711163
1148.7370340295222	20.0	5.0	7.1091824924950675	15.0	5.0	1028.0631073286927	19.91932407000287	14.0	-24.626941262727627
1153.7655749257594	20.0	5.0	0.0	15.0	5.0	1100.3534333807752	19.545405470975357	14.0	-28.247969112948894
1019.013062462536	20.0	5.0	30.169304493392897	15.0	5.0	1167.6227438025214	19.417752597251393	14.0	-33.84947160983131
711.4984022704252	20.0	5.0	191.3579723191019	15.0	5.0	1174.762520518604	19.95372818857708	14.0	-32.39882920970431
557.3011554911928	20.0	5.0	291.5827375877976	15.0	5.0	1129.1618800323583	20.429688614027643	14.0	-30.281252781081708
656.8216443996379	20.0	5.0	216.9116781559025	15.0	5.0	1036.753945467056	20.36016352479502	14.0	-23.62837823031483
1008.3641435275296	20.0	5.0	193.21248069520377	15.0	5.0	957.9881824509205	20.10357968432039	14.0	-18.59461910893858
1056.4147355869625	20.0	5.0	429.65115486040776	15.0	5.0	934.5764005063296	20.032846618598406	14.0	-15.103023631192674
1184.7815810126006	20.0	5.0	574.5137576520301	15.0	5.0	956.746071205189	19.896315539747178	14.0	-12.291781627525525
1230.4611528476435	20.0	5.0	788.8131370601952	15.0	5.0	1016.4854618708405	20.010248326288984	14.0	-12.734517774916668
1107.336695259859	20.0	5.0	744.1765620580865	15.0	5.0	1013.0322784505242	19.562048567745123	14.0	-12.036937246876771
1035.1873547682007	20.0	5.0	735.3560389523446	15.0	5.0	919.2643188177082	19.864313129799694	14.0	-5.918036997032357
800.4666032066045	20.0	5.0	724.4498905473735	15.0	5.0	968.6236581800547	19.981534223827957	14.0	-7.261952641443088
715.6832977069472	20.0	5.0	734.8589024015739	15.0	5.0	934.570970953161	19.76550977214267	14.0	-7.198806382858861
646.1766507685861	20.0	5.0	758.8036657498308	15.0	5.0	945.6607571389961	19.796712677036226	14.0	-3.6729032437603446
540.9040306204552	20.0	5.0	812.8676479254423	15.0	5.0	950.9537790909181	19.401444584137817	14.0	-4.240911851033254
317.94074992412345	20.0	5.0	843.7383036025498	15.0	5.0	928.309979665855	19.58228020872064	14.0	-2.5883159625632817
