amplitude_0	mean_0	stddev_0	amplitude_1	mean_1	stddev_1	amplitude_2	mean_2	stddev_2	amplitude_3
217.70219625106262	10.987626778308643	5.0	891.6332689314319	19.31984132802338	5.0	251.54335790365013	22.8481220259323	14.0	-0.2979260521335758
229.27105219061738	9.609388532597361	5.0	971.5800481849788	19.604350881290156	5.0	224.8407495975617	23.71254997311459	14.0	0.6662419289752437
219.5702452503375	10.362147195747383	5.0	953.4289764591616	19.408784380159258	5.0	229.80764508115146	23.889263453865667	14.0	0.20519909834667263
204.570387715105	10.211038636793244	5.0	963.1813588101235	19.221217499115216	5.0	243.4926414125834	23.183111518464166	14.0	-0.5018485024804652
181.30276834283165	8.766415829805256	5.0	1073.7287647284322	19.167518699629323	5.0	213.1999421109288	24.379077117946444	14.0	1.3009465700904008
164.58904406365085	10.489689282242708	5.0	1039.9087261177222	19.182478271567042	5.0	244.96703301096218	22.89471230841544	14.0	-0.1685324286642654
187.26756850809304	9.991471977825077	5.0	1018.1664209841199	19.267008668305913	5.0	255.7740295472929	23.187372271626487	14.0	-1.3473957464481066
227.59915163541714	11.354467437567498	5.0	1000.8136098040753	19.61919035574408	5.0	247.32383450340134	23.87563856401337	14.0	1.0578238120691876
94.04870045551948	8.068618600939203	5.0	1122.8103489753578	18.92499861371682	5.0	268.3456958711323	23.823765592494553	14.0	-0.7133956920404955
102.78959481586358	8.646583747694942	5.0	1078.7849491151758	19.238745737992243	5.0	260.76268749810583	23.470799313118988	14.0	-1.4270535581628037
133.80083657566954	9.168955689281118	5.0	1035.303374494622	19.59431797319426	5.0	249.89140212011347	23.846220405531614	14.0	-0.1632552724608998
196.09344430854298	9.481276152270137	5.0	1174.789620363582	19.952788567420708	5.0	194.21705038095075	25.39585372533592	14.0	1.679385075801166
116.05812217635457	8.748727019284773	5.0	1170.9539151354452	19.667973202255936	5.0	237.4778556656358	23.636985736564696	14.0	-0.8129502347323494
102.28042621214038	7.648020859561205	5.0	1140.637193573566	19.66860772385105	5.0	232.8123536912325	24.370564870641157	14.0	-1.0813893006304567
81.18490762182833	7.417617880465486	5.0	1119.1844238348128	19.505628916094334	5.0	266.05566916117834	23.97710920626613	14.0	-0.9581754873144831
83.60318061698175	7.433973109107354	5.0	1155.7267501855847	19.580370446615404	5.0	268.5904777010348	24.08567633591961	14.0	-0.14036202674413842
1091.7228741218435	19.60975699529362	5.0	0.0	35.0	5.0	341.3188145112261	21.2754136269788	14.0	-1.900464047516038
1128.0393589907387	19.509794456602474	5.0	0.0	35.0	5.0	334.47540758659704	21.754470274667455	14.0	-3.15703030993936
1154.211873766951	19.319267810347412	5.0	10.56176937934696	35.0	5.0	328.2656198702456	22.311130663503178	14.0	-1.482679923633993
1080.578861983821	19.198801110093193	5.0	0.0	35.0	5.0	318.09758762314715	22.248080749099145	14.0	-0.4816434055573696
1178.0620900485542	19.23961400493164	5.0	0.0	35.0	5.0	338.3568512985421	21.80598699206183	14.0	-1.1069729427300172
1214.2954437268847	19.28541454110319	5.0	0.0	35.0	5.0	307.8448991851951	21.832759829567276	14.0	0.8349413449572516
1223.1208966283286	19.230304051609135	5.0	0.0	35.0	5.0	305.5093604608879	21.78494428687403	14.0	-0.82561257372885
1263.7542915867793	19.126316317711225	5.0	0.0	35.0	5.0	301.660753252739	21.227225894950266	14.0	-1.0310623373071515
1307.8324765390182	18.94446151009949	5.0	7.542641913117212	35.0	5.0	289.01999468690684	21.21757628822372	14.0	0.15130839882429387
1381.2615403926209	19.0073633267996	5.0	10.44245132166785	35.0	5.0	274.0577442853634	21.30873914591273	14.0	1.2845982631935982
1398.6746762903847	18.94644090079407	5.0	1.6738398344617458	35.0	5.0	289.5810108492914	20.74501459440361	14.0	1.6210406749526254
1490.9113134787635	18.933794970538358	5.0	41.48015737154223	35.0	5.0	256.4843867357516	19.567978313405217	14.0	1.695162750237386
1450.2762018672993	18.960035000194917	5.0	12.249027638000253	35.0	5.0	306.3820144076872	20.911019398679475	14.0	-0.1698469147080714
1468.0374083456713	19.062986203638324	5.0	28.268202400631104	35.0	5.0	309.5889256725216	20.938898998605186	14.0	0.08968409284453914
1552.236607753623	19.123710448774165	5.0	22.869091820914907	35.0	5.0	311.88148976177007	20.33834338548077	14.0	1.0310818878448893
1494.1173147273785	19.151525354846182	5.0	0.0	35.0	5.0	314.4946069338647	20.28109819376092	14.0	1.2150627066995152
1491.1419236356487	19.135072839674972	5.0	0.0	27.234828520622806	5.0	309.0789531598711	20.758569240485375	14.0	0.7995752344270703
1589.3424245355889	18.85703447396213	5.0	0.0	27.234828520622806	5.0	283.6014262631534	21.18476654048292	14.0	0.7213606894144302
1526.5831981672716	18.967320460795893	5.0	0.0	27.234828520622806	5.0	274.7645644934862	20.415688273297135	14.0	0.7903204730475828
1502.21998172289	18.78341361879043	5.0	0.0	27.234828520622806	5.0	255.66179749270813	20.77376677522555	14.0	2.3382074671502098
1539.6739777867604	18.60004652193399	5.0	0.0	27.234828520622806	5.0	256.78042607921856	20.89299755076972	14.0	2.092689891767248
1694.8690688419783	18.450546051160547	5.0	0.0	27.234828520622806	5.0	233.02079714434674	21.590344123821083	14.0	2.3412488581939477
1737.2340968656547	18.25514370520791	5.0	0.0	27.234828520622806	5.0	216.7921630967793	22.440591427340237	14.0	4.657013396724624
1723.859382241847	18.192239809816915	5.0	0.0	27.234828520622806	5.0	219.707054912297	22.868078397423773	14.0	3.269323653230619
1805.3476045547625	18.306134517627417	5.0	0.0	27.234828520622806	5.0	223.21955081183097	23.649352240735976	14.0	2.1813180557389376
1727.1929640240655	18.441722966417647	5.0	0.0	27.234828520622806	5.0	236.5851360873417	23.148848635402796	14.0	1.4390204779628577
1785.521340630334	18.47464521946443	5.0	0.0	27.234828520622806	5.0	218.72445426749465	23.49564887764296	14.0	2.7071362709334066
1811.5581788773902	18.532224390065664	5.0	0.0	27.234828520622806	5.0	236.4530777063738	23.378808239379964	14.0	3.762391145383383
1804.6497352411316	18.490969619136447	5.0	0.0	27.234828520622806	5.0	245.0874315111342	23.479674632113728	14.0	1.4035098539553335
1779.1249761011802	18.468715263309665	5.0	0.0	27.234828520622806	5.0	214.60835641325255	23.231742782447462	14.0	3.8384385068851237
1784.4691786422216	18.496172640321596	5.0	0.0	27.234828520622806	5.0	211.0541473949479	22.62917741631777	14.0	2.898479045405018
1793.6790674418185	18.14033421475149	5.0	0.0	27.234828520622806	5.0	184.08324029496387	23.463860149456643	14.0	4.738849155395004
1859.2185744029607	18.052433938389893	5.0	0.0	27.234828520622806	5.0	170.20425477522895	24.645489043392615	14.0	4.335483863113797
1939.7410686111482	17.823339640298165	5.0	0.0	27.234828520622806	5.0	158.69155748851392	25.00892313404728	14.0	4.221095968485333
2015.7670788210842	17.83717878159228	5.0	0.0	27.234828520622806	5.0	140.05451453985904	26.290279444540673	14.0	6.85617887839146
2022.533301055774	17.724735213807637	5.0	0.0	27.234828520622806	5.0	153.436276024737	26.241335475383494	14.0	4.474817039434302
2037.0390340870306	17.672367638354938	5.0	0.0	27.234828520622806	5.0	159.28149175346817	26.056900879156995	14.0	5.154958250812841
2114.941281777542	17.626900222020016	5.0	0.0	27.234828520622806	5.0	142.17567718306836	28.121851502983528	14.0	5.252354250721833
2132.35395243949	17.68407130864979	5.0	135.00721193720935	35.0	5.0	113.9839238623434	18.882872627948764	14.0	5.514073499977728
2102.8562938343	17.73055135892981	5.0	113.37195725126693	35.0	5.0	132.3354324082134	20.127686381379068	14.0	4.130950607319012
2160.9455046143266	17.815970498473014	5.0	0.0	27.234828520622806	5.0	186.7917198070742	25.7738791011685	14.0	3.5956185753946355
2194.0773533206434	17.914657166557365	5.0	0.0	27.234828520622806	5.0	173.11987969064262	26.072057754414548	14.0	4.783907045033503
2124.000959696769	18.034183649577248	5.0	0.0	27.234828520622806	5.0	208.3046844106026	24.646415306080335	14.0	2.664406621133061
2175.791501834169	18.15717986929467	5.0	0.0	27.234828520622806	5.0	166.40266194909353	26.1549131627883	14.0	5.359713403064755
2157.7761370836147	18.395508172694978	5.0	0.0	27.234828520622806	5.0	171.44436963732326	24.295130897810772	14.0	5.9951574282655
2160.075690403353	18.362368868921774	5.0	0.0	27.234828520622806	5.0	154.75932084343347	26.537650312134954	14.0	5.159447481743861
2192.0946577315867	18.39473315630028	5.0	0.0	27.234828520622806	5.0	136.03032356006557	25.796309294608808	14.0	7.352346307725634
2235.342730671101	18.335169225622618	5.0	0.0	27.234828520622806	5.0	137.81421808226213	27.285629984868997	14.0	6.227842282855491
88.2736056112877	2.769638123951221	5.0	2277.7464878670066	18.453894828932853	5.0	114.58406658731771	32.711636106709	14.0	-0.5760754034911049
87.81315667330695	2.4684617350787015	5.0	2345.1546729345155	18.315559837047207	5.0	117.0485491643975	32.27378206217491	14.0	-0.3897354408496087
106.30179438987923	2.929418415558315	5.0	2328.336292955506	18.37907180220429	5.0	122.15315407301807	32.45713724591541	14.0	-1.407249490166583
112.66314187100794	3.4037201444453085	5.0	2362.732111391531	18.33391638470149	5.0	126.92004670906393	31.64214861801906	14.0	-1.9372220725881695
121.85070320105476	3.581195434788136	5.0	2459.2087800109257	18.464253194183826	5.0	109.22660159711047	33.422105957057184	14.0	-1.9127161673748188
130.44868670166647	3.78901294649082	5.0	2422.9608302326933	18.55412696625781	5.0	114.01115674918323	32.84712248692234	14.0	-1.4412770337110845
134.0866000216613	4.174360099612042	5.0	2426.6682837823514	18.69972769025572	5.0	125.4235908604965	31.656469324428073	14.0	-0.2526687458717109
136.9077468462985	4.078274466539478	5.0	2458.09250879726	18.818173231999257	5.0	124.11377511149352	33.22754047944438	14.0	-2.701800495900495
149.9104430509401	4.415493015377793	5.0	2376.94463756217	19.00157644359852	5.0	127.14048012352433	32.593530135256835	14.0	-2.0840438600537112
168.78858770100643	4.734497211610846	5.0	2405.7591764244	19.28688967899506	5.0	112.37819188596468	33.437927704356696	14.0	-0.7071349920959364
177.9387015369889	5.323760588962405	5.0	2355.5738715155726	19.29385331198388	5.0	122.98917398698936	31.61638545324454	14.0	0.020790438904407335
166.7091388965329	5.878771918477738	5.0	2237.6297181843706	19.224408638116753	5.0	145.1757673222349	29.759740620357142	14.0	0.10353072991592825
168.79342717396483	6.307314056087454	5.0	2135.902404085615	19.29000741145015	5.0	152.38350598626545	28.728338042448225	14.0	2.15133040649451
159.1744396679556	7.3189967023239175	5.0	1911.4930855667074	19.309303993878068	5.0	209.29265086066027	25.296058531203006	14.0	0.6094652635913516
158.96828667695462	9.436492721996766	5.0	1679.4713713197607	19.334200351559293	5.0	266.43978402223354	23.190874055399266	14.0	0.6282913876589693
178.73286973253403	8.28607895434513	5.0	1717.8787897153543	19.289403936081758	5.0	255.03572598507972	24.701019244935445	14.0	1.0804136792145858
206.82413605924629	9.614183558683216	5.0	1582.4655192356602	19.307172417580443	5.0	280.13700977675825	24.10011048065836	14.0	1.5145017692521043
232.34831723496757	9.994106997450098	5.0	1493.8188436879575	19.31585038836995	5.0	293.7426060583664	23.97136998115468	14.0	0.6225170321601762
322.1025991231167	11.087920735191668	5.0	1426.5204746694233	19.6537621394728	5.0	293.70611785629626	24.197480241751794	14.0	1.0063775322411264
261.20867817396953	10.12623056351796	5.0	1421.9710049102662	19.389341579274745	5.0	312.6850730088174	24.10762038093252	14.0	0.2898161360474052
283.19344399583986	10.233621308160322	5.0	1384.8245056990438	19.397451395212865	5.0	305.33742204438835	23.763639557622724	14.0	0.2276662176592082
305.8841355711378	11.259299471385797	5.0	1265.8134722573038	19.48506840063494	5.0	315.67033940308784	23.26951148000771	14.0	1.1704542988548878
247.0073187086325	9.322425793510066	5.0	1342.7084321670231	19.00712269364598	5.0	299.3354383666934	24.19865452623474	14.0	0.569359561627556
283.35512223763254	10.419309136245367	5.0	1298.657971737775	19.19888957478395	5.0	312.4001052190925	23.562237611601685	14.0	0.046237936364909145
303.3891150038759	10.375892808122996	5.0	1326.233064907525	19.12723563131034	5.0	310.2867328211109	23.815586637341553	14.0	0.605088617478833
327.94240260839933	10.892098050377461	5.0	1284.98055478007	19.344714113481537	5.0	315.1979770918554	23.40804761623216	14.0	1.519654379990339
328.3451766339909	11.349149107813	5.0	1238.5210864806957	19.19421507878877	5.0	343.72886295688625	22.898358265037455	14.0	0.7324530855700471
347.2565094603097	11.160970315073104	5.0	1297.8199880973632	19.238074208253654	5.0	330.18491052271065	23.42194415686102	14.0	-0.4264498950498559
746.2719145631878	14.9926171050231	5.0	827.7590407374308	20.724282060040345	5.0	365.37540616703	21.764852692054433	14.0	0.1313164461263095
300.63195759773294	11.952240305471555	5.0	1283.5075659501094	18.87705164585802	5.0	371.72472696643894	22.684234729497994	14.0	-0.029669022061821163
272.94770156081006	11.235126304698804	5.0	1398.7085633126997	18.5753615897711	5.0	355.4170883883303	23.26345196033983	14.0	1.1461357400499061
661.2608264545892	14.401537383325007	5.0	1053.742666776194	19.530649961100135	5.0	372.4783712178371	22.52428208306522	14.0	0.9755200553713522
356.0636020400037	12.195983715945156	5.0	1466.311252154398	18.647071867988522	5.0	369.97926965744733	23.236569421664488	14.0	0.6917142356830426
230.88591003757003	10.694396120789403	5.0	1626.1446932260008	18.222370561732234	5.0	382.7162828127009	23.455170515865046	14.0	-0.42068298528916465
269.75598181141663	10.326024458846131	5.0	1714.5736261872385	18.247197979843136	5.0	358.93288747189996	23.92370524012039	14.0	0.5216229791432514
281.80106265291363	9.604453792603765	5.0	1847.7520092264758	18.350277300880727	5.0	351.3744249517611	24.302893385035993	14.0	1.2854723995062254
309.6755197769426	9.020171153681632	5.0	1941.325606215817	18.58507355737957	5.0	340.8740461572301	24.790504552413406	14.0	3.1745105693088322
295.54881152126023	9.140897916513385	5.0	1971.1908341719566	18.64204131125882	5.0	370.6563459776095	24.75625086382123	14.0	0.5196729956645023
355.33190445948503	8.778558925213185	5.0	2049.66507121642	18.81425021767737	5.0	373.6807142102431	25.892846253173865	14.0	1.3970776507226106
383.9493603074799	9.150352285228575	5.0	2093.896062667699	19.08390829687632	5.0	393.49945350694054	25.658651467401157	14.0	1.9026554828007742
383.14965944786843	9.61563652914997	5.0	2122.7727573371403	19.161805001175185	5.0	398.6220910549969	25.622312086707765	14.0	2.285286773453201
374.7273443772495	8.980936749606073	5.0	2217.656215254187	19.030394404029128	5.0	399.886726653397	26.26860206240606	14.0	1.7084234553989408
399.59679940236606	8.940304360280221	5.0	2226.6344847337164	19.16987092728245	5.0	403.5180332666372	26.441736672423573	14.0	0.7762517214517192
397.7455284398083	9.694638870818835	5.0	2034.32435637399	19.00627264159706	5.0	430.9496394297275	25.829002100763567	14.0	1.442344045661861
356.07853807073667	9.860782459660655	5.0	1894.3421401268076	18.7067895610839	5.0	472.3185445800956	24.97527214506758	14.0	1.190356410989073
371.92652804605825	9.707103750074548	5.0	1820.0307125029026	18.783254667327355	5.0	480.27832146291576	25.19984558410209	14.0	0.25027937602005995
373.7053918297481	9.637570993158814	5.0	1788.3168930765382	18.835998353141893	5.0	471.0561088269599	25.407095718951695	14.0	0.4956909666575766
456.9169170106244	11.481903401209136	5.0	1580.2167439370867	19.272964211556932	5.0	504.7058247071044	24.420646233503575	14.0	0.9739391228705994
334.67860452140263	10.461650426998522	5.0	1691.2051278756005	19.004249530848302	5.0	526.8632669679577	24.767602719016708	14.0	0.771009265560025
271.0063186031872	8.973509728479142	5.0	1808.1145079536018	18.786962810964464	5.0	509.5230226657061	25.747177081467882	14.0	-0.017262860716863157
233.39720635993743	8.708470765286979	5.0	1889.0470675802387	18.77220972078964	5.0	572.1949089144375	25.620739631634002	14.0	-0.42931942833167475
259.17143953385585	8.750777421595378	5.0	1913.700582042609	18.95169997578071	5.0	628.9103280244419	25.47013888657804	14.0	-1.6225564000487391
247.28729016800423	8.67834659635784	5.0	1762.4430223909771	18.939272615345374	5.0	591.4721894599023	25.559970946815458	14.0	-1.6325069895684838
285.4802986102792	8.877617937898219	5.0	1773.4687081366937	19.174556636939553	5.0	508.5717068659359	26.137184380411917	14.0	0.0012254835384855193
317.62509466212634	9.382948108438704	5.0	1820.5340249132323	19.529193382895496	5.0	517.2200105711981	26.247529018994047	14.0	0.22940427515795078
329.5636215768724	10.190903552385201	5.0	1820.9863124210622	19.619509318998276	5.0	543.930312215095	25.828400156906064	14.0	-0.2949267125805523
275.8133003328606	9.135298187341046	5.0	1888.9226583969432	19.312798996339733	5.0	562.1592924397695	25.560833054593942	14.0	-1.0065899736118216
340.9154498451038	10.307752598432817	5.0	1818.228015696072	19.69161964069025	5.0	570.761115000338	25.365589342941487	14.0	-0.07357127395705536
408.59729695796125	11.346492856058395	5.0	1665.8993630444918	20.076946506383003	5.0	582.2996682108874	25.210568702011802	14.0	0.7205376698024977
384.3563546376069	10.88491681896687	5.0	1614.7747339023267	20.066343293425902	5.0	601.5304086107283	25.21097277773897	14.0	0.40284247545699386
498.2268198906805	12.313928339039013	5.0	1546.5534631010992	20.649124663930273	5.0	625.222298082396	24.92741413199669	14.0	1.0020620813397172
484.8934835168045	12.01380255602711	5.0	1653.7406424270805	20.675326470579908	5.0	662.6685940513039	25.283384741045246	14.0	-0.8585802752058381
454.7236759700501	11.484200770307522	5.0	1719.3066894378367	20.64841689654153	5.0	731.5911534727235	24.98654745074138	14.0	-2.3513805484432067
506.5836737492096	11.692098851613954	5.0	1614.236281581566	20.815647798176133	5.0	698.53728274158	24.570061317181988	14.0	-0.9575816839044876
575.0840260040045	11.61708641084468	5.0	1565.9420729949059	21.093752985921785	5.0	697.5809479635778	24.830836668114912	14.0	-1.5666242907092365
669.9094377010733	11.951814426833383	5.0	1550.5215805556418	21.36034279139841	5.0	757.159730250765	24.876863135020276	14.0	-2.302764447684311
693.0683078459058	11.945375476619478	5.0	1570.6284646427064	21.66149712725774	5.0	800.6572961600448	24.50623694004518	14.0	-2.17638064149636
828.009866700534	12.78836124211561	5.0	1446.7779779876746	22.24959888765033	5.0	880.7675647474179	24.241582245515936	14.0	-1.721291775231144
840.3035014593833	12.622515793280828	5.0	1458.9810320602487	22.494720666227863	5.0	876.6378759110024	24.17199443481257	14.0	-0.9430203055491925
763.8977757218174	13.035585075589701	5.0	1411.527165577186	22.65967001364526	5.0	929.4260071395621	23.881542935517565	14.0	-0.12416456013001434
876.5624201578206	14.5237474973759	5.0	1284.076308592699	23.253082999172687	5.0	1026.4555469380048	23.50014471380436	14.0	-0.7766877284167238
823.7062838157627	14.330651256219484	5.0	1345.7097354356777	22.964970677819363	5.0	1068.6948794607408	23.37768467931803	14.0	-2.1646019775155603
874.7509166590146	15.069083445866005	5.0	1250.2534200357027	23.318813122013726	5.0	1127.7049188080293	22.94002091199804	14.0	-1.5865720931094434
1076.6147136915506	15.862165199909295	5.0	1141.8341053188176	24.407208791279547	5.0	1166.399312446624	22.358315807198927	14.0	-1.2036960656806617
842.2428117545153	13.873203248722866	5.0	1461.80891039489	23.00287229677601	5.0	1179.9906496374094	22.65223452440668	14.0	-1.349967840063288
802.844485589889	13.176175020255744	5.0	1554.715091392203	22.71833363953301	5.0	1164.399845421644	22.426107601538664	14.0	1.1429518920426536
847.7447461275576	14.756509397820167	5.0	1418.5037230587216	23.203907885525297	5.0	1203.7108188168029	21.514488355167064	14.0	0.9808261758020106
843.2444543793605	14.664054228317626	5.0	1512.1901555418108	23.370904278894656	5.0	1168.7977904815712	21.073623743132597	14.0	1.4033365401479572
938.9304270440512	15.037819723359126	5.0	1549.4097420972737	23.929801894670288	5.0	1124.242785428165	20.82047842802529	14.0	4.097828940096127
859.8113061721119	14.945407847631666	5.0	1641.968780722838	23.64237326384634	5.0	1137.5630043672259	20.607255984822114	14.0	3.1332748116647444
686.2795411521024	14.668362369461848	5.0	1792.6515185271796	23.28054584892634	5.0	1196.8492588117235	20.24894560332581	14.0	0.7561401690326759
574.7838677861968	13.380242905417639	5.0	2108.200292317324	23.218714995401786	5.0	1169.6143448302016	20.309151644029615	14.0	2.665515005736888
581.7043388646701	14.197229044869148	5.0	2116.2528820638263	23.29950978879804	5.0	1179.0082065786316	20.68896084662581	14.0	7.868408449983559
900.6728403375873	16.291617762582508	5.0	1754.3424078426315	24.030819720217963	5.0	1188.101399591478	21.269265471656354	14.0	9.762958980216439
963.6903702654763	16.38220799875539	5.0	1786.2637930722985	24.12860944579945	5.0	1212.6816241255217	22.369519174219025	14.0	13.542174835710947
1799.8977328666774	19.537115172828067	5.0	1027.7704662766462	27.093739315637233	5.0	1260.27142541742	22.065347520941874	14.0	17.390933623565655
1686.90997348657	18.36750630529071	5.0	1333.7986484520295	26.6581147184168	5.0	1246.8307525483283	22.951100436021814	14.0	17.735143348808172
1869.868833402273	18.558379848825606	5.0	1336.875497206073	27.512470799552716	5.0	1225.8938616350881	23.089996700316977	14.0	17.771736869971072
1887.9049001082915	18.545526122767658	5.0	1508.2385891748224	28.215782898058876	5.0	1203.929517259448	22.982621814178717	14.0	16.97521166358336
1897.7263655856661	18.902199147261793	5.0	1447.812857685473	28.41108338933206	5.0	1203.4128737942071	22.8103189321586	14.0	12.642865540788392
1665.7164105443383	17.765611500167573	5.0	1640.5462507034767	27.323153985944103	5.0	1146.08001458178	23.319978328110814	14.0	11.607308432754127
1879.2939792898655	17.82702508035516	5.0	1648.9195665410173	27.931605395196275	5.0	996.8328838939098	23.128219592075183	14.0	14.076833163839813
2101.154841756702	18.066514107224993	5.0	1584.5408385583041	28.24637673997655	5.0	901.1512377327681	22.689870277439844	14.0	16.45138521108281
2294.438522488224	17.69527778659052	5.0	1691.677294635991	27.92086588638838	5.0	816.104190695239	22.558690734032957	14.0	17.22605485493066
2711.60675995118	17.982743644742218	5.0	1734.8696551317933	28.30616669250613	5.0	738.3482165995572	21.86815956277167	14.0	20.257696534454585
3084.9132900055765	17.779965251680203	5.0	1895.9779057818835	28.412843006258168	5.0	683.6614075171972	21.77155152215715	14.0	22.858633467569234
3544.97609323085	20.0	5.0	1156.440327720638	30.9095803417905	5.0	1072.7250801230757	18.872347273565307	14.0	-4.7242008851053425
4169.404242503917	20.0	5.0	1234.0560179701301	30.55187352939153	5.0	1043.1618398118142	18.8738531734418	14.0	-5.410073927491068
4572.706387112724	20.0	5.0	1442.5433590001667	29.80578570290702	5.0	1011.1374863129223	19.048666019675224	14.0	-5.35892747281986
5082.804371749866	20.0	5.0	1532.665071220819	29.19675958787815	5.0	938.4885874564303	19.299035538570482	14.0	-3.51325146605024
5332.329009308818	20.0	5.0	1669.071094089525	28.134893181665202	5.0	918.363267972614	19.947027771707027	14.0	-3.155673338209848
5366.69602663574	20.0	5.0	1921.2544702907799	26.870082899560593	5.0	926.3970114455034	20.51999811209115	14.0	-5.592486080269783
5758.332495340051	20.0	5.0	1908.8912896628904	26.30825781450471	5.0	879.6739931423713	20.87139583939922	14.0	-3.9726156972175106
5538.8696015681735	20.0	5.0	2378.8233542256994	24.545711172544408	5.0	924.1161984146917	21.26249751415933	14.0	-5.271215711522889
2829.9128339517133	18.03006308483455	5.0	5497.418801093882	22.500043521686358	5.0	824.9937496579649	22.832736610829528	14.0	-1.2215745669998896
1075.4844846327348	15.225180805001932	5.0	7209.193831925996	21.443219917011522	5.0	812.3856656966765	23.687283333853262	14.0	-2.7840920623391168
543.3711456206659	11.582341325723464	5.0	7987.412580765706	20.87387165755669	5.0	778.3798558328476	24.47526780640442	14.0	-1.230027235150806
492.5174529256995	11.40953515507809	5.0	8416.9388125262	20.781511841994874	5.0	775.2202461700807	24.44403650536849	14.0	0.8186614834348444
675.324412227924	11.270885059359387	5.0	9085.781705121679	20.93522418835449	5.0	587.4339061338769	25.87035869361143	14.0	6.965385780349647
805.0142357158238	10.376470196963462	5.0	10232.933678061918	21.032049107890796	5.0	364.53632157908316	30.24602175057192	14.0	10.075247935448228
891.849835000553	10.762799348088649	5.0	10806.240238365077	21.195812971124102	5.0	274.5719256754917	33.007817721195096	14.0	11.910813043227307
971.8692142378839	11.042220591626693	5.0	11014.857964763332	21.305273232795393	5.0	213.94855288403554	35.64551192287573	14.0	11.882935365238499
966.1337824665718	11.378134279041916	5.0	10859.851569834798	21.26881540058586	5.0	261.6375490199168	31.0942618530069	14.0	14.358380562374027
1192.9585985107321	12.762788475161395	5.0	10515.439562838741	21.350829166394618	5.0	287.40211864565305	29.115587697017375	14.0	16.044619787690955
1688.5163384477912	14.45882663280686	5.0	9883.616067676281	21.59299142541342	5.0	302.55164295940415	27.092762255715083	14.0	18.436726811872717
2224.4029559598116	16.182163471976157	5.0	8992.113208265964	21.695863053266404	5.0	439.47833713329135	23.396817666913766	14.0	15.189649633461011
2226.966948440774	16.131517652810157	5.0	8892.050401071016	21.527225970492758	5.0	466.96520558729884	24.262043695973954	14.0	13.347732981156696
3412.964494070272	17.34268997974125	5.0	7548.070090823834	21.59864680516474	5.0	546.8107368078196	23.838768661692836	14.0	9.641078501837118
5395.395199706603	18.29482232330404	5.0	5583.563448893374	21.85027155877665	5.0	598.1915944079814	23.42678731380719	14.0	7.299357134234665
6683.475728262076	18.4849942542993	5.0	4084.71962395541	22.229542113295086	5.0	603.0395365282236	23.477170112399794	14.0	8.217275188369177
8112.1732214059575	18.601818452098456	5.0	2570.3337010491427	23.24060369924718	5.0	560.5818352733381	23.496292346016737	14.0	10.123605796247173
8303.953916900855	18.619999999348043	5.0	2037.5733406105758	24.07536451086368	5.0	560.1798672858125	22.831300192056677	14.0	10.003111873971946
8655.724823729237	18.659771085956212	5.0	1487.006248244141	25.58909017318872	5.0	519.1500559460205	22.341828415280617	14.0	10.76920329276612
8695.85560275841	18.524291369856876	5.0	1426.5821141797082	26.135762593567055	5.0	493.7137046641961	22.74050645427466	14.0	11.716323997064585
8416.214997599422	18.39953388944654	5.0	1487.0838893650373	26.54176842934185	5.0	467.21908269994617	22.606673121524892	14.0	12.016522864021534
8272.504358267002	18.291635789133817	5.0	1554.3198204354308	26.33795196543617	5.0	454.41822132413046	22.598808942270566	14.0	13.515022292514066
8314.30568734373	18.34724636291694	5.0	1367.052546027704	26.434386822877258	5.0	495.9590289776113	22.570041900323357	14.0	11.80956333676239
8404.617132161127	18.405432997766162	5.0	1178.7387598312828	26.876361201232164	5.0	514.1497800152929	22.567473236201053	14.0	11.462080975700054
8234.092926134093	18.137763955903566	5.0	1409.871775191335	26.338020460659028	5.0	471.6047472190201	23.35397180153165	14.0	13.24820076462753
7898.769404944418	18.12980096921745	5.0	1380.8615513052641	25.87567747056259	5.0	490.64110866260467	23.782469258417244	14.0	12.280364396339975
7683.0929130057275	18.113096916316525	5.0	1224.677282521545	26.31372123906941	5.0	512.9469818377804	23.19324700696367	14.0	10.920524276234879
7533.9106071836095	17.975718481965274	5.0	1245.3565360459882	27.058779659323754	5.0	466.18971629359004	23.28899936464047	14.0	12.926045284774712
7104.036545661004	17.82865516951963	5.0	1385.1595074606398	26.74940110306109	5.0	420.86681329179174	24.26539256040421	14.0	14.991916946113713
6882.012584086384	17.75392459296878	5.0	1408.3035341606676	27.112235831350272	5.0	375.3690505157963	24.295028520246102	14.0	15.758598395847864
6584.688400680959	17.727014218046403	5.0	1549.8030741731416	27.237982022321503	5.0	363.3357565078466	23.71218405582145	14.0	16.987431127681393
6360.827026806146	17.678050290121625	5.0	1679.5748351027837	27.249452655377354	5.0	318.9231931741037	23.997508713345304	14.0	18.93419815025163
6272.8703489504305	17.62303617347137	5.0	1807.9556034079387	27.247046391536827	5.0	304.34250866555055	24.372131555136054	14.0	18.852515866417512
6150.727412075819	17.604677527395786	5.0	1921.0671378534864	27.139170424224933	5.0	353.3867647163911	24.273916425158177	14.0	17.571662320284332
6015.694083859715	17.552694416638936	5.0	2106.920877391646	26.874346009877065	5.0	360.36467683642576	24.528153077275455	14.0	17.988934866174176
5765.980664953336	17.467068815671006	5.0	2372.066163372685	26.683654397690223	5.0	388.317422442879	24.356332993111124	14.0	16.56646365785964
5658.4821616886275	17.560404480985394	5.0	2508.182532355043	26.752768165251055	5.0	412.8643641020054	23.761212135808076	14.0	16.14582416724132
5668.923002457375	17.57452349494185	5.0	2636.658261801295	26.680613262844712	5.0	437.79111586590494	23.718715614903097	14.0	15.350930257517104
5602.6042368693625	17.387536972476802	5.0	2844.498344697352	26.531051120137032	5.0	429.9961458420506	23.883490335109425	14.0	16.622467019559966
5549.253264277141	17.322381680250302	5.0	2952.1023359060996	26.619805954741032	5.0	395.24194950178725	23.63611440270583	14.0	17.303765291927117
5381.204129101668	17.255192744911515	5.0	2853.9560757104314	26.69773657250774	5.0	422.05025544896006	23.093140153298798	14.0	15.391044462046604
5193.769365268761	17.132301665879744	5.0	2717.758328601413	26.64601161515887	5.0	423.97290958274823	23.113013777434197	14.0	14.318349815534578
5159.067905703431	17.285338000263348	5.0	2409.5900948420826	27.065869576801084	5.0	416.1591945098792	21.975833420237976	14.0	13.892511083300251
4877.669543602131	17.06774566107599	5.0	2188.6249585132737	27.063275651513706	5.0	424.63380084041495	22.68533112605113	14.0	12.25131367466344
4560.617507345697	16.844026630105958	5.0	2043.1129135461888	27.00528419842624	5.0	427.5616281075845	23.00501379998472	14.0	11.82583884539347
4369.947866873306	16.8746675557581	5.0	1897.4360042052963	27.365594565632307	5.0	448.4124661170157	21.840338675034015	14.0	10.12304856271788
4164.127891343606	16.615532709343753	5.0	1896.1410203033658	27.507401246582557	5.0	431.39362972823926	22.06842080482463	14.0	9.892290688849736
3866.2360846805927	16.333065271016626	5.0	1850.6458728391938	27.375952064806796	5.0	503.79295650793523	22.250591688101334	14.0	7.726380058483351
3659.314128210049	15.991590496801528	5.0	1781.672227480468	27.486671648363316	5.0	550.37253682126	22.466214291272625	14.0	5.969290117749821
3678.638396399416	15.804032840794951	5.0	1850.3203897993876	27.935212384826606	5.0	542.381105254217	22.425032426649718	14.0	7.049996789571261
3660.9694674677044	15.738418095058865	5.0	1881.2177885219655	27.917357288586107	5.0	669.2698430777868	22.658882629805966	14.0	3.9116442306513224
3662.0877449036725	15.766922197038042	5.0	2006.314938819522	27.930734552132616	5.0	749.0675799314135	22.813593483916787	14.0	3.0545490068220174
3699.6408325942543	15.743129070844995	5.0	2237.6313518510487	27.909727993371796	5.0	809.7525419696939	22.980853659176233	14.0	3.5238974230119724
3669.5305988901523	15.83752072973602	5.0	2467.7100020195626	27.978407488173037	5.0	888.0306853823412	22.949863684597943	14.0	3.0569333477237834
3516.313475115701	16.02206795372633	5.0	2725.870223662988	28.126201319155015	5.0	969.8044924014831	22.736563855905917	14.0	1.9999519582283676
3504.241115054543	16.232442519628194	5.0	2767.558259043767	28.33814047544133	5.0	1043.592874925056	22.521177964528583	14.0	0.35852109533127496
3533.8098219072435	16.423693800973368	5.0	2798.4915288088328	28.583055385460856	5.0	1049.8277135610167	22.363195089894962	14.0	1.628330226570833
3397.844328944342	16.15078585719116	5.0	2831.519384685024	28.74767429911332	5.0	1056.0775228248194	22.413172525860162	14.0	2.91106539516985
3386.765372052574	15.871003439111877	5.0	2854.4432599493907	28.957437681823812	5.0	1023.122681596518	22.270032289729603	14.0	3.88822238624985
3478.243831862199	15.861880839067359	5.0	2814.6790028144883	29.025572747675238	5.0	1023.0776858062453	22.21281849921904	14.0	3.703658936466231
3508.8163499757743	15.758684382719803	5.0	2827.703216327304	29.113028035765996	5.0	1030.3908085527337	21.983797448951233	14.0	4.4725570058141155
3544.0601791198537	15.538809425196925	5.0	2918.344572172787	29.126373323505895	5.0	970.6294863113638	22.28098278856881	14.0	5.8536228586258945
3570.7381119219094	15.58429603389511	5.0	2957.403628497784	29.35579608664772	5.0	892.9846314491255	21.98534527912567	14.0	8.550160645781396
3563.41179493271	15.567312686758699	5.0	3010.585100807321	29.492090441170586	5.0	813.27247434927	21.3678682287687	14.0	8.947483434132009
3588.2416093304055	15.437641785222066	5.0	3129.7816831070418	29.499775805183297	5.0	705.5254670311996	20.963798778790704	14.0	10.445595143892863
3539.385873051393	15.40468254071601	5.0	3150.97098314511	29.597050889144715	5.0	635.1347326594446	19.81240435883144	14.0	10.601797636117482
3432.605887722212	15.203623791360862	5.0	3145.403810879283	29.553098422569594	5.0	590.0438088541464	19.237048563392776	14.0	9.571979992071524
3505.4924549300326	14.944958671901293	5.0	3218.473171586633	29.531940045616086	5.0	511.2191860817909	18.98205133520193	14.0	10.539627751172786
3541.6998170647616	14.846093696004303	5.0	3147.0970092851335	29.61390758996966	5.0	520.2573219529706	18.849658129437394	14.0	9.239302546507997
3527.575032266864	14.933659463542751	5.0	3161.8102334760056	29.625247877221614	5.0	544.475376476127	18.538163467857146	14.0	7.950976587964062
3652.527316815453	15.096326624134734	5.0	3149.420359528807	29.656576706172583	5.0	554.6334521705064	18.58569263718367	14.0	8.526640554111381
3694.890142150638	15.131012528199598	5.0	3032.882875209683	29.654278728932	5.0	641.1280601539266	19.059109628680392	14.0	5.609388536591219
1682.5056107100606	20.0	5.0	1388.4558075958114	31.190355744020593	5.0	2419.614775893839	18.441640272804385	14.0	-87.18990348612434
1657.9721216822436	20.0	5.0	1365.8736807106816	30.976038730245254	5.0	2441.6950893747767	18.497198005785442	14.0	-85.2613141697272
1519.6126548114528	20.0	5.0	1354.1072338393974	30.82937066528637	5.0	2425.9206576574297	18.486177275769492	14.0	-79.80749527898956
1329.6213132603389	20.0	5.0	1404.8310054004928	30.51355182464089	5.0	2443.5333920183666	18.51005531285176	14.0	-78.40783279081514
1095.462525904395	20.0	5.0	1487.0426597248863	30.30820407720167	5.0	2445.2008810405064	18.48768370301453	14.0	-74.79331751984306
1037.8865021144068	20.0	5.0	1493.1163680716313	30.367833852107424	5.0	2379.9462412642897	18.470377898886394	14.0	-67.39147166093863
990.4571916510075	20.0	5.0	1559.1761880842707	30.22412693789613	5.0	2300.4040223444786	18.513492389173773	14.0	-59.9260853597702
1018.0641539371115	20.0	5.0	1718.3574842330215	29.96565164957029	5.0	2145.7186941721525	18.5760863916896	14.0	-46.40906651692529
1024.4652862002986	20.0	5.0	1914.8875031000982	29.30196868529981	5.0	1988.7614295779379	18.726094224763457	14.0	-32.03820133544987
1114.0758370595347	20.0	5.0	2177.8360960376785	28.88278704337703	5.0	1806.3369711854173	18.811445017953147	14.0	-19.335064893264782
1246.288899961048	20.0	5.0	2384.448968012928	28.610354125904678	5.0	1636.2631734778315	18.990578950861984	14.0	-8.803545863128008
1024.9860751366055	20.0	5.0	2706.9376060705763	27.810345397363054	5.0	1586.6591223559642	19.79392405282934	14.0	-4.1341922738181625
956.698194146497	20.0	5.0	2869.6362978476272	27.17817398389432	5.0	1544.2661875780932	20.938893734872785	14.0	1.1121750798168673
904.3393605933543	20.0	5.0	3219.840180254496	26.613109340785666	5.0	1511.733095374232	21.639180751631372	14.0	2.7910355178009807
801.089022491825	20.0	5.0	3686.9044330209626	26.18544503873679	5.0	1520.570658202821	22.38195844004854	14.0	2.3297282426664543
478.98742680897436	20.0	5.0	4136.779866950397	25.694931399395443	5.0	1580.9394178034036	23.014948302120434	14.0	-0.4336330045668911
318.1207093667387	20.0	5.0	4624.565372406617	25.553281109141977	5.0	1582.5194500320151	23.188103294648865	14.0	-0.34299774406945555
541.8753546928841	20.0	5.0	4828.8021447336405	25.768363850322714	5.0	1483.8051856509187	23.489110471626503	14.0	4.592626767946772
206.93494574658558	20.0	5.0	5204.647471587743	25.473713855888168	5.0	1457.2220645104348	23.74882924786407	14.0	2.9713371498837544
162.67318394611718	20.0	5.0	5323.582482518	25.401335589791977	5.0	1400.389557195742	24.12030430016331	14.0	1.805551877023016
283.94197655323103	20.0	5.0	5118.936317960811	25.38980256338597	5.0	1344.5098204302803	24.577008339147724	14.0	1.936200306844394
356.2635703131308	20.0	5.0	4886.50003540987	25.2855066026381	5.0	1289.0184011865829	24.953155474481544	14.0	0.14185092769321114
204.30214494023866	20.0	5.0	4772.809030625016	25.03769219052226	5.0	1313.7913964862357	25.338818681807478	14.0	-2.8156468548214404
165.52738345095153	20.0	5.0	4600.300790952155	24.87033395790259	5.0	1309.9725850084485	25.695864835559355	14.0	-5.321694481028421
414.77574438827446	20.0	5.0	4101.544421372565	25.11765795497277	5.0	1260.3085432952078	26.184945091180722	14.0	-5.971758759365228
658.0817530489604	20.0	5.0	3629.8033524216567	25.552510313354205	5.0	1182.1541806059727	26.57260311011337	14.0	-4.835449168202126
877.4425139512648	20.0	5.0	3251.7851893202665	26.26640624544469	5.0	1082.1005952564635	26.585786067784333	14.0	-0.9823624030171566
705.7774265844716	20.0	5.0	3093.6885069941327	26.71792916697077	5.0	1033.6408690040703	25.849453179843945	14.0	0.5499046616600967
640.1701224091406	20.0	5.0	2951.5020496519774	27.188991047737822	5.0	963.6519045120243	25.247843925582785	14.0	2.5558916419721833
550.9590233567314	20.0	5.0	2879.7750656997273	27.664221953513376	5.0	896.0417976320973	24.180450604970822	14.0	4.524399766435229
408.604041433739	20.0	5.0	2811.8067410543777	28.115654926445075	5.0	857.9710910711474	22.98354718748183	14.0	5.261418968329048
310.57813576836026	20.0	5.0	2785.738170381332	28.570207293725637	5.0	811.5434386954828	21.92014964631424	14.0	6.067054747760352
197.9623876557683	20.0	5.0	2861.660082233462	28.719451300747963	5.0	772.4273413215822	21.250944030447595	14.0	6.541605906266244
149.55412657857235	20.0	5.0	2913.851484777907	28.974187355060092	5.0	730.3678754465403	20.98057468418292	14.0	7.509185793946722
93.67701015686396	20.0	5.0	2993.5207301267387	29.291330887040726	5.0	680.3640601973881	20.83841341777859	14.0	11.020984667495041
57.231378215459145	20.0	5.0	3011.6464619744524	29.430817437792395	5.0	673.3485824524763	21.93098316241066	14.0	13.551656102280585
55.827448814508365	20.0	5.0	3131.553050514833	29.593053844981497	5.0	646.5945211928014	22.625014945367237	14.0	15.443453770225089
18.62299946853654	20.0	5.0	3316.118287963957	29.710877834356793	5.0	633.4848706370459	22.949963185523185	14.0	16.081660251226754
17.191538485493595	20.0	5.0	3440.459672504693	29.77410848174978	5.0	638.0765553527721	23.88176826909164	14.0	16.879853295734254
151.6250318484239	20.0	5.0	3477.9693288351395	30.043381005030383	5.0	605.5521600791843	24.665921863374106	14.0	17.30942666538731
193.37037708218097	20.0	5.0	3463.8975107080173	29.9758113529604	5.0	622.9083599040146	25.67229790431427	14.0	15.153021146945507
238.98553061844655	20.0	5.0	3396.0186356869062	29.758864410529156	5.0	651.7250469912984	26.941692506661724	14.0	12.52608892621757
275.6138007000544	20.0	5.0	3224.919118047512	29.480453525469876	5.0	675.3967445769174	27.567719621483015	14.0	9.269423520111797
200.23646555610898	20.0	5.0	3174.655712902285	28.933341934126847	5.0	727.3438603355985	27.76852489911418	14.0	4.876808719826268
226.3531445983142	20.0	5.0	3111.089009151259	28.470739472089424	5.0	740.4194438805084	28.065704384398018	14.0	3.5380668202900307
161.63288043422213	20.0	5.0	3066.4150222351627	27.80062707707502	5.0	779.3181219512267	27.88578825083674	14.0	2.3816290712289634
132.91664860695857	20.0	5.0	3111.9426047746474	27.188432494437528	5.0	773.6153578997029	27.717972413278975	14.0	2.3517022314824803
0.0	20.0	5.0	3213.1226465600084	26.47487602020857	5.0	792.8150738963044	27.42269455849646	14.0	1.3995783175879555
0.0	20.0	5.0	3376.7478808567757	26.014427794483623	5.0	725.8045595319525	27.677926953478355	14.0	5.606954753225868
0.0	20.0	5.0	3558.030213330856	25.749120528265767	5.0	629.7338837503205	28.022414476192733	14.0	11.293189061484332
0.0	20.0	5.0	3689.112766991062	25.572891002836183	5.0	582.233243770658	27.733374641413178	14.0	12.405351803995792
0.0	20.0	5.0	3757.0954374233447	25.377023541677662	5.0	543.8226766878335	27.870630699552944	14.0	12.23031637059879
0.0	20.0	5.0	3822.633813274236	25.332808808141717	5.0	493.8918068110722	27.70656400569013	14.0	14.546822931372876
0.0	20.0	5.0	3944.9200065302957	25.24922836447015	5.0	465.81166737567946	27.330632126980248	14.0	14.756991923385565
0.0	20.0	5.0	4027.548940821639	25.127427079939956	5.0	432.2462451482407	27.469846287420737	14.0	15.298599931235142
0.0	20.0	5.0	3963.3106242323947	25.147863125226394	5.0	437.7178541002136	26.95244472008138	14.0	15.714931313661664
0.0	20.0	5.0	3924.5721069775323	25.23787398695376	5.0	430.1297019488959	26.234988379021054	14.0	14.897037522540911
0.0	20.0	5.0	3823.1426628286295	25.305764721119818	5.0	437.9359706471674	26.096207703634818	14.0	12.765012827843705
0.0	20.0	5.0	3649.3843786878283	25.2417461551265	5.0	446.3320452862557	26.012923076383405	14.0	9.752002867026299
0.0	20.0	5.0	3382.933614226131	25.131588486603555	5.0	474.57999075066186	26.28557621502315	14.0	6.888109360930218
0.0	20.0	5.0	3230.804742742405	25.063473688463393	5.0	500.9961759223475	26.56204693117247	14.0	3.759865874771807
0.0	20.0	5.0	3186.4344333811646	24.928225591596068	5.0	484.7596597668669	26.801166322883752	14.0	2.738613033435949
0.0	20.0	5.0	3041.1605108887065	24.77084477817223	5.0	512.2755900548871	26.947921921536608	14.0	-0.7751703026547526
0.0	20.0	5.0	2931.158772705504	24.54825544474432	5.0	551.068012970756	27.160982375290583	14.0	-2.9920784646451066
265.31014875255295	20.0	5.0	2651.7548186482677	24.739737526517917	5.0	534.2739782127345	27.78501560005047	14.0	-3.8695343189323763
450.25868469188197	20.0	5.0	2431.474393281725	24.923681559216572	5.0	507.56463887234025	28.0696803105634	14.0	-3.827984449383216
573.6915192285613	20.0	5.0	2301.6547808565338	25.021084910529414	5.0	484.5147104043915	28.20598874376618	14.0	-3.0760687849516195
840.7077484742273	20.0	5.0	2113.027529755491	25.63738255621561	5.0	419.1355743993851	28.504664197242782	14.0	-0.7668088724755296
1003.940372606894	20.0	5.0	2050.7677992229856	26.074538617411267	5.0	374.69879234163153	29.1798653740197	14.0	2.0244117301996742
1152.8552012364619	20.0	5.0	2005.7538738348235	26.45036529368174	5.0	343.8007843603875	30.117877587180764	14.0	3.18878192433431
1148.535573059969	20.0	5.0	2026.0362912711116	26.442661317934363	5.0	346.959029811795	30.17505066354444	14.0	3.9345346565045576
1052.3603738065378	20.0	5.0	2118.489438579415	26.271034923458767	5.0	375.28811536693945	29.717217501302425	14.0	2.62799461189577
1116.7364958107541	20.0	5.0	2099.8211751581443	26.679543889774287	5.0	329.52067823931543	30.11489997351895	14.0	4.068818235529106
963.6992817115741	20.0	5.0	2157.221165357513	26.41787758268079	5.0	331.403254878445	29.56591341082418	14.0	3.1832266639012285
811.0935853796638	20.0	5.0	2235.099783117897	26.145565361405712	5.0	322.03682305942937	28.811154700066723	14.0	2.736010115121932
751.613925560728	20.0	5.0	2216.690488198365	26.22297451757804	5.0	274.3311358551648	28.68934382692747	14.0	3.835625801508724
615.0265339573098	20.0	5.0	2244.1371343783076	26.204887120233654	5.0	242.06764681387466	27.711855200371144	14.0	4.251835485890356
418.36739606852564	20.0	5.0	2216.019689876841	25.97039377331378	5.0	252.1422079342542	26.769499625219115	14.0	3.46963418052553
402.62761915370703	20.0	5.0	2041.8690101893628	26.170333279444158	5.0	243.3365706064885	27.043954925794814	14.0	3.6298345225124393
456.3268130330475	20.0	5.0	1827.92633145216	26.679002897801702	5.0	208.45989509417754	26.491327648439604	14.0	4.348915269459166
418.81973274079337	20.0	5.0	1672.083512977233	26.65776073266195	5.0	206.33927750702148	26.50476772499983	14.0	3.2541448011972376
413.4781930909192	20.0	5.0	1525.999734450136	26.80794688163209	5.0	197.89506771598312	26.29653607953308	14.0	2.3464726143660175
364.11275868940953	20.0	5.0	1429.3130105458752	26.88506822490984	5.0	195.74551307858565	25.6440050359395	14.0	2.1982744921386153
362.5254931275864	20.0	5.0	1382.923939809628	26.6904515222348	5.0	185.64802452209943	25.733895264072334	14.0	2.4327492746150052
346.56908906936997	20.0	5.0	1307.8704852501533	26.56788473158444	5.0	183.41846255108226	26.10171376404045	14.0	1.8630535588657542
308.29679058654534	20.0	5.0	1228.9863682123705	26.406215109873276	5.0	180.3077640956706	25.51103148557948	14.0	1.7604986659938298
261.6097870977966	20.0	5.0	1174.0552444944353	26.077832942573803	5.0	180.9703461722835	24.715265189100187	14.0	0.7813111329160561
222.459289572247	20.0	5.0	1104.259872432221	25.936980491389125	5.0	175.2599335082093	24.57437278927607	14.0	1.2449332129839277
231.41104825667318	20.0	5.0	993.4679533549684	26.141443976149812	5.0	159.86031422667324	23.953494440658595	14.0	1.0152373720383627
262.13833357376757	20.0	5.0	849.7123045409065	26.29404824639967	5.0	144.71431789237587	23.631191309248106	14.0	1.1000864647048283
263.73719596233326	20.0	5.0	717.2007044456168	26.227413035718335	5.0	135.77064224312096	23.785368434321533	14.0	1.5977409204936641
230.88112598660646	20.0	5.0	624.8918714334627	25.974825311095792	5.0	135.94158795387784	23.227509420920203	14.0	0.14944703155965555
206.70071275865905	20.0	5.0	558.2018434837249	25.80638139545388	5.0	138.9370793533009	23.05970286587088	14.0	-0.4512364961434633
193.60229606236493	20.0	5.0	500.91999709921066	25.623275208500566	5.0	140.8702742407284	22.88761017922431	14.0	-0.14218409993920522
208.7024490380173	20.0	5.0	474.56439714765946	25.75450102722745	5.0	132.55933994579829	23.00737798600911	14.0	0.12958534867839766
204.5961258850616	20.0	5.0	505.65920871901164	25.630678415071174	5.0	127.01429878824158	22.98719408262368	14.0	0.2389792918243214
212.0944070149841	20.0	5.0	498.35043991880417	25.70031878787804	5.0	127.97048286207942	22.486038542034148	14.0	0.037865436639859536
217.88354338830612	20.0	5.0	487.77706555767514	25.95493033894014	5.0	129.01750264426965	22.145782921648973	14.0	0.36513605206254207
245.68514692935918	20.0	5.0	487.8412628816997	26.025892105656048	5.0	127.58700638212854	22.514055556380843	14.0	0.4162400633460958
230.9970552312725	20.0	5.0	518.6400077718758	26.024891587670535	5.0	131.97647955352593	22.71221376917256	14.0	0.3377707603667181
204.038066500567	20.0	5.0	575.5623145808878	25.837334030838587	5.0	140.42305977875392	22.93413010123761	14.0	0.2539310903151342
203.51134704359507	20.0	5.0	644.0855283417635	25.85102501972855	5.0	137.03308202904688	23.065308040774262	14.0	0.3581998845742307
199.17160803912415	20.0	5.0	709.2856687954335	26.108125943365796	5.0	132.81621009535365	22.274867263243966	14.0	0.7857305682602947
181.34764534323747	20.0	5.0	777.1852722365961	26.00763491399391	5.0	138.98425808617898	22.11156131070828	14.0	0.49767521249860963
192.7301472735262	20.0	5.0	798.8956566245072	26.006182851158037	5.0	141.95705485757082	22.16607899753478	14.0	-0.05774832385179936
179.9443599112652	20.0	5.0	825.8870090756632	26.173433344904442	5.0	142.27213977397795	22.247337210046087	14.0	0.11737093932364404
185.8717973490703	20.0	5.0	839.5227642171039	26.25767201317347	5.0	137.66118740270238	22.077531401283448	14.0	0.21434452298675405
192.71806503414822	20.0	5.0	823.8128741854027	26.251690497008916	5.0	145.7105765155025	22.147368957912896	14.0	0.17427953334377225
204.27447735026146	20.0	5.0	852.9218023231289	26.42230004011111	5.0	140.36253667217287	21.583711082860088	14.0	0.6771276766012265
232.20695199442642	20.0	5.0	850.571804341601	26.598590903171832	5.0	134.36061646717667	21.606508868487957	14.0	1.2404570249692684
209.86343107405554	20.0	5.0	839.5437187042321	26.36289268061698	5.0	145.7763425563249	22.037236522424546	14.0	0.2674928879621245
221.39086101246428	20.0	5.0	846.2104474055744	26.296602065563484	5.0	145.80881955706158	22.337341618148876	14.0	0.5089337038694276
212.31072112805953	20.0	5.0	872.3890833501814	26.231733119854802	5.0	142.9660035888367	22.476881885412293	14.0	0.611722946124091
218.6432786619532	20.0	5.0	827.2452324073126	26.365030771475567	5.0	147.4559310424111	22.87821079118083	14.0	1.4011869621551134
212.77315681591554	20.0	5.0	806.7941163098769	26.275922856432516	5.0	150.73053639492764	23.13892416469598	14.0	0.5530730801980424
204.19416038152465	20.0	5.0	777.7474178024511	26.280592335848645	5.0	149.38799853510199	22.60386037678282	14.0	0.20386083867658034
211.15841039375417	20.0	5.0	744.1487275950007	26.248139004854004	5.0	149.7621614603773	22.56784781247904	14.0	-0.06799738284070732
210.37678308522442	20.0	5.0	727.1319030348905	26.10214481390499	5.0	147.20491716332083	22.910609567870814	14.0	0.09614843575037589
172.16200854805297	20.0	5.0	726.3667750273897	25.988534203572772	5.0	149.5749654739848	23.018119282142347	14.0	0.01635524737812178
216.86947564702234	20.0	5.0	676.3538786763519	26.317438921897363	5.0	143.92892232734764	22.854595867105218	14.0	0.260337501942755
213.5098634333181	20.0	5.0	631.5973119486209	26.257459566389475	5.0	141.0406778608194	22.744818131742598	14.0	0.7826704880353333
208.45197896355643	20.0	5.0	627.2128036254873	26.30630569793153	5.0	140.52170840057462	23.011088061168838	14.0	0.13068951884577645
200.65666253357136	20.0	5.0	623.8659802405308	26.526142117547995	5.0	138.21932661955654	22.47040865944211	14.0	-0.24032954335578202
191.42205036452822	20.0	5.0	596.6041874628646	26.522026404827542	5.0	137.11041226000762	22.33927767610061	14.0	0.06757974247845376
226.57949266582912	20.0	5.0	556.0896136478275	26.79126679922092	5.0	131.39989615592694	22.33467691677941	14.0	-0.12185114120495154
201.79908979673218	20.0	5.0	554.9862513553302	26.64917100399168	5.0	124.67184183411915	22.120393850616228	14.0	0.5600364001041432
171.6911656687564	20.0	5.0	556.164591959748	26.432923406942052	5.0	128.25650073864276	22.10276191116315	14.0	0.03890547961367149
187.61704777706277	20.0	5.0	517.4709270324161	26.582593145962868	5.0	123.84732240309546	21.519476362832123	14.0	-0.011287215334412813
194.82996507589806	20.0	5.0	487.9948686349028	26.442329164177373	5.0	114.81249687419329	22.069462303899655	14.0	0.8779931546193567
186.13840787841383	20.0	5.0	490.2840695610272	26.290006757712966	5.0	118.03206268790193	22.173689848312407	14.0	-0.010875026181461057
191.27941928336736	20.0	5.0	475.3096642004581	26.336877642146646	5.0	123.71343628972183	22.19013717553007	14.0	0.29258681106817314
188.28487488214466	20.0	5.0	481.92931601144943	26.133478353839774	5.0	123.71653166286069	22.41289729169201	14.0	0.12193714173995847
200.91503953803738	20.0	5.0	500.03773797786243	26.225767702397533	5.0	116.03253117410367	22.27720726693334	14.0	-0.21075703606038554
178.91264511523366	20.0	5.0	515.5681747305977	26.124281125550006	5.0	123.49782460393476	22.131504963819026	14.0	-0.34388799000076237
205.44546833419588	20.0	5.0	517.0504756612524	26.283635358814397	5.0	126.55686297844875	22.753885542124358	14.0	0.29866137192920184
210.41143042738918	20.0	5.0	525.6946726552831	26.080982633667965	5.0	125.42837105627547	22.861158480535185	14.0	-0.2117607024173669
208.1030506150096	20.0	5.0	540.3129523240871	25.926079961304048	5.0	130.4703744217053	23.123641164062597	14.0	0.32665731186854013
218.4906254353158	20.0	5.0	551.4044813091075	26.163704694533767	5.0	128.57636395178037	22.986332953202993	14.0	-0.0007698131524554556
213.02720477116418	20.0	5.0	591.1870909273377	26.15205396837865	5.0	128.5319662885674	22.639005305103392	14.0	0.35836196177503005
224.59139637231817	20.0	5.0	641.1227242709264	26.105682759844996	5.0	131.22281362333337	22.560499302968733	14.0	-0.006715092506546593
241.07423042527682	20.0	5.0	667.7353915086106	26.075859545578385	5.0	140.68691434834383	23.13483958574269	14.0	0.18042881081606904
235.34795009637128	20.0	5.0	746.4883772192775	26.009533364139703	5.0	140.65260730030636	22.420330006223768	14.0	0.7937813085718834
244.24237182949852	20.0	5.0	816.6028676782811	25.705312000113597	5.0	148.64786484883837	23.03984024795685	14.0	0.8212135364250648
265.503846461684	20.0	5.0	885.6880200023703	25.63876257040468	5.0	152.62081276827308	22.824939819815498	14.0	-0.3036115218242102
199.29055115327108	14.36928434921114	5.0	1169.313439507488	25.089466919001328	5.0	93.90246917957816	29.23256157806683	14.0	1.460173520354708
172.3726983010304	13.668996702645913	5.0	1252.259041467409	24.835996054382502	5.0	97.46814791014528	29.77401141921392	14.0	1.2599026012238757
215.64109383120686	15.104457801800056	5.0	1329.3778322736318	25.138921064829464	5.0	83.04670498123124	28.16124668623521	14.0	3.620418484588471
219.80671634934325	14.084300574280947	5.0	1363.7808459506587	25.065581814951447	5.0	74.26925461129817	31.585907097506272	14.0	3.090651473451661
206.89804722491883	13.667428210502157	5.0	1388.245410532701	24.89799496797757	5.0	74.90373996985036	32.158309435073754	14.0	2.1346627114603747
249.04284099879052	14.51306921289508	5.0	1420.6243894819447	25.151563617975395	5.0	63.17771008460744	33.470930962858766	14.0	2.3407002369226753
231.03279979214113	14.188454074117983	5.0	1365.7115207566655	25.060994157231956	5.0	77.42520594922114	31.49577125907441	14.0	2.329663313196687
267.0846177632733	15.05760374040948	5.0	1323.0156099051762	25.109785060809173	5.0	79.92065228797904	30.606642729796214	14.0	3.442392616548135
243.91673180031097	15.254978765040118	5.0	1308.068093030154	24.9612334177428	5.0	105.22579126838033	28.078312348807415	14.0	2.1892599126441357
242.73548595928355	15.8364632653171	5.0	1248.597588526985	24.968956659018854	5.0	122.49432480043826	26.479193797527536	14.0	1.9294123825031164
285.3668554285038	16.16440199393439	5.0	1257.657748775888	25.083533455270498	5.0	104.29735648596504	26.665763296037955	14.0	2.209947218959325
256.1657441632078	15.680051266814298	5.0	1289.1941019710587	24.810783267937392	5.0	109.6386754610096	27.30280121769418	14.0	2.11416326734916
315.1347225941871	16.893430279124978	5.0	1190.414673368507	25.22078817506041	5.0	113.52605045863918	26.063168651533154	14.0	2.2955415629702376
349.38553964680455	17.650886289302314	5.0	1111.228529700555	25.14152507091144	5.0	124.94713734034121	25.769695871127478	14.0	1.740035052857885
335.4356916569087	17.26549232611253	5.0	1095.9180507345284	25.08681165387831	5.0	122.98794910722698	25.725329455854542	14.0	1.4400145325742386
298.13939580693227	17.427778792751585	5.0	1016.7357417526149	24.92197045749555	5.0	140.43135727699104	25.420000595969448	14.0	0.4592445722247962
506.449752504786	20.0	5.0	717.4205332704383	25.534315791942316	5.0	162.05564170553512	24.326043999183653	14.0	-0.18866269208147743
546.9674279668073	20.0	5.0	672.1240118010289	25.85617265798994	5.0	153.43378948627227	23.84466034254374	14.0	0.5048711444446321
523.3458617601794	20.0	5.0	682.5889401563186	25.52737001207255	5.0	167.61454474413225	24.812101454926413	14.0	-0.4942501688307606
572.9360957449826	20.0	5.0	650.3723795683323	25.70617842840392	5.0	163.74939024982115	25.25068905966835	14.0	-0.2485935418153329
534.3963615685947	20.0	5.0	658.0026770073947	25.584484967004673	5.0	171.40298969252663	25.06129376002074	14.0	-0.13357363719270335
551.5342050976722	20.0	5.0	642.5451261431881	25.803945294724134	5.0	171.3368957014947	25.168892090202164	14.0	0.5449392910873989
557.5837885977846	20.0	5.0	628.5986261763649	25.75342149954377	5.0	174.59855929469614	25.66838315704545	14.0	-0.21498481422977567
548.1569241648887	20.0	5.0	624.6014109458081	25.83163749632423	5.0	180.08506191304585	25.739104853586536	14.0	0.2966330267005409
454.25192500809305	20.0	5.0	690.8433441930022	25.521263916007612	5.0	179.11203123751662	24.883351082464102	14.0	-0.6577269750416683
423.29965245221604	20.0	5.0	647.0606808279601	25.282431126309646	5.0	177.9958740684941	25.28182399514305	14.0	-0.7421927660240755
438.64857057167274	20.0	5.0	599.4312231061996	25.55892470805973	5.0	182.05198527224937	25.196625349667045	14.0	-1.031279337289706
368.8190387678403	20.0	5.0	690.600193640722	25.368969961124762	5.0	176.2215806287894	24.581737929778626	14.0	-0.9520086115854242
312.4522478390803	20.0	5.0	732.5359460576872	25.134489340240084	5.0	186.05147160113611	24.71199876510282	14.0	-0.8710229079896485
287.39034381040403	20.0	5.0	777.0672338038531	25.2980755212144	5.0	191.73810449451176	24.35640826151932	14.0	-0.06375900812363758
300.83313437444633	20.0	5.0	786.991569337283	25.359780793545323	5.0	185.64381203153394	24.990750425597454	14.0	-0.6979531925679618
264.8778150365416	20.0	5.0	824.8364546994595	25.24768017375854	5.0	197.2073070764827	24.95048092249827	14.0	-1.0610288643084484
263.6387679890662	20.0	5.0	858.8520264290305	25.343793674268163	5.0	190.7412875745162	24.26508060353936	14.0	-1.1435743947195638
327.8780974725913	20.0	5.0	839.0878074613353	25.810440151866544	5.0	178.1578348177593	24.494963215303994	14.0	-0.3819315689736776
327.12081135463995	20.0	5.0	840.7254944346224	25.800018588750284	5.0	189.37692505002852	24.12021587613497	14.0	-0.0034289675141753995
302.347254482536	20.0	5.0	898.6463722399754	25.881435485629112	5.0	203.17245949645428	24.281020869852597	14.0	-0.4933644790371139
326.7100366513724	20.0	5.0	947.2370239359245	26.139989514615777	5.0	192.79265452428336	24.217117503144753	14.0	0.028651436746709807
347.9594270203672	20.0	5.0	958.0141233052753	26.207714538732194	5.0	196.6497611201095	24.482400608430726	14.0	-0.029180703338201074
324.6237131451932	20.0	5.0	985.4694765285243	26.364203058872313	5.0	200.77676545586144	24.420777026021497	14.0	-0.7859944410431589
343.72325632943114	20.0	5.0	980.4692755941313	26.9018283763277	5.0	194.41426525078066	24.091375014698347	14.0	0.821346185465268
355.9550429221505	20.0	5.0	987.3597710746501	27.071794732478637	5.0	209.03695759202864	24.75070324208506	14.0	0.4142551895753577
364.62394807561094	20.0	5.0	994.7062690182094	27.44107157105215	5.0	211.23844315302705	24.431556993520793	14.0	0.4729129252924488
409.53185288945895	20.0	5.0	986.1146528398697	28.02784552463975	5.0	207.7509926241181	24.551037916357433	14.0	0.9121718673054814
369.47267587471373	20.0	5.0	989.7651727437755	27.937957484253722	5.0	221.08532725407554	24.530578226638866	14.0	-0.36611960728430565
400.4234488146138	20.0	5.0	1002.5146426191156	28.26945141430489	5.0	212.5272785173953	24.633482651765114	14.0	0.8206726962657942
429.7103091381811	20.0	5.0	1011.3681466317486	28.549530245009144	5.0	209.95207092094324	24.450166302247453	14.0	0.5462427311179506
403.3528486560115	20.0	5.0	1099.4889515929408	28.452032548165807	5.0	212.12786080187894	24.120877939272926	14.0	0.2381394890663066
412.3368938325008	20.0	5.0	1090.4054069774018	28.450086558924653	5.0	216.84649917842734	24.103801120906194	14.0	0.7627523900492332
458.4508897517321	19.750021146004514	5.0	1129.9823492777446	28.654504459508495	5.0	208.297072119407	24.48306132640504	14.0	1.791209376554879
464.92388674100744	20.0	5.0	1125.6954952080182	28.621031530753612	5.0	219.049304347709	24.198553381832212	14.0	-0.2604330266404903
433.57216256190026	19.879552618477096	5.0	1108.4215669944815	28.467456158296734	5.0	229.64506214668702	24.5352510950637	14.0	-0.84259761789575
511.6283732483793	19.91097996691711	5.0	1129.2682683807755	28.757614559754437	5.0	195.73997926372166	24.026267585421348	14.0	0.693722993468712
464.46207501554215	19.667193723741633	5.0	1104.5870026121022	28.55700783458172	5.0	208.4665893026754	23.804886451409008	14.0	-0.30292790521914437
473.9893966036038	20.0	5.0	968.5159398277358	28.371641215057277	5.0	225.61868497887727	24.559160998826805	14.0	-0.24106796788832988
425.31240980632106	19.680059465247396	5.0	960.2717757431095	28.113141460161295	5.0	223.81212123021695	24.52600592106024	14.0	-0.4616408193690378
453.87994440981635	20.0	5.0	908.7265742808673	28.31379946035392	5.0	221.08704449234872	24.25303414586494	14.0	-0.9108127320088208
451.3163594417456	19.72787453616552	5.0	862.5040405612328	27.9502656517764	5.0	217.2057864027006	24.760795425900845	14.0	-1.161368486138742
483.7071163722211	19.945919527535086	5.0	820.5464793404371	28.10500277533105	5.0	207.2198756240876	24.393273619641686	14.0	-0.43903962917923867
428.9834318746128	18.723224467923316	5.0	949.1185291369175	27.6651493426059	5.0	185.99135567633616	25.135442066312265	14.0	-0.0006517534516983729
420.0180645084911	18.953967551420792	5.0	853.4396780463112	27.50252289548137	5.0	212.40013418001172	24.927631436154606	14.0	-0.16474604320866115
461.821700391021	19.519521146188104	5.0	771.8387169620387	27.94522157107819	5.0	205.28315122332737	24.019457817207705	14.0	-0.859639143403046
468.1402992492051	19.471727603214614	5.0	790.5106715463969	27.604888426119636	5.0	187.23542051264522	24.52154515178947	14.0	0.39059218290907266
451.09940662734743	19.68863634348237	5.0	799.2280158979635	27.64879729759582	5.0	192.36354488729708	24.4550459163626	14.0	0.502970587525236
402.22669994776516	19.447026930481876	5.0	755.8551691162812	27.23523303317833	5.0	212.3861493481873	24.19456455991196	14.0	-1.1815588804711588
390.45823192151073	19.51543089999831	5.0	741.9296935914185	27.114292720119025	5.0	207.2137951618101	24.238795467097926	14.0	-0.11507605132402461
363.40222456390404	18.729965042643506	5.0	799.0434397641711	26.747698464819454	5.0	189.48833941974218	23.846082390356077	14.0	2.5041514356993826
328.5952359823324	18.258955757462207	5.0	768.1352966254493	26.257859117087744	5.0	201.62732620007446	24.685507939678864	14.0	1.1430343982812525
330.01352051935163	18.343942359417003	5.0	785.2707147292459	26.313389797637097	5.0	200.66390422290644	23.961132159594424	14.0	1.483973955289913
301.84414827690466	16.9682440215994	5.0	846.848207327671	25.95066565997527	5.0	198.73656390920308	24.383919078004677	14.0	-0.42751196726784435
270.14769690662433	16.232753048635207	5.0	910.8932915099203	25.37638631260941	5.0	198.27713346789048	24.85084374365932	14.0	-0.27939531190827727
326.0991026634513	17.643861589252428	5.0	906.9077361298073	25.675556958074925	5.0	225.48245537165477	23.75474148222506	14.0	0.2637388041149438
307.44460879587524	15.986738375920611	5.0	1059.2238919923482	25.27304735510357	5.0	215.50938028742016	24.37406325691381	14.0	0.16393075683336625
307.25355924591616	14.89232314837107	5.0	1213.55506518425	25.042400541364877	5.0	218.85802222114563	25.068131205286033	14.0	0.8594897971653284
350.16188739493293	15.761576344732706	5.0	1327.1753587131473	25.26391343010065	5.0	223.357923240897	24.13919803488817	14.0	1.4653855437208636
378.8458159234869	15.662870749541169	5.0	1391.4361593604995	25.258361831907717	5.0	240.1856173810799	25.01044492638761	14.0	1.4307662389372704
446.09410360690083	15.800453250408642	5.0	1532.012240190753	25.273402064343973	5.0	237.32459783065	25.493277052752212	14.0	2.5666152277359613
478.47029051472094	15.928636906467656	5.0	1706.59162204805	25.1258314416224	5.0	263.2890636860313	25.373373542438937	14.0	0.5532205358738458
575.7590406988271	15.849299358747677	5.0	1799.904821574072	25.208631981749726	5.0	264.5440264982251	25.412275268258096	14.0	1.2181063668306096
674.1451887546597	15.875377282873353	5.0	1847.107928059705	25.152908947367894	5.0	245.85012520166075	25.75946609597967	14.0	3.0379581246513476
698.3210693327707	16.188596776583054	5.0	1795.1020476323272	25.16865010780769	5.0	275.39357334147877	24.975638299793804	14.0	1.585424471964982
725.4673510553464	15.693563140147115	5.0	1954.0142232052951	25.16298527010116	5.0	236.7376892864796	26.106847416065698	14.0	4.282485802814222
848.7669138863157	16.05435813534463	5.0	1876.1108866630111	25.302664142760687	5.0	254.73147038622517	25.378354932322953	14.0	2.874235661066192
836.1525679352656	15.888209985170334	5.0	1929.9637313431685	25.23522624299906	5.0	270.4648323731234	25.971739301426723	14.0	2.3360954042424447
872.2922804984693	16.251546413445926	5.0	1874.195627670444	25.248853431885884	5.0	295.9906052129553	25.595733944460804	14.0	2.2023832190157013
865.5341391948787	16.334295651118474	5.0	1834.446925621442	25.006803515335953	5.0	346.3626055504761	24.697696139342796	14.0	-0.4520032898306124
820.7388072227063	15.595122046815757	5.0	1989.0483799854626	24.63873978336454	5.0	319.23141397734605	25.581412518979814	14.0	2.4216310798078373
917.2499506865513	16.42167657981956	5.0	1871.5691647961953	24.767560677197743	5.0	339.85869912001067	24.778265184249893	14.0	3.3795668380884987
894.0755599617169	15.878310057917625	5.0	1999.483391027229	24.45580168205454	5.0	328.9439737969141	25.41640524459838	14.0	2.359222262109485
857.7427794860562	15.464931893248108	5.0	2037.0604538178607	23.92205902854449	5.0	348.05564586661944	25.550881872028288	14.0	1.2733075852046702
922.4185758696834	15.447602390776305	5.0	1949.473461000872	24.01995116586535	5.0	363.8257201583401	25.662301302820993	14.0	1.2488711199072955
917.7080025656612	15.183360621225756	5.0	1956.6818835870647	23.977367562973775	5.0	366.8297165416974	25.215515668826484	14.0	2.6611178579879633
946.9652390832558	15.452750077020005	5.0	1923.9347225970482	23.707006458638592	5.0	396.23112831325454	24.741406545897476	14.0	2.8025777039394453
1117.4669951244316	15.992534614871632	5.0	1751.5191801013154	23.925678129418984	5.0	433.1119506741346	24.04095373973921	14.0	3.0727630165506064
1084.9390175726069	14.617141342681778	5.0	1936.9055972726837	23.28808636212326	5.0	401.19217829915334	25.752384782751626	14.0	4.020264702388155
1254.860031521524	15.219279143901572	5.0	1700.5036916780346	23.58411632219176	5.0	458.23662207204063	24.915298887736913	14.0	2.120423039613972
1368.8264752744922	15.344866565400938	5.0	1661.3648434320946	23.685048419300138	5.0	445.5633725997801	24.583582126463053	14.0	2.2755696958011633
1363.2256832564083	15.3040823739388	5.0	1668.3357847665022	23.44894408711347	5.0	476.400366490852	24.636523341688275	14.0	0.7989335060319833
1424.7701918669065	15.065118995472616	5.0	1641.0486497847107	23.459468924398248	5.0	471.8945219324757	25.07772010048319	14.0	2.0371227092205193
1449.7549555623427	15.239123375804699	5.0	1634.7684337578405	23.381275905703635	5.0	450.3280283058599	25.305770983221954	14.0	2.386142904057818
1353.4341879874476	14.716899715062276	5.0	1711.810028062113	23.04907217105605	5.0	436.10954612236753	26.102121981457998	14.0	1.23845361947601
1425.6635044835823	14.946428503638309	5.0	1643.684222290456	23.188047003526293	5.0	439.2832810147539	26.021962968412872	14.0	1.2893832770367524
1306.8535240106853	15.203004167677086	5.0	1569.8807972937645	23.05785869117384	5.0	456.114486828648	25.380973710539223	14.0	-0.16835988255006673
1391.5288280960422	14.899081408996604	5.0	1486.1218511420032	23.44890138552756	5.0	392.77456834682664	25.968198285211095	14.0	1.9758443663259135
1456.2895210578765	14.833051590732017	5.0	1360.4778662622539	23.858580702809245	5.0	375.35192605821635	25.865779528388913	14.0	3.4606024826800525
1399.9000642758183	14.914877414587002	5.0	1192.6787983526044	23.95754271419925	5.0	384.88299006115744	25.541218954690773	14.0	1.7632004842880624
1404.3755854093881	15.090098538989954	5.0	991.0192909278683	24.250024762378523	5.0	389.7096963408813	25.464995080549667	14.0	2.175743473207495
1318.5529511090174	14.658972053692711	5.0	851.179984164505	24.232347072363055	5.0	396.20108210985745	25.786787901492374	14.0	0.724133231055687
1259.515200033149	14.593253119721322	5.0	771.6507896143377	24.13045484694766	5.0	420.88119350994714	24.68152213481283	14.0	2.283544211439121
1286.3737032567485	14.621109318429882	5.0	673.0164636209186	24.04782707350656	5.0	435.449143508466	24.51193218241236	14.0	1.479460761968986
1220.6598909356537	14.303638185419008	5.0	724.0549746881651	23.95663097156616	5.0	398.43280905473506	25.472922559522896	14.0	1.8805777174669869
1156.513674331946	14.4864696587279	5.0	783.7620432829815	23.748184427794353	5.0	382.8369785020982	25.464418203219253	14.0	1.578352626942095
1131.7631664213966	14.604554473803335	5.0	678.4247595504871	23.538281534942417	5.0	405.55641765460933	24.33635576503056	14.0	3.3223551037801866
1082.7341997904991	14.015608339673658	5.0	751.348088754769	22.52785839662635	5.0	373.88893409719174	25.04666257980508	14.0	8.829316947792327
1178.882315070622	14.6484851787633	5.0	652.343232476923	24.18187660697382	5.0	373.37073848581184	24.843281205055934	14.0	15.945890686238725
1113.8542213058035	14.321892709448557	5.0	626.2756340410879	23.53926027544364	5.0	376.1957586017098	24.973107639011264	14.0	31.683906495624907
1141.3140867655147	14.282492068880085	5.0	606.894631084294	24.078245960271307	5.0	363.23248612107835	24.82171417236012	14.0	44.2953789161371
1174.8392386429948	14.643972688850624	5.0	458.71778666927764	24.461946192770625	5.0	387.8167948875028	24.59698380187737	14.0	40.84867143404872
1221.7799697865048	14.389342779759726	5.0	503.9506947614748	25.167487328958416	5.0	338.8462710364794	24.66819376875933	14.0	28.0062956769287
1270.8601932920249	14.610749541994661	5.0	441.2340189985375	25.148017347147277	5.0	334.39411240281765	24.80921415737476	14.0	16.389385375265558
1215.8032438221362	14.872336257778697	5.0	360.54309643172246	25.730447348743557	5.0	371.63311067509517	24.247441236550262	14.0	7.8094453536900055
1250.7754423379854	14.498636359374796	5.0	408.77594195862576	25.24896292669586	5.0	336.6087993047859	25.083260932096465	14.0	5.3645351235002785
1204.0799841041544	14.410372545599197	5.0	443.59479396973654	24.67146972610748	5.0	327.30995496737614	25.385258770708266	14.0	3.11915848762826
1104.4370096979887	14.556501295361905	5.0	441.29584438046766	25.098043335432777	5.0	325.8623513199319	25.620740315387575	14.0	2.330465836313373
980.2287978059313	14.553513088359846	5.0	369.84410786485995	25.246748749125807	5.0	345.6059228222906	24.649694629832524	14.0	2.5451212546811686
968.119268712598	14.435791661705895	5.0	438.5449686326282	25.48132039077656	5.0	311.88370669208564	24.980164820933847	14.0	4.572905349232943
844.3178299133473	14.007288485042979	5.0	434.0305941453754	24.35051544737105	5.0	343.0175290554518	25.74360174740526	14.0	0.7052319077455261
844.7100856045148	14.283930641523526	5.0	420.5491342877374	25.413716304674132	5.0	304.18082942589047	26.21184188110494	14.0	0.9359590123880693
840.189108833329	14.757984817918661	5.0	376.31124117951754	25.94697593043357	5.0	289.7786351195729	25.87205326909859	14.0	1.3806798381984955
768.9653126838997	15.15651984184996	5.0	318.4182262812429	26.437614924335662	5.0	316.7668793350501	24.614770815689848	14.0	-1.5801789448884889
745.3753886366417	15.134590120957261	5.0	282.8134057516245	26.10235296201359	5.0	324.44674932925744	24.856557906230957	14.0	-0.0390111400417118
