amplitude_0	mean_0	stddev_0	amplitude_1	mean_1	stddev_1	amplitude_2	mean_2	stddev_2	amplitude_3
660.0841309823998	14.562692404294033	5.0	319.04454870351395	21.699726083240282	5.0	614.1239027942501	20.741054683526645	14.0	-3.6510676258171983
638.1680753975944	14.126906620580327	5.0	428.0799675971523	22.482814911485796	5.0	550.9763011911057	21.846812837906032	14.0	0.43564129451264044
694.0405447079446	14.646356215203701	5.0	404.0169887648218	22.952829765860628	5.0	483.93642150553086	21.498778833301	14.0	2.2474392203178195
403.69776668554204	12.866312831443771	5.0	568.0053141834854	18.592785268539423	5.0	583.0720978082376	22.71901021668055	14.0	-7.621376498887476
376.4095145183137	10.188488110516351	5.0	795.7612352669653	18.87156960875271	5.0	508.13099447811385	22.873362945960118	14.0	-2.3221237558973127
791.8783875146518	14.622289114990622	5.0	295.6700269790793	23.680958432375803	5.0	536.8086623447618	21.262814906953764	14.0	0.30985443678037683
706.2905314483542	14.860818360743378	5.0	351.6095087270234	23.28111658328901	5.0	529.0472049985486	20.995203191058163	14.0	4.256953470077377
575.6950309009663	13.476048977753248	5.0	494.45756086662317	21.26849286709245	5.0	538.3938090956789	21.248506453471755	14.0	-1.842259261886021
392.29725545594573	12.124901852754531	5.0	695.8444266481026	19.477250503899626	5.0	505.60485055905616	22.450330386188906	14.0	-1.0069406384120392
417.6439538736922	12.289130530482256	5.0	668.3572481090416	19.665469053401733	5.0	514.0618252638018	21.50226902207574	14.0	-3.0163602227144133
438.57416276035644	12.399133166434693	5.0	669.4517590173411	19.620322570192958	5.0	516.3376756578382	22.1852463627021	14.0	-2.677748246985286
821.6040983858336	15.368803519626503	5.0	267.2668179241523	24.571939350113755	5.0	473.9071703677298	21.22893060300505	14.0	0.7097166837850704
824.4477460542587	15.367916376455748	5.0	294.240507002739	23.657564205736882	5.0	474.15434352940616	21.73879567946005	14.0	1.3525870946739005
905.9729710639177	16.19464183946558	5.0	129.29713925145774	25.53105207844736	5.0	499.4950936952999	21.72308099973659	14.0	2.2415528504080573
703.5034883669049	13.848553455050704	5.0	484.1402550694536	21.53635659495203	5.0	461.39783177969207	21.434078770827032	14.0	-1.1764856498314098
813.2676004718421	14.911236439318733	5.0	350.3591308722416	24.266977459205673	5.0	448.0523225435094	20.56741152100895	14.0	-1.289274018520622
953.3317592052047	14.848328476023473	5.0	210.7156821085058	25.302274865877695	5.0	449.41676888541764	21.629572355484182	14.0	2.4149218724397907
822.1234681096773	15.14487771478091	5.0	257.6968134268307	24.09896714282103	5.0	485.0665408471172	20.696513406148245	14.0	-0.5271992642062437
932.3242393456903	15.032456982275237	5.0	223.6415550570321	26.487467120579268	5.0	445.34105609734985	20.8705191288406	14.0	6.41426047753672
861.2608979708754	14.133810134105875	5.0	269.4407774703418	22.668778961265932	5.0	435.82969011216625	22.49023610098694	14.0	5.3138968842709335
969.113133862901	14.181257836034929	5.0	275.528764191402	24.675982818372542	5.0	426.37202394247606	22.69564326755071	14.0	1.6272106563519952
975.4897332929901	13.660393123063033	5.0	394.52812050820967	23.540316094051786	5.0	398.72755532279535	22.788390492912395	14.0	-0.10197757212114335
945.9753690966566	14.137757020112506	5.0	289.408933103676	23.5845520067715	5.0	448.7971004166688	22.625774748548736	14.0	1.2994161607072758
992.3066476092514	14.779819737934634	5.0	221.3465391343551	26.27814197367107	5.0	454.9245697749886	21.359789510772032	14.0	-0.6442028949796437
1009.1445477946294	14.325314129882306	5.0	281.2263145353728	25.94984895705418	5.0	403.6855311077596	22.097368745460148	14.0	2.0526898720900966
959.7279618571245	14.470863410702481	5.0	281.41164165761234	24.005113912634222	5.0	436.6222681968708	21.971705249676667	14.0	1.286998786420969
909.5559193687459	14.241713250576291	5.0	322.94010173984105	23.425133411244314	5.0	422.10626593133605	21.685554701196693	14.0	2.947062075779867
973.2533931102236	13.788408444284459	5.0	393.3165037492033	23.277423824968185	5.0	366.6009086294572	22.531430537891367	14.0	3.966672992980038
786.1361906747669	13.601758617617566	5.0	371.9193739203268	21.489998828238253	5.0	474.41422758310125	21.898820119529265	14.0	-0.584607385923992
905.4165633584314	13.58274338534597	5.0	367.67581688603775	24.084008812137302	5.0	415.2624497152954	21.95772102293453	14.0	4.804168746764357
843.5564853175184	13.24585914277998	5.0	432.2556871586318	22.049112535765598	5.0	422.57740326469064	22.104637497071415	14.0	4.278810641265927
917.6867865300276	12.90180477245649	5.0	458.9028793499193	21.73463628038831	5.0	390.97529896942245	23.540509358425993	14.0	5.1603828050734615
272.5851654578718	8.467967365125817	5.0	834.1705748378889	18.04937798782886	5.0	495.7153622833457	23.460510770625984	14.0	-5.319269711245287
784.0084113284582	13.213713890986194	5.0	432.18439949773176	21.511405586124102	5.0	486.05439564867453	22.776901592147635	14.0	0.8936567138992758
957.6912703917874	13.510330485713395	5.0	270.2661409132883	24.891523217298182	5.0	457.83069414322256	22.373090327368377	14.0	2.2713569960203195
800.8624286647797	11.93390288804291	5.0	561.4713757588181	20.43630867457864	5.0	462.68644581074074	23.554127925466293	14.0	2.0092898607516334
956.1851174370777	13.050451805412285	5.0	384.8151759614726	23.059435587133372	5.0	476.92012536124037	22.613206993041395	14.0	2.984155525897623
972.380813588155	12.32076841114506	5.0	510.5703785366817	21.876972128927836	5.0	467.65497584397525	23.63281069821608	14.0	2.6738697911321143
1148.9593822880715	13.121873422189683	5.0	399.36091595473954	23.599913381697547	5.0	491.7415928210256	22.59013044972792	14.0	4.917792068125763
1179.1773724153713	13.243565372581482	5.0	409.61357009609765	23.848483004995906	5.0	500.0555197253582	23.102063144753128	14.0	0.9304268302430659
1214.2019591008936	13.037496131673164	5.0	381.2489019578636	23.307525716647195	5.0	509.4067245999952	24.270672205155446	14.0	0.525959298850047
1222.9318731156457	13.380608852678666	5.0	373.54042068936747	23.364623951404226	5.0	544.871633856842	23.789434925836005	14.0	0.4187197106652453
1297.9070097898225	13.075344442424766	5.0	476.54020555908295	23.934135674644374	5.0	526.4726185893779	24.696851840410417	14.0	1.5965740629995535
1379.988641114723	13.543288028558475	5.0	375.4854873889327	24.336704227864736	5.0	521.9267558065443	24.39309873522818	14.0	4.304727435875135
1484.0810139613066	13.486273496702646	5.0	386.7071434483125	24.899336300704846	5.0	483.00137866375184	23.998185098445376	14.0	6.429347635335897
1548.917822609139	13.478046069131839	5.0	397.0727106377757	24.617138710457365	5.0	470.09686909092574	24.914250585349954	14.0	7.020710071559095
1615.4385132713564	13.413434668967028	5.0	427.5982051334035	23.60361965326822	5.0	486.0508245405233	25.1709712014112	14.0	4.12249567597527
1649.359255804352	13.642709973127976	5.0	389.1340566792216	24.443245873952318	5.0	480.1123938138882	25.31502013245339	14.0	4.662164209848188
1702.8280070070432	13.825417496799274	5.0	450.75344659696674	24.8472941493857	5.0	450.1733045486957	25.25980909218184	14.0	5.427965113278657
1778.8138049504005	13.899325462148692	5.0	455.2406422386728	25.105457996683477	5.0	455.1421257528329	25.679316213474383	14.0	3.016253220798475
1722.8656531332	13.546690393437842	5.0	545.3411932662992	24.8333130548681	5.0	450.29207386181395	26.12729961092346	14.0	7.33836757273673
1733.480811571827	13.959958537806981	5.0	369.22358805243573	24.553896131798716	5.0	549.2837275961347	25.716744618609113	14.0	2.655569059964961
1780.1638993360475	14.300743053929692	5.0	379.66579567701325	26.81742389445047	5.0	533.5250258672393	25.060268491385326	14.0	5.045859813980735
1789.7523138834376	14.46929113551489	5.0	312.226374624568	25.946913559854114	5.0	615.8446798758442	25.04357628000284	14.0	2.2060281989883896
1771.2210863199118	14.297107888031007	5.0	322.95541293486633	26.386635385316538	5.0	612.5253706482526	25.000695399953674	14.0	2.2075172417033464
1776.620044618127	14.322340118406872	5.0	337.3531545320119	24.85149282280774	5.0	650.1032324539459	25.896890491066532	14.0	2.8356086950296095
1840.3423866144315	14.618165312242107	5.0	365.84858681951266	26.760433759043188	5.0	668.6492873318733	25.589341749204923	14.0	5.6006571385587005
1726.8851565510167	14.362814886621413	5.0	376.37996273697723	25.560068172063612	5.0	692.1481789509335	25.932793285495066	14.0	3.0994787244685678
1785.0286121231322	14.419917748112413	5.0	379.3867409112887	25.605739743161543	5.0	746.3918098944938	25.998368394046764	14.0	-0.35749593899423604
1945.3651883854188	14.793857493732958	5.0	342.8736589314393	26.208558418480745	5.0	749.4426103569035	26.143896250485813	14.0	1.560391757311437
1956.6531899354366	14.74540590760261	5.0	471.0083584442097	25.877532440983806	5.0	675.4874945484812	26.93137562481158	14.0	2.4113956430681274
1898.6277328868425	15.02063409543245	5.0	324.1486570591893	26.777704850855457	5.0	779.8351456027938	25.08808804793379	14.0	0.6750479188170072
2058.9086872599746	15.165491244414936	5.0	389.62728613248737	26.301439115849096	5.0	735.520618506999	25.628721760921046	14.0	4.123489309033541
2077.6588800119334	15.074121850761788	5.0	448.3268340907919	26.695674276060114	5.0	707.2645739348561	25.092360224191843	14.0	5.7913349910474
2102.7881013099573	14.959424193197323	5.0	495.1785622694112	26.1557519747631	5.0	684.5253473191434	25.062350248041874	14.0	5.090858097041264
2118.8026533631783	14.980388684829268	5.0	532.0932299289371	25.13001834122189	5.0	666.7200368634066	25.03692482482247	14.0	3.3780103399614836
2237.275948822795	15.006534689184301	5.0	580.0867643744441	25.697059690014534	5.0	610.8287809279223	25.412947835130545	14.0	8.866822327521948
2143.8950370815082	14.758544033948015	5.0	698.782037297897	24.993800737262386	5.0	597.2899129330516	24.726863316327997	14.0	10.41236605136199
2285.601428424185	15.203301970538938	5.0	613.7677864493603	25.643194179916783	5.0	601.7256952988934	24.67741344982407	14.0	8.662179862121869
2279.358374914875	14.960202872027914	5.0	661.0511471548236	24.58340120625459	5.0	608.7924216426464	25.304556481476364	14.0	8.404160523376174
2300.3214240496313	14.98474699223299	5.0	720.3022746301322	25.05879680851845	5.0	600.711153365526	23.88180716665475	14.0	9.955251446580156
2540.0242202854924	15.423768065623852	5.0	646.9411782828149	26.402149709644505	5.0	583.206767339574	23.874274113691243	14.0	7.615123211387076
2419.5480707002607	14.930214706507973	5.0	749.286339503042	25.282906886060754	5.0	608.1815022764958	23.86327445857673	14.0	8.296009312016642
2575.56558903465	15.540516073802713	5.0	676.7532460456615	26.54929457264731	5.0	581.7286425089476	22.94606184040219	14.0	8.979056735998713
2531.341802548761	15.28730123319642	5.0	754.1765119485898	25.989733455204522	5.0	599.6066504010712	23.904892362877085	14.0	9.4378721417699
2505.698445425005	15.497496796394087	5.0	708.1922113884483	26.21811268136333	5.0	619.3366538555821	23.185625627340123	14.0	10.550156497617312
2706.8191802038573	15.630588936369472	5.0	715.7213616409912	25.834237541677663	5.0	582.8877738485024	23.82859067162884	14.0	10.569955341946352
2726.393665960356	15.891814274891985	5.0	679.017000390926	26.236369709291303	5.0	646.4570967582912	22.719349252073883	14.0	10.13120853541729
2464.2942942739523	15.27802371082037	5.0	831.6690383457247	24.123479185377047	5.0	702.6397563407354	23.031757210536668	14.0	7.1549070320925665
2520.6005290365197	15.325935007260615	5.0	903.0412882439038	24.082206588687086	5.0	699.4523577495329	23.553136035941243	14.0	9.498036215913274
2660.8897517633595	15.719301429836209	5.0	740.3225733439912	25.55878103922668	5.0	720.2327318850893	23.044183005782717	14.0	7.811706477721271
2685.4037615357543	15.499750152826532	5.0	917.9812568218492	25.72282311402924	5.0	671.8668150359373	23.136677610092093	14.0	7.101353503041431
2780.576594002411	15.645631187528418	5.0	879.5801010771768	26.426678897151216	5.0	722.3427430823334	22.977793421429112	14.0	6.399406976919396
2822.7909552147735	15.732677688420672	5.0	913.7899017826726	26.81485020765395	5.0	731.9160347152006	22.827319737423817	14.0	6.401754575532029
3051.641200754207	15.384683183163945	5.0	1139.29821188166	26.178521794094607	5.0	634.9381408201411	23.610324593232363	14.0	12.340037369843115
3142.567260234543	15.0434641674528	5.0	1367.7228206704401	25.803011566867028	5.0	596.6696039114196	24.84934998488874	14.0	11.775097471332021
3333.9939245127484	15.04815694891149	5.0	1526.1036802989456	25.847656509402345	5.0	549.1648352519345	25.416937087020404	14.0	13.066470060339219
3353.0054261240725	14.810112970655805	5.0	1734.1848268106958	25.965337109990735	5.0	512.3910545784108	25.181508234076766	14.0	15.849352674068209
3526.1976258961317	14.619248198586623	5.0	1825.0653103182808	25.857021053963553	5.0	477.03521170183814	26.363751748344146	14.0	17.94084109209883
3679.654455903169	14.374258628928525	5.0	1929.5362220215964	26.095053543374114	5.0	402.4807700734423	28.374965783442935	14.0	18.268907271910233
3861.944484016448	14.260712894159212	5.0	2212.393539351693	26.008423946579924	5.0	271.22486238898284	35.31732654035579	14.0	18.707902400584018
3740.851228602202	14.078670495355498	5.0	2335.754885919306	25.562991414749625	5.0	269.47793780188164	35.43055070883346	14.0	15.207731213121845
3723.230102056697	14.03825470206796	5.0	2578.1645327614733	25.399073727306583	5.0	264.6966799259627	35.15122686112737	14.0	13.909605730812883
3697.802661245456	13.92311598004373	5.0	3022.72812710694	24.944488311443422	5.0	229.39865887098617	38.586047291997	14.0	13.92246241829874
3784.7690046801313	13.8448509214987	5.0	3201.8038528113198	24.90240002068112	5.0	237.01023645500638	38.58891360189266	14.0	8.534030378212039
3835.6029013000443	14.123329888015908	5.0	3287.484221506472	24.40391187541534	5.0	222.4701993048114	39.57984775283334	14.0	11.021151210060793
3749.056964393939	14.081958851712743	5.0	3428.784373600127	24.239189072590033	5.0	194.9305586453514	40.0	14.0	13.245622578549739
3611.992968479302	14.0577890435917	5.0	3436.5661831987586	23.914239298827834	5.0	221.2798156687204	40.0	14.0	9.52959388460664
3563.5833576762743	14.14231585270701	5.0	3198.714932226877	23.449281027923504	5.0	278.0033772957584	35.681288348442315	14.0	10.734867695243656
3521.3327307934755	14.455801487564631	5.0	3096.4356419145256	23.334854770913616	5.0	306.70958483431735	32.266230381004526	14.0	15.11560592609426
3599.6733949367663	14.267487474551345	5.0	3050.028643987636	23.096366643793456	5.0	306.8371106523101	33.10391253153479	14.0	17.705303350498877
3506.1428134605785	14.374660384929143	5.0	2941.351981640917	22.938472273814146	5.0	341.3579956232702	30.1925764538853	14.0	17.953950424127335
3716.751337672563	14.59551000881212	5.0	2917.53024908695	22.95787737216603	5.0	347.4207496846998	29.924849569573002	14.0	16.17873011523036
3538.363196004944	14.507716090789634	5.0	3013.9984846212783	22.537083801577115	5.0	370.4713193011437	29.667810276259335	14.0	15.49229859524694
3681.866583330803	15.122449521951191	5.0	2612.1455992648775	22.63904296579734	5.0	459.07581982450284	25.186017896864573	14.0	18.052729959725454
3646.4584663553155	14.87908066188701	5.0	2883.7407891737876	22.478571106066415	5.0	427.04197873677793	26.140436351353813	14.0	15.660805453309314
3355.5813908772598	14.478881452837001	5.0	3270.9423850339413	21.92181703366	5.0	400.3792962945511	27.74653727482665	14.0	15.693682133729757
3582.636491922554	15.074058299727282	5.0	2835.997993388765	22.261722590325093	5.0	442.7804555195728	25.51202148252158	14.0	15.954330057677684
3336.185683946143	14.884990854462755	5.0	2835.6101684147598	21.84735253422928	5.0	493.4384418631937	24.371458841651414	14.0	15.839890155344285
3427.592413593969	14.896430779356386	5.0	2941.3674424054143	21.796116409026645	5.0	480.16824257933524	25.578669706539422	14.0	17.36968059611437
3629.73676928577	15.375324973569477	5.0	2628.6207940076097	22.192780341741422	5.0	481.0369686156437	24.022544986183707	14.0	13.504776768779436
3526.024723663792	15.061486253039027	5.0	3011.897590180643	21.508007656807806	5.0	437.9767387442967	26.11224673793499	14.0	17.610855499622442
3103.053693404738	14.607690717994984	5.0	3448.553299463095	21.084437274235658	5.0	447.85478855860765	25.793713085570545	14.0	15.658841081364008
2666.338976975114	14.19657762195255	5.0	3923.2745025233944	20.36395645343373	5.0	480.58584910466163	24.528360746894162	14.0	15.17307963305822
3495.959147448659	15.132101514380116	5.0	3267.957705219171	20.68848153405646	5.0	493.0245857167509	24.172955181520496	14.0	17.265760360380753
3531.676029388538	15.269472781643717	5.0	3188.666687637098	20.399166834992993	5.0	555.0664758083113	23.414452547846444	14.0	12.401977266025463
3540.897185436381	15.529612215077305	5.0	2858.6816252638578	20.455162900926645	5.0	608.909824234783	22.484643442467593	14.0	12.269453628274265
2543.763966099931	14.283172419812267	5.0	3661.0783236650877	19.580017796071704	5.0	507.4149539623466	24.238639799920133	14.0	14.342881408743432
2453.4670174315584	13.968665187244255	5.0	4104.933486097031	19.35584845354779	5.0	561.5203671746667	24.213523632051295	14.0	14.56005357734357
2763.131539211104	14.75063106587449	5.0	3285.7693564449232	19.3857724868072	5.0	567.2425438253529	23.83681162313398	14.0	8.833277112517202
2063.881107094834	13.433566863621367	5.0	4287.773496687815	18.966882050493393	5.0	530.6542152853876	25.182952224122335	14.0	13.520446991518332
1571.8826597438572	12.27710178241559	5.0	4992.675482895768	18.30845790211608	5.0	556.0533716042434	25.96988168312442	14.0	11.01847821150115
1514.6024969717096	11.79566622544092	5.0	5538.090504031221	17.943288423304075	5.0	538.6974985600874	26.070843392794334	14.0	11.561599293184836
1486.0993235733088	11.291902174232954	5.0	5677.769157307644	17.791581151205573	5.0	570.7393212820872	25.85273928409865	14.0	14.385964562374191
1629.6043835935805	11.60306027115256	5.0	5450.880751939218	17.79965704943159	5.0	536.8774872751519	26.505416051707517	14.0	13.141595614728212
1592.0537327740285	11.476110996725632	5.0	5625.882583583532	17.706652769477532	5.0	477.1321641486796	28.047626738444265	14.0	12.446570831157677
1608.0072041165886	11.6253005480276	5.0	5604.744304845257	17.71349419782311	5.0	529.0715109950966	27.415310908002606	14.0	16.507254387004696
1809.8677669524213	12.153504189939241	5.0	4913.398499081232	17.581816827519305	5.0	593.2301020455837	25.439268143760327	14.0	15.453246545024706
1343.7586868549756	11.344941218922042	5.0	5615.533994689135	17.05789519811565	5.0	590.8858943341515	26.34102637055719	14.0	13.964829273653244
1443.8711722253192	11.575068069781771	5.0	5336.238798954652	16.856298716959028	5.0	614.2421325755757	25.636262027834757	14.0	12.930636391113264
833.7587673589765	9.177985425974308	5.0	6021.811641860588	16.42184286433779	5.0	535.2448841113348	27.41637019312369	14.0	14.704082685148789
669.4845457489486	8.185124883966918	5.0	6723.57422685199	16.19064236796201	5.0	561.9901420042868	27.21344329722069	14.0	15.512506906224539
644.390579085684	8.302540959185826	5.0	6696.191093269951	16.19732054984171	5.0	514.7005609020018	27.22130513586039	14.0	14.986175064255335
509.4383667419894	6.445830961493143	5.0	7275.557260820331	16.097876457394364	5.0	480.1471040705891	28.917875197732453	14.0	13.4162977760213
520.8037592625121	5.39616630188933	5.0	8022.754317185135	16.09468778330273	5.0	462.65952566767976	30.875273596705668	14.0	8.88515575977501
430.2169187666932	5.273383990592246	5.0	8023.4937724689335	15.934999873773839	5.0	525.9654347870896	28.043530718793207	14.0	10.813737979351105
461.1011899808427	4.858119353807688	5.0	8294.415720366744	15.951199877129941	5.0	482.799630262078	29.10617230170063	14.0	9.350662780419501
532.0014283648675	5.001019103718608	5.0	8833.536594581023	15.99305918659162	5.0	453.0352027828416	30.858500200479163	14.0	10.216771426096296
543.6236152953971	5.523143980883152	5.0	9083.796705099929	15.797808710669063	5.0	473.0135351748848	29.748498721050296	14.0	12.015764465099087
743.4204006692656	6.070723636525664	5.0	9203.197547324244	15.70532882369109	5.0	513.0240519326976	29.294543777050606	14.0	11.45078414253389
727.143569798707	5.658328617909349	5.0	9576.2469750803	15.451466099793157	5.0	499.9860853037434	30.256196648701575	14.0	9.205247920030882
1023.1148336825454	6.763558338208378	5.0	9477.744129447587	15.419861017896146	5.0	519.36224264688	29.53286733130585	14.0	10.56138027498936
1016.3334213560616	6.988069841775379	5.0	9561.11150548734	15.287959550622624	5.0	597.4884427983302	27.91551371278834	14.0	12.300615220071249
1275.6680845652036	7.43698094591219	5.0	9227.56375765061	15.301964152305864	5.0	647.4186937694296	26.66907483444591	14.0	10.707235400104132
1653.6096638245112	7.889643304668017	5.0	8527.732775053277	15.510018846590556	5.0	677.54592391986	26.92204668339324	14.0	11.891037548013156
2251.0972357506944	8.367638618027037	5.0	7785.964360617861	15.927174743738467	5.0	641.7249961039837	27.453238643948175	14.0	9.614378352970785
2561.0077174400553	8.476940416937186	5.0	6857.305490508175	16.345552749120174	5.0	660.4426733892651	27.791524468692163	14.0	12.621846606844302
2682.512679909174	8.579477203025135	5.0	6332.126574647154	16.674480234000015	5.0	617.9309017645026	28.64693084768615	14.0	11.59214391015263
2605.656345549127	8.435912583913899	5.0	6025.917668429911	16.971547919397317	5.0	589.3797068126636	29.28690738902406	14.0	11.88987550105264
2857.6986691087977	8.705978409101121	5.0	5333.609457299473	17.438762530601448	5.0	605.2281225509865	29.868694328611674	14.0	8.358404571718927
2866.6925444396215	8.731651257480836	5.0	4715.629198269005	17.586147902524658	5.0	633.8017249450877	28.844232027021743	14.0	8.35046433671357
3121.91885432266	8.831219494407842	5.0	3959.1336431900554	17.99515346016162	5.0	625.8617811638525	29.04051092890685	14.0	9.840613053573085
3158.8239242188465	8.756962212694342	5.0	3451.7802826114735	18.033302828043073	5.0	658.0949768922846	28.838599918946123	14.0	10.79426696933044
3524.0481105008644	9.130387815755688	5.0	2750.3327985006604	18.536333548611655	5.0	710.1459081664925	28.07278152949445	14.0	10.62059330670449
3395.6084519360547	8.943862503910934	5.0	2713.0740534935712	18.699983407482925	5.0	731.6295040836798	27.464773105716155	14.0	9.147726606158708
3447.0802539700203	9.019786266333385	5.0	2582.115771630798	19.28788657675848	5.0	741.621600961728	27.49869939454909	14.0	9.976078725451023
3431.2074760656524	9.114797036303498	5.0	2410.817544438885	19.750890753512323	5.0	719.9075631308054	27.05990905017407	14.0	8.546786783739202
3368.5005939697426	8.91480619502456	5.0	2536.914644246099	19.907035097736962	5.0	662.6620645934368	27.521889371594334	14.0	9.094998042839663
3359.3929878848103	8.881330830719152	5.0	2521.5192368848216	20.09873696669661	5.0	604.163368790402	28.15720098792417	14.0	8.973014328226228
3321.140928303549	8.811341822361008	5.0	2557.490081637616	19.940513334852557	5.0	609.1422767920726	28.007815445191454	14.0	7.233273191004288
3163.757637643558	8.709935528893636	5.0	2427.4114454257046	19.623302380770355	5.0	657.7991673253082	25.83453454876252	14.0	8.767215882487289
3058.8417394333196	8.673320877751134	5.0	2357.826829045304	19.319994041800864	5.0	720.367472030138	25.4102538202377	14.0	7.383978514053672
2999.655568659859	8.670807125666332	5.0	2391.5056846629363	19.494435440730626	5.0	746.1103103416639	24.34499772557488	14.0	6.573721095456039
2872.2103390993066	8.471881897847373	5.0	2518.4036288297216	19.098156859749007	5.0	817.9220585672398	24.21124796631616	14.0	3.5393139026389404
2938.858433101411	8.640091917853633	5.0	2511.701020224618	19.37864086584821	5.0	765.1778604858118	24.23748626038732	14.0	6.805022057661453
2905.3343708080442	8.571793731427322	5.0	2614.1977158529007	19.311661418742606	5.0	801.3947443297142	23.673554860108673	14.0	7.475053708949518
2958.777466284812	8.575060534358606	5.0	2557.9684079086605	19.380979732785804	5.0	832.5179657359826	23.740285967895446	14.0	6.057257521417633
3033.408713521082	8.673885567273832	5.0	2658.3951314999167	19.33998192877002	5.0	781.640385360813	23.472409370930983	14.0	4.183721693871124
3207.1952622428953	8.864463210437576	5.0	2560.2269357204905	19.10012757123388	5.0	821.3773194330121	23.30954299594218	14.0	2.6578480274782246
3326.033519947624	9.10089260904631	5.0	2489.6510206720473	18.63905393023875	5.0	863.2249985558442	22.49890450283938	14.0	4.717986916605996
3469.2144067265986	9.404343891975351	5.0	2341.0866702442927	18.64177587440325	5.0	880.1936523913828	21.5284220240211	14.0	5.723975571861627
3918.800436220247	9.622664202727838	5.0	2322.4898805522744	18.853495737298406	5.0	783.1932395591573	21.3437671060042	14.0	9.713790396123398
4349.730540427558	9.288060495415685	5.0	2471.143171381578	18.74675993365772	5.0	722.0415825724486	22.532673489221988	14.0	11.313349084240961
4587.149923461923	9.018199021451828	5.0	2532.5701201553247	18.287431906803423	5.0	772.8680433760259	22.339895626535874	14.0	8.419436608480849
5114.325563387346	8.826044445600305	5.0	2831.1025469056594	18.327857860878247	5.0	655.9140579496677	24.055380604159456	14.0	14.837586037142303
5619.340465164584	8.652951728720472	5.0	2866.746958207543	18.22152777018011	5.0	687.9256107022012	23.892534626027683	14.0	14.352155138235263
5942.415278299236	8.454345723095003	5.0	3022.3662857546947	17.999889536867276	5.0	650.5321094341035	24.740789237417406	14.0	14.061383927636243
6145.653434532353	8.38657857990686	5.0	3174.1516033173966	17.61673288646208	5.0	700.7734331931574	23.90560465981935	14.0	13.036900947036273
6275.114700844004	8.502292122318247	5.0	3089.791029114072	17.43515366855598	5.0	776.1340066458735	23.340954316488638	14.0	16.46798682897844
6384.797188041614	8.57704290785564	5.0	3178.771888325209	17.336529463774124	5.0	851.2147420412231	22.430227089928007	14.0	16.489223571260666
6344.6069612031315	8.713730289623948	5.0	3020.0253757832565	17.4316627173523	5.0	992.2061059627414	21.046774574468724	14.0	15.286764226373256
6293.599734788235	8.665538353447307	5.0	3188.3181466259034	17.11883411695143	5.0	1080.83086752739	20.96068168193348	14.0	13.692347564895316
6714.998724202048	8.962500676248274	5.0	3122.6988620819534	17.532577891930902	5.0	1080.5350087436211	20.52842314573557	14.0	17.024707234438026
6898.465114587102	8.973565998417792	5.0	3242.420324946867	17.325433222052006	5.0	1223.5241758887882	20.045031691629383	14.0	14.192148658139613
7215.681879117552	9.030124769921388	5.0	3402.0696949600965	17.009207873760285	5.0	1260.3716752660487	20.280719855576766	14.0	12.130640798069692
7460.984360460794	9.119869744928106	5.0	3370.892504653711	17.007943549467846	5.0	1293.5499545906207	20.777955580123983	14.0	10.860232188741682
7705.743373682715	9.435702924784422	5.0	2887.6730310547755	17.056948761964378	5.0	1361.1175488502793	20.880665422639943	14.0	7.724228211717628
8471.822673321192	10.094650009965374	5.0	1918.7218421704827	18.532929473195832	5.0	1338.3630443636284	20.275985975064795	14.0	10.24777423321241
8473.62757935884	10.308463667422734	5.0	1578.090925075036	19.298495761642588	5.0	1283.9902874412667	20.813592241858935	14.0	12.233762155185975
8179.008147311909	10.400810731299504	5.0	1511.4560515035032	20.394291345697567	5.0	1151.8704483824033	21.148279751440448	14.0	18.497873295739062
7767.886211290928	10.381720237767933	5.0	1590.2070284124593	20.252929797455014	5.0	1101.2073570978082	22.060519669270704	14.0	17.284128974692255
7432.816639656905	10.3907405945321	5.0	1693.5869875891801	20.231409998706873	5.0	1091.1035007353894	21.67443356839995	14.0	18.200769515871848
7364.159496773234	10.36785185783129	5.0	1736.0662756354275	20.331931401161135	5.0	965.8630656094475	23.133296653741112	14.0	20.331951279426452
7021.340988854409	10.339612105226315	5.0	1908.9135760727445	19.857574285947766	5.0	939.9022328695721	23.104420829689964	14.0	23.46307151773602
6500.2488612640755	10.254083225339762	5.0	1891.5095851548233	19.334147228880965	5.0	1073.5185959417222	22.4662003239954	14.0	19.520445739357612
6156.169665969015	10.506693079734161	5.0	1730.669180081807	19.524801202325566	5.0	1120.7820776764943	21.128736506272116	14.0	22.859088906827363
5604.81060982355	10.924635234341682	5.0	1674.0149918322722	19.682143260005013	5.0	1204.4344823195506	20.347016053584486	14.0	23.680276662618336
4845.411546598003	11.11740573764354	5.0	1817.2115161625668	19.010824071898025	5.0	1237.9878069811161	19.89689266584132	14.0	22.05758396508873
4173.273738958707	11.769595434428968	5.0	1703.979960161148	19.29221776678785	5.0	1321.7666433870836	18.91718799192879	14.0	20.3092514702537
3600.4880749652943	12.493871678776037	5.0	1691.0948268671127	19.34583453872911	5.0	1354.8836953898874	18.42496112003911	14.0	22.375031275205085
3110.8628048513297	12.785929983263543	5.0	1940.1496222993042	19.111633601024753	5.0	1295.924599070272	19.213627566448448	14.0	31.41956061111877
2879.67163888654	12.842362690586084	5.0	1942.629177854727	19.166242983168715	5.0	1252.6491856703192	19.437979405347768	14.0	33.13052788748543
2949.2970784239233	13.356857852228144	5.0	1672.607013084864	19.278600223833003	5.0	1280.854463500625	19.767279967103278	14.0	29.769936067046146
3433.6685593878187	13.872731989677451	5.0	1137.8303841158709	20.705120686714313	5.0	1227.0246027772255	20.436734513555194	14.0	28.984585235601646
3140.9149690648424	13.35051716097229	5.0	1468.1785841124197	19.708378134566583	5.0	1152.708561289815	21.39602304550271	14.0	24.87404289711645
3579.2046520540875	13.602153150546567	5.0	1362.2997229443276	21.101853883728108	5.0	1081.702310053931	22.307638811471012	14.0	22.469796991394865
3663.657415784789	13.93462888355129	5.0	1533.1260559895607	21.845362159658645	5.0	1020.3952273140366	22.87810891405496	14.0	23.10540738871626
3945.5090819804905	14.720682176359723	5.0	1391.5541673433677	22.66028638132926	5.0	1079.9701645955836	22.942598931731997	14.0	21.8816893295493
4297.397228201524	15.266892344460258	5.0	1344.523906792273	23.128312720189335	5.0	1059.2885107007103	22.674710980337895	14.0	19.29845554767418
4435.4236179486015	15.343337209629414	5.0	1512.3560383824251	22.770372155620304	5.0	1075.8311117667884	23.568814065911614	14.0	21.35219523975881
4575.230254014499	15.314246806784608	5.0	1764.9164111618584	22.577135344830264	5.0	979.4477020031557	24.799012986981868	14.0	23.086569876222885
4951.344878477711	15.639187508385694	5.0	1562.005786593372	23.350312620311172	5.0	911.3482011481713	25.55934800532243	14.0	24.84968501603856
4986.975757025446	15.638478116568262	5.0	1725.5444727227116	23.333549259035557	5.0	860.0353382979117	26.66916973990747	14.0	26.872870890000968
4953.505583717186	15.986782731250818	5.0	1635.0389661894835	23.4052838767297	5.0	911.5110490678378	26.10627655493726	14.0	23.38350496829189
4637.88827291428	16.023315211539966	5.0	1952.515199898794	23.12640011845504	5.0	882.8825836024869	26.688257043916053	14.0	24.605078198549762
4745.3254520982355	16.318147163946918	5.0	1885.9110262944337	23.53683322193361	5.0	866.1246490753983	27.402582732936175	14.0	22.00668687299577
4162.556899642278	16.0665314542143	5.0	2331.8797750342965	23.04258202466602	5.0	850.5119907892201	27.511888941925836	14.0	20.92574880105948
3963.0561196351546	15.815995017765026	5.0	2686.0575484852097	23.205547337166013	5.0	719.7405536173604	29.38899218568372	14.0	20.120485076323828
3795.578776554013	15.709186773681179	5.0	2796.2486687205137	23.528815154254126	5.0	691.7701804101251	29.071280178834268	14.0	21.118532186038163
3560.847471047675	15.616358887794256	5.0	2894.3030445414993	23.592145966863388	5.0	683.1366609646082	28.7381668656116	14.0	20.750859210959014
3305.64240940143	15.606830178813007	5.0	2930.026074249893	23.758555980188277	5.0	735.5490862072129	27.647848683581675	14.0	19.56879981174093
3178.8708562710517	15.877260338821626	5.0	2959.117984363489	23.751721664084734	5.0	818.0635233930202	26.669964111588246	14.0	18.62204941981051
3208.1657704650497	16.43360115486113	5.0	2686.876946070859	24.426323711465418	5.0	919.2764798604594	25.155591430342795	14.0	20.06267721862903
2881.2712362258885	16.52748634326861	5.0	3007.412026486211	24.48261654038076	5.0	970.8052996281042	24.444658013603398	14.0	21.41473400493345
3015.483072228246	17.004294796919748	5.0	3024.7539293743002	25.107177238338423	5.0	972.7957854002498	24.055638321633403	14.0	22.400658519322988
2694.223951462438	17.419798309150263	5.0	3029.354169406025	24.989135499912788	5.0	1069.7545639340779	23.38116800693134	14.0	23.075572334880366
2811.0196820670426	17.55847990068855	5.0	3254.3823929096316	25.58352609539748	5.0	964.7775038082191	23.717584501663893	14.0	25.585826256783253
2758.7643196509857	17.26068679456703	5.0	3718.0446559317543	25.728307036450488	5.0	842.3169801788904	23.89899684428693	14.0	29.410382119296496
2609.808487048219	17.204160365636657	5.0	4060.3074560313867	25.651004155978573	5.0	829.2086008598811	23.27245955556251	14.0	28.925753073767137
2804.856976444765	17.168394245326596	5.0	4356.901451300353	25.568791152293194	5.0	743.3597170218942	24.00705466496336	14.0	27.905202089169613
2829.7875127205216	16.961429560095162	5.0	4724.34790191642	25.259559952052435	5.0	686.6565040163089	24.372806324456693	14.0	27.801481645928337
2894.8260595119073	16.688593699212607	5.0	5042.938015272588	24.872361153241204	5.0	607.5387507569918	25.624774334631088	14.0	27.98309838337274
2875.1898782074745	16.374476631749108	5.0	5400.0684568864735	24.28505334824787	5.0	568.6351977678573	26.924225377472027	14.0	25.37353721174572
2575.7508222370425	15.91389399562261	5.0	5880.413243887258	23.85905642869092	5.0	551.2628352261171	27.28068546709379	14.0	22.797438388279605
2613.6301020493906	15.641764358056367	5.0	6103.595969006606	23.656015708847416	5.0	493.7452100775223	29.220441485690586	14.0	25.26169879194723
2386.936190656525	15.027190820695617	5.0	6398.438264341372	23.235396935197983	5.0	489.4855413370371	30.427235319926407	14.0	25.578629593578036
2169.633301108763	14.408042990889982	5.0	6348.428804587837	22.857997051931672	5.0	602.0870281490727	27.8732184821239	14.0	25.219467931380567
2077.1256809168094	14.513865590693017	5.0	6039.947171040854	22.63848779497645	5.0	702.4098767869625	24.78014705237485	14.0	28.587532546310875
2121.377981994195	14.773735680733177	5.0	6157.500922864962	22.583737207481025	5.0	628.9196739120931	24.543145602027945	14.0	44.55491318928769
1601.1065091535474	14.380815541117283	5.0	6566.001754251143	22.141776994304895	5.0	619.05127242768	23.94731800646571	14.0	54.86074987702698
1744.4379770222233	14.525821156116177	5.0	6585.358227642626	22.03358523878913	5.0	504.7817890230352	25.186007738228096	14.0	73.40008927459759
1781.2950187980668	15.110003930109894	5.0	6549.543536563452	21.91191471075035	5.0	445.82678248695476	25.233794554489585	14.0	100.2250229607285
1261.4330251754168	14.044501474675767	5.0	6944.299295438816	21.506720277625277	5.0	405.1631508466397	25.77147416736642	14.0	128.97392902059616
1005.8066842557108	13.657181173207789	5.0	7036.275779001851	21.245407261457316	5.0	357.0588698795656	24.853084665701072	14.0	171.63781124669444
999.3951248107921	13.781667683177346	5.0	6869.618318464562	21.135426077395625	5.0	285.7112433260306	24.46576934341375	14.0	216.5731838421449
887.7177073554509	12.894749813809778	5.0	6937.025978665316	20.922651552363362	5.0	250.53204583492774	23.00161150807785	14.0	238.24420906577393
932.0418713992915	12.105286160502821	5.0	7168.680458367142	20.762485184346605	5.0	293.7824063877491	23.525060941846917	14.0	214.21298114161453
1220.6401740395304	12.070934437301498	5.0	7300.6473431067725	20.692402746065873	5.0	423.8232428180755	22.828348352491435	14.0	164.40326016843477
1300.5973585135564	11.172806389159758	5.0	7890.52553622752	20.451720641472757	5.0	454.05941942212985	23.534416991320416	14.0	118.64826263642439
1050.605082288016	10.462085677703879	5.0	8151.597692140193	20.14136477597966	5.0	629.979848345434	22.56184267550498	14.0	98.07173457701819
798.3222619708314	9.9280995361988	5.0	8655.287614834411	20.145448510776045	5.0	677.7207867905158	22.27795535037029	14.0	77.19530750768632
544.2993608996852	7.522313421016429	5.0	9275.241452991626	20.047031575509912	5.0	582.2692854456756	24.712053309961632	14.0	67.45258463662235
501.3857037318042	5.877212720434815	5.0	9808.770735397919	20.050650483622825	5.0	429.57965311878314	29.142799744921458	14.0	60.090550483700895
456.24275387061505	4.8188081887071625	5.0	9920.678854915875	20.15403046868282	5.0	369.1449854331415	31.908774317232808	14.0	46.649410624811296
484.14789952591855	4.871896800966008	5.0	9810.268659151987	20.248356672062116	5.0	375.0348685958869	32.10939496357834	14.0	34.284115425023664
536.6882269083211	5.837273216504477	5.0	9472.637111317801	20.45118069783109	5.0	432.082986467122	30.787286459254382	14.0	23.946028437628325
0.1204590123021565	20.0	5.0	8407.566354647748	20.58819060778112	5.0	969.9747784930734	20.55247543825366	14.0	16.252877888935647
6050.737361892469	20.0	5.0	2372.676370040258	23.163241307341547	5.0	1001.2589111857867	20.268376067288624	14.0	12.635922118023274
6207.649553117008	20.0	5.0	2483.3878644209676	24.19248884187613	5.0	1029.4328030237873	19.55006587302598	14.0	9.095367729758072
6565.687117223553	20.0	5.0	2788.651912445513	24.63271136329464	5.0	1079.9522496618804	19.10451667712373	14.0	9.906622832662803
7162.655191498205	20.0	5.0	2960.5264404028394	24.56690216732181	5.0	1135.8944908452381	19.148745921867594	14.0	5.650254109369
8544.160937122786	20.0	5.0	2520.9471605814847	24.954650214299956	5.0	1099.2838543412952	19.69664377609938	14.0	2.2594386436653067
9688.162937962812	20.0	5.0	2276.1165992050273	25.0648544216663	5.0	971.7353040475058	20.79023924999251	14.0	5.553335591031952
10264.360111348426	20.0	5.0	2332.5543058410826	24.837976982838768	5.0	785.8115819222847	22.69703334007954	14.0	14.54572017811751
9543.244859181837	20.0	5.0	3098.9168581079125	24.010711005551336	5.0	670.2309504554637	25.18588819331165	14.0	17.523945403482642
8448.55698895656	20.0	5.0	3936.6272889418638	23.57847885363218	5.0	635.0475013014644	25.76851531797285	14.0	16.941380634691804
7528.742753687455	20.0	5.0	4761.476654219678	23.466211772176152	5.0	624.1371739933377	25.242031689600882	14.0	18.042759226795287
5855.825519130371	20.0	5.0	6214.636095692868	23.087647874897307	5.0	676.9919048289206	23.780106713290962	14.0	19.3009160199366
5946.539837756606	20.0	5.0	6153.0520491968555	23.23311521050753	5.0	693.3644206814998	24.92873033618375	14.0	15.599636651070632
6071.421010242995	20.0	5.0	6182.87875258868	23.521375311660325	5.0	669.5155833024814	25.655547786647038	14.0	15.104317989823507
5484.326716053381	20.0	5.0	6459.9955716133945	23.76138043996959	5.0	608.1407242861835	26.197944684662566	14.0	16.49679372916495
3948.9874493160364	20.0	5.0	7292.466721805744	23.569883375925144	5.0	707.6875301217259	25.87140510721097	14.0	10.566475661531186
3030.95609112122	20.0	5.0	7603.171824542328	23.71911265847425	5.0	739.5712961331707	25.788134462749714	14.0	10.29429739254469
2473.0035623387566	20.0	5.0	7679.908342017632	23.541310566421295	5.0	818.9782024102454	26.03332233037675	14.0	6.647150026242689
1892.5653121496755	20.0	5.0	7999.5159176812085	23.496575300823647	5.0	802.4216729378599	26.05075667006341	14.0	5.773962270512191
1287.8917122058626	20.0	5.0	8135.856730723879	23.318307324730828	5.0	885.5217224935477	26.66343394948711	14.0	3.4643810036895304
2080.4158705857435	20.0	5.0	7025.31890407093	23.727756281045554	5.0	893.075326095476	27.39138390545201	14.0	5.031489492436362
2560.4991863471173	20.0	5.0	6084.646392918289	24.10331190636485	5.0	904.6581276480422	28.099707726438247	14.0	2.699324484843552
2133.6784115224013	20.0	5.0	6160.557702344881	24.173805034286477	5.0	990.6711514629296	27.696381243500287	14.0	2.4349278255602074
2217.102932184886	20.0	5.0	5710.13009551622	24.49724453178511	5.0	1055.6783803935732	28.356391785078348	14.0	2.4135033256136786
2661.2694168545745	20.0	5.0	5127.012053233172	25.20904940176922	5.0	1103.3920132217675	28.945648510256028	14.0	3.547776406694062
3319.4533509241774	20.0	5.0	4416.639046727387	26.363210000608284	5.0	1100.3434055712044	29.94457323622178	14.0	11.694352697207252
3798.848160273221	20.0	5.0	4155.077366205588	27.312223486936762	5.0	1056.6457024189276	30.587969512255423	14.0	15.354614836216495
3857.386010882961	20.0	5.0	4169.082827618963	27.51916634612701	5.0	1149.939688375586	29.747934164491394	14.0	17.669239268332763
4211.536166835161	20.0	5.0	4065.7892836872165	28.246524637628703	5.0	1144.316393879549	29.940618831801874	14.0	20.46078925334539
4268.87552165209	20.0	5.0	3829.155615402793	28.495322122321422	5.0	1284.044387118131	29.900591728032293	14.0	20.771305516087263
4487.936241366946	20.0	5.0	3294.6664560412155	28.859405523941742	5.0	1499.8513575235054	29.763758917380137	14.0	19.029639301689592
4616.561721898723	20.0	5.0	2954.273811130112	28.671840406870892	5.0	1597.6259991963236	29.743481588932184	14.0	11.628351747403059
4601.042002211065	20.0	5.0	2911.623403524403	28.44769441168454	5.0	1566.3991109661192	29.39089806417829	14.0	9.082300589260123
4571.634913312071	20.0	5.0	3098.941683438028	28.15972633679154	5.0	1571.774160342889	29.256952602675675	14.0	2.4994464126548173
4790.415439744482	20.0	5.0	3315.153038130537	28.023807928471378	5.0	1643.133003996146	29.66867918424355	14.0	9.70850648917314
4653.347205891039	20.0	5.0	3058.514423171349	27.406098870724726	5.0	2146.277732532635	29.564569755261456	14.0	21.090326138295797
4563.236528937171	20.0	5.0	2707.388833546906	26.818937647553167	5.0	2663.164801650035	29.223210461957603	14.0	38.32722375979633
4290.498578984359	20.0	5.0	2433.5714675145	26.554824512161098	5.0	2857.7059657163354	28.553028541280558	14.0	38.78143171615925
4317.043341732439	20.0	5.0	2469.204005797842	26.893398927455365	5.0	2611.529525877714	28.375981806270442	14.0	15.520763568823394
4586.2556250696825	20.0	5.0	2426.860678625629	27.870437421766546	5.0	2353.5433894530543	28.161784414320206	14.0	-2.588842754845769
4986.2956552416135	20.0	5.0	2575.6861907524403	29.14111360254339	5.0	2019.085439325334	27.62519043344537	14.0	0.2077473082907161
5139.328993364669	20.0	5.0	2685.657617885641	30.341077814572014	5.0	1765.597706512056	27.057726593250546	14.0	9.334390086888414
4737.826158385043	20.0	5.0	2723.89179528967	30.909712913204018	5.0	1650.343089765823	25.83700791778684	14.0	17.610192907633813
4367.878811218016	20.0	5.0	2681.8856864087693	30.854266464581542	5.0	1695.8180980404766	25.688980175191556	14.0	31.862959581965633
4333.824676250428	20.0	5.0	2584.4314500380015	30.366426052945922	5.0	1813.8314240116092	26.1700933281916	14.0	38.682951649032354
4798.939367940232	20.0	5.0	2619.11746042644	30.043312765264105	5.0	1726.2153731388778	26.602248077644163	14.0	41.11595358195092
5445.622864122962	20.0	5.0	2757.951974943275	29.5284397064124	5.0	1554.9127912686256	26.2000456518484	14.0	40.584822057591786
6349.893976648914	20.0	5.0	2836.6963947545682	29.5654459876842	5.0	1477.3477834958364	25.42414537749704	14.0	36.08702885141056
7288.643083359034	20.0	5.0	2933.4824134937303	29.88612659288722	5.0	1390.8313373554647	23.88843964842861	14.0	51.881668058256544
7582.271575148666	20.0	5.0	3184.687005646856	29.612568203073117	5.0	1326.9039160753264	22.643258405251924	14.0	82.00693592438041
7714.124618102659	20.0	5.0	3488.9681020378357	28.944811822187436	5.0	1232.8882442856823	22.271580110796783	14.0	86.16906135285522
7660.924501765254	20.0	5.0	4021.9128755417687	28.286758413005526	5.0	1118.3176249052037	21.653167468991782	14.0	49.751361196875294
8042.979551340332	20.0	5.0	4242.34016211037	27.851678442197578	5.0	1015.3851910319277	22.65125919124376	14.0	29.899867794352147
8716.859630425291	20.0	5.0	4353.22645171419	28.218047217643637	5.0	840.0337959354847	22.58013830255155	14.0	32.94626349669863
8374.274268888154	20.0	5.0	4469.125311251671	28.37572482410018	5.0	863.5889156641632	22.968738734712044	14.0	29.954032786857585
7816.481339195378	20.0	5.0	4554.7509627879335	28.3667422394535	5.0	761.7962456829348	24.05464517341633	14.0	29.295307439721363
6708.093013983891	20.0	5.0	4910.2208352052585	28.054103878742392	5.0	693.2906712360858	24.715343116357438	14.0	28.384559502316815
5503.164134957557	20.0	5.0	5271.976090479736	27.949729262428853	5.0	690.8228663391674	23.769410292538787	14.0	25.29759213725294
4474.908088811514	20.0	5.0	5386.446110531956	27.99074455581527	5.0	667.7276066411541	23.592945556608385	14.0	22.54266391663257
3869.184973187407	20.0	5.0	5495.294758235117	28.151862920720788	5.0	683.7652228131711	23.36798889975452	14.0	21.623070707398135
3570.707974855836	20.0	5.0	5623.13863068915	28.42115788629046	5.0	696.3726161677736	23.25065505117697	14.0	21.498776008323436
3604.143201450639	20.0	5.0	5550.039039581535	28.639895552031692	5.0	819.0753388667498	24.66639364967986	14.0	22.26826136886651
3783.063925158012	20.0	5.0	5665.309946740995	29.359054670523314	5.0	985.9723463161781	26.94261856390079	14.0	26.705599017420454
4021.0823988134475	20.0	5.0	6267.985484242802	29.727005926484416	5.0	1071.8775833368554	27.55928332691671	14.0	35.23329385078198
3985.0336937257375	19.111726382048662	5.0	7322.1770029160625	29.33000787476731	5.0	1179.9449244615364	29.817884223918377	14.0	49.31352877347974
4000.8631499745734	18.615790966708257	5.0	7881.585595489091	28.782574404556065	5.0	1761.493476141082	31.26429832427731	14.0	104.03877392474968
4757.5233223231835	17.838583776741043	5.0	9512.147523634141	28.29755070900068	5.0	1725.278507919735	37.306163438446674	14.0	125.97619449064771
4405.025811834537	18.00738010900919	5.0	9692.305361453728	27.993971968088758	5.0	1534.5072412303098	35.469000247834295	14.0	95.94435994120926
4429.73605811952	18.842640842939016	5.0	9485.50153437545	28.162051637114544	5.0	1013.4150979522898	32.082564158739835	14.0	62.448160649088585
4288.9813261117715	19.10734099456397	5.0	9367.909317473326	28.005340463741273	5.0	912.2291570465267	27.974018793572817	14.0	38.42326040055033
4139.2446530720035	18.76105370154989	5.0	9623.667998839674	27.750179427906225	5.0	844.1971611342605	27.36103674937424	14.0	31.307788401951132
3976.1691713759556	18.569868491913574	5.0	9917.857611765141	27.473762989247202	5.0	821.439397912192	26.862554320578013	14.0	27.417243516467785
4185.892639440328	18.653293254555706	5.0	9740.332817844403	27.268208297208698	5.0	855.0088139436531	26.965051237635453	14.0	27.835034125628244
3943.6782790129714	18.237183496021128	5.0	9998.001923180964	26.993127392853925	5.0	841.691595424934	27.360729716724588	14.0	23.272320741536127
4100.480872919132	18.256652840204726	5.0	9823.264519054279	27.034712607904922	5.0	840.9386599402524	27.195284830007296	14.0	20.1006758802683
4269.217398846178	18.657216915282994	5.0	9405.05379997205	27.116845153463156	5.0	872.7273579229203	27.130851370705344	14.0	18.779939924454826
4543.5469567141245	19.16976495912699	5.0	8737.237789733706	27.20735851516178	5.0	1001.7740804788505	26.65733256710969	14.0	14.009326116994776
4775.093957755904	19.070539008821097	5.0	8404.749191448715	27.30079160312272	5.0	977.2036970768258	26.761239092184304	14.0	14.76579165163447
4964.3046230945565	18.954616263976188	5.0	7796.094486995043	27.430948558994633	5.0	1024.3332718798206	26.601451426085397	14.0	9.756829709612628
5139.013477055761	19.040374098354096	5.0	7439.57820025879	27.429147075729254	5.0	1071.3912103636155	26.549165235389424	14.0	10.335634959397666
5594.764076937542	19.460074816807687	5.0	6891.460546157118	27.776310492897675	5.0	1026.9745156715283	26.353600072209705	14.0	12.343194385591653
5676.244298033273	19.51112150961006	5.0	6754.981906919236	28.044681773067477	5.0	927.3760320603865	26.229936941216785	14.0	16.202633621150035
5529.881433880819	19.457778593851486	5.0	6682.4733203795295	28.239824823146986	5.0	787.8936902921768	26.40099975486757	14.0	20.261154154702083
5459.7793362153525	19.51160188199998	5.0	6432.075382598769	28.411759142711002	5.0	694.0014223261571	26.16113063953365	14.0	23.968842660666446
5365.902727089533	19.37686372743438	5.0	6280.197285909672	28.308856221653112	5.0	613.120765122419	25.72734646981898	14.0	22.438704855391816
5447.2448014854845	19.30834363178105	5.0	6115.641547474369	28.179056739555797	5.0	559.379685020729	25.75480962907446	14.0	22.471400900983763
5374.479560387044	19.19710932147023	5.0	6198.858572459534	28.00592899180764	5.0	501.6515164620667	25.678985202785857	14.0	27.72068606258927
4988.654256931494	19.002339930692937	5.0	6552.14366052361	27.473594545696187	5.0	527.7886325947272	26.36871171994709	14.0	27.56476114841383
4431.214388908638	18.738564709407473	5.0	6825.081386409668	27.099994297703127	5.0	571.8160325510717	26.469825521884008	14.0	30.147107987411882
4162.251517159022	18.94567438421496	5.0	6900.197703493513	26.87095182156275	5.0	666.0528627912885	25.73686120746032	14.0	26.300357853093423
4276.592265883615	19.032105507382955	5.0	6740.606008691033	26.849624879977597	5.0	681.7812018511601	26.05326134668146	14.0	26.896401179825688
3907.6572846656336	18.17473693411942	5.0	7125.931308519625	26.473531334613618	5.0	568.1257034249116	26.53445683327779	14.0	28.273411501765473
3752.511185765072	17.725283221810592	5.0	6928.221064514677	26.116054200966417	5.0	627.8960335227318	27.008718696007662	14.0	28.846651236954795
3645.4413429618553	17.039712990717568	5.0	6892.653427163117	25.84621305839523	5.0	566.549681986024	29.267990919080255	14.0	31.215751973894545
3541.843814334689	17.03589763950642	5.0	6485.233991181625	25.889848475977114	5.0	578.0415816816829	28.751828299110866	14.0	31.779491927093463
3453.346682342747	17.091338079937024	5.0	6099.308297306698	25.900452983714615	5.0	633.8671247955489	28.38102204435262	14.0	32.51805927012333
3616.8992273777385	17.186816012664107	5.0	5915.152226716206	25.913868337664077	5.0	650.8559907245834	28.410698902925887	14.0	28.979438613860914
3472.293406024263	16.98975646843655	5.0	5716.023117099175	25.312553458337135	5.0	725.3052533225853	28.800225997307862	14.0	26.817399182980235
3540.7013769206064	17.009506044013552	5.0	5453.331210958598	24.83501430016623	5.0	764.7971092001488	29.009835171635874	14.0	25.314239993045557
3280.655477592402	16.517483316585675	5.0	5885.919547395031	24.086435075473556	5.0	641.030848617511	32.18619025110741	14.0	26.50784583723112
3272.656507305742	16.290833389459003	5.0	6134.738947125935	23.7440161567297	5.0	521.6124422433078	34.96834857480121	14.0	27.351920811588222
3130.331253867423	16.17554288613401	5.0	6305.752446759756	23.351137086329757	5.0	486.0802848099905	35.997127106650346	14.0	24.418316770862663
2674.3267650583616	15.593874474226784	5.0	6725.844915875939	22.632993856091307	5.0	497.71837290343393	36.24130420881886	14.0	23.599107603469797
1765.3443346869594	14.14099776661981	5.0	7653.868581303825	21.65533844468392	5.0	503.16209519113823	35.10499081181624	14.0	21.10019172139766
1639.2949767384303	14.187036919291769	5.0	8056.209652336291	21.36660966825497	5.0	483.7533686530679	35.8986414347479	14.0	20.81029958721478
1073.7590772856167	12.684163591325504	5.0	9037.276830226969	20.95005291950805	5.0	515.7386297862448	35.59500902851855	14.0	18.434224433474576
828.0490183555327	11.425575899205175	5.0	9520.803862675324	20.990423668284226	5.0	527.183314031045	35.04371621490507	14.0	19.39885133138466
1016.910090251354	12.921259760521355	5.0	9397.203748586406	21.343744014370472	5.0	581.4020083002254	33.73866198776479	14.0	21.956298621351504
1406.0380192359846	14.243355886596754	5.0	8969.848209155645	21.866409963999512	5.0	651.6155082219151	32.03976293231489	14.0	23.55751076799196
1612.0163717999533	14.915162639529617	5.0	8937.663345160809	22.441005298274987	5.0	646.4347365883878	31.13736851014547	14.0	25.647524324805243
1976.1581752943302	15.025459436134069	5.0	8927.061828171887	23.01791713647591	5.0	527.3831662063632	33.337223465773306	14.0	27.407707351656327
2048.7977671455087	14.954235401614802	5.0	9070.22978482581	23.318011649890927	5.0	501.25525774064107	33.99980584728636	14.0	22.658721058611896
2422.526048584961	15.658434670267535	5.0	8745.26213857344	23.621356118889814	5.0	477.29676078436	33.39872421304131	14.0	25.653854809773645
3203.5918456611216	16.717650186554454	5.0	7818.39947237543	24.051333404425243	5.0	507.5719000740798	31.23874948973447	14.0	28.425364713225697
3967.187950741458	17.733928674613725	5.0	6726.459675775992	24.184143234939157	5.0	590.8237921980627	28.043032722954276	14.0	26.307743008997154
4559.062265227435	18.290101736029516	5.0	5944.71801319473	24.300920325282988	5.0	653.0783299223492	26.466699601303812	14.0	24.19584680343672
5267.640607539277	18.34800033351963	5.0	5480.017175310592	24.18876873553007	5.0	595.6562613245621	27.56887451912206	14.0	27.33252598791091
5512.090983388681	18.44617998241981	5.0	5241.273487153651	24.0389744410533	5.0	667.5243838936286	26.590970455144955	14.0	25.943938726199164
5904.740263815513	18.467780363694565	5.0	4723.844111085025	24.35746944704467	5.0	672.7844030957608	26.70119236176533	14.0	27.48670071264638
6275.534555276518	18.68988536474971	5.0	4102.837152123987	24.715103600889528	5.0	802.8525886400395	25.12248870976316	14.0	26.099756295955505
6259.765991961758	18.381076445304803	5.0	3869.8060116847605	24.848975329627045	5.0	868.8410173233436	24.88407945041563	14.0	27.18803379999605
6887.950448131289	18.381543460913495	5.0	3388.968923049833	25.30329101884752	5.0	929.5931713646926	25.123590042611095	14.0	26.534085161087237
6894.680286248941	18.2071733167108	5.0	3263.2164997393133	25.287986754068704	5.0	955.366438890573	25.624298001383995	14.0	25.966822775345143
6659.362939839565	18.1805693696716	5.0	3452.0549031050655	25.120783647907583	5.0	857.301711684341	26.29302126884818	14.0	25.1398980283114
6247.609918378537	17.975279188026786	5.0	3811.571794990123	24.550163017084838	5.0	774.9251064902174	26.889825270477033	14.0	27.326242164124793
6119.460682573462	17.89109442506224	5.0	3845.1141247715173	24.15549207006328	5.0	754.6319617434215	26.5345200909719	14.0	29.781256255310723
5868.860902562047	17.28085852810382	5.0	4543.756386066462	23.27098906656362	5.0	648.2072731948678	27.280377031127166	14.0	36.260759410625774
5888.827596766997	16.514019937664884	5.0	5255.643227516967	22.680169137738314	5.0	453.42715615469723	31.390984764871366	14.0	35.95972428675719
6534.546468802174	16.3417910655515	5.0	5101.658719904255	22.22675707591189	5.0	427.90200988872124	33.16739390636289	14.0	31.790763904115853
7086.994381348774	16.05658597167715	5.0	4918.053158625433	22.012916822376308	5.0	405.90079604990456	33.74312837592799	14.0	24.096622965996097
7734.7778993259235	15.842580649599046	5.0	4577.0457090860455	22.011214375587432	5.0	354.1705438774318	34.398032276661326	14.0	21.868706236812745
7680.675449250134	15.720129377623168	5.0	4820.134105980501	21.596642791211032	5.0	349.64382792127	34.452368363425876	14.0	21.212439229031947
6787.573683341168	15.598766860829805	5.0	5359.310341480834	21.023759284573146	5.0	379.53512373295655	32.571100420425445	14.0	23.59580365658379
5776.629585885203	15.456306713849278	5.0	6311.281958959886	20.697804862579577	5.0	350.3280557512246	34.285907800238064	14.0	22.09105761004727
5660.988105082847	15.76877252622364	5.0	6054.644490429609	20.599233076239138	5.0	370.1415397705852	32.627070931607044	14.0	24.175953103113358
5992.373047204204	16.045415832625256	5.0	5361.39231988868	20.858836782004477	5.0	359.586505975941	32.30102563056902	14.0	24.405454655970015
7040.241671289344	16.585054699590533	5.0	3776.259539540031	21.31129654114722	5.0	453.0408383720532	29.249099678285795	14.0	23.795256271665007
6686.112512279699	16.474265364550128	5.0	3833.0140259622276	21.332478466255683	5.0	505.52267024550224	28.305870036874197	14.0	23.982327541417515
8285.888773284623	17.14108808531006	5.0	1969.9682499571452	23.605075995395353	5.0	526.9117072579521	26.936329464692264	14.0	20.74940565623425
8106.357442118949	17.33861975410534	5.0	1894.4758608985849	24.166728956856225	5.0	498.4504773575102	27.06794102469845	14.0	22.54218692660379
7379.106768281148	17.012122182885353	5.0	2687.520340509607	23.62605260209568	5.0	450.61954609544443	28.321579040585767	14.0	23.131633310431152
7383.526699784144	16.981446456875354	5.0	2856.3194464354247	23.890196934812316	5.0	416.5595518789151	30.012124580955195	14.0	21.072474123671466
6724.601978360709	16.717732350838048	5.0	3428.1897769098828	23.394713869675787	5.0	457.78645203979215	29.390814210467106	14.0	20.61145702798995
6736.426324130318	16.806864132233883	5.0	3538.287006777018	23.685088757386843	5.0	424.0828133407819	30.881974043834088	14.0	20.959625470932604
6580.912389590823	17.031986481272526	5.0	3671.3315256634155	23.56017796601062	5.0	450.2167832805369	28.56423602873783	14.0	24.584963037079195
6379.26428734371	17.271605421186557	5.0	3842.7790448335563	23.34207330919734	5.0	485.3100685110962	27.269211406963322	14.0	22.624773498497767
6488.361098100362	17.24675786030276	5.0	4027.296725757198	23.054097396600966	5.0	423.9471685320166	29.109700996570442	14.0	25.649180781014472
6341.557600067436	17.32566040076902	5.0	4044.5637578675887	22.596083958151013	5.0	468.3827123925094	27.521874575503453	14.0	22.415692819132392
5678.370833078569	17.26673396287072	5.0	4294.407953853337	21.84773627231345	5.0	521.6343829765958	25.21631284307555	14.0	24.479977975101278
6333.310748065667	17.36469036898754	5.0	3677.541835155832	22.49659669675805	5.0	459.3288183712714	25.630285361039	14.0	29.087681500650245
4888.713099505222	16.66926470803714	5.0	4841.2625008877085	21.58524497220451	5.0	496.8313070986794	25.382526723454422	14.0	23.818305582218798
4568.68253771603	16.616039622257727	5.0	5044.446947127026	21.493721261238317	5.0	496.80291229641193	25.482783938965763	14.0	22.55468765470173
4150.015245879198	16.59132409588184	5.0	5312.302288701135	21.40661953741712	5.0	563.3067915205872	24.18639315847186	14.0	20.585650352192165
4348.260432858003	16.665571823534247	5.0	5325.245832678359	21.585189043548844	5.0	489.02032830324293	25.334352279923333	14.0	20.904041474063277
4533.916795221852	16.690172399369306	5.0	5296.882333953248	21.545577626991776	5.0	505.85577309494903	26.0720668523795	14.0	20.690086136389674
5176.457691217119	16.97261823075279	5.0	4722.247536491422	21.584894975096503	5.0	513.7380743349285	25.55732896744431	14.0	22.180385508185832
4488.8663188537175	16.501657506558857	5.0	5475.530941595732	21.04935763219969	5.0	465.85268116258396	27.23899106613103	14.0	22.355983654292537
6246.660810171817	17.544145808518028	5.0	3307.0400059087074	21.12797683895705	5.0	599.3264333990091	24.84080996462326	14.0	18.34138402844392
6996.534792228878	17.74010266208062	5.0	2295.466566252124	20.927503979496638	5.0	598.677636024366	24.75516894780676	14.0	17.54100106332111
8652.018729669613	18.20926641088571	5.0	389.2685475630402	21.491530482552974	5.0	635.3487655441555	24.13303087288412	14.0	20.31082749035159
78.66845798066338	3.2602367072657303	5.0	8941.524189940279	18.200507292448787	5.0	579.4060041555788	26.197425767745703	14.0	14.971492021464925
204.04745835029522	2.665450431951532	5.0	9021.786867552364	18.199596147085337	5.0	484.1960949863236	29.978616965987374	14.0	12.803353588110232
212.38497242120283	4.82057020311611	5.0	8682.721217206332	18.247897121901243	5.0	492.29300107580735	28.768992821268426	14.0	13.176042916446614
255.66735511923207	7.58290485748286	5.0	8181.806108816139	18.42130847980672	5.0	509.99236914438933	27.47756631748509	14.0	16.702479894256246
362.2024220460931	12.183382279406766	5.0	7385.765077351949	18.50942079959109	5.0	603.7954310129568	24.064769891331952	14.0	16.392316246165286
231.56243604123966	10.95936194638143	5.0	6867.838213999941	18.438111059735135	5.0	677.0926992923489	23.081146531257236	14.0	13.159013906319966
3544.4697141559013	16.811101677723023	5.0	3249.404977591255	19.55032187312672	5.0	688.3998749350279	22.458808192375532	14.0	14.496383709949109
5158.921667390929	17.02214141881431	5.0	1479.1313111823515	21.380409623018718	5.0	645.0031159487512	22.792418178901787	14.0	12.534828704011478
5282.235047800318	17.240643430323935	5.0	998.7121713910475	21.937287113341156	5.0	686.075294110592	22.264352516399757	14.0	11.767661204099301
5160.4555342918375	17.104816640902204	5.0	806.3137951942657	22.56837914263269	5.0	698.912356512157	22.643386700249195	14.0	11.775951232862765
4975.429965542541	17.023564353698802	5.0	972.2184740355682	21.84416876013248	5.0	626.7579023713841	22.969093781367413	14.0	13.260497024832292
5039.201281151903	16.928988722785842	5.0	830.4601054405258	22.403138652534427	5.0	614.9474930714838	22.670596403385268	14.0	10.0232977403891
5332.820879717121	17.321743703556706	5.0	192.00580209472585	23.808387769384627	5.0	698.830229856654	22.519246041732675	14.0	8.780795594987516
5399.166030693131	17.40421442441565	5.0	0.0	29.629403622168464	5.0	694.1274723215998	22.556181860168696	14.0	5.076199453429334
3723.549948111666	16.959579881233438	5.0	1522.6033364636353	18.40426178784502	5.0	658.2832527547401	22.540162214183997	14.0	9.39905682543877
214.06163098968932	11.013599027831818	5.0	4911.57292918423	17.461782546550978	5.0	658.8908064010333	23.54282095949353	14.0	8.308988481947532
173.33698562887295	9.96120127772919	5.0	4700.719321745156	17.356303857344	5.0	708.9544520228243	22.654950023225993	14.0	4.727657281065716
4077.7754808341815	16.57175427686799	5.0	658.0713999725068	19.83470458103239	5.0	753.295456060579	22.117235804142204	14.0	6.23032101751934
4231.448713533987	16.47689020330298	5.0	428.5070651586025	20.73511374978177	5.0	785.2369862664352	22.33550077835219	14.0	3.260522411569518
1737.39957988246	14.526283746176032	5.0	3082.778430712364	18.217132199862128	5.0	682.1341821067587	22.97750557147407	14.0	4.463875713269837
186.22292256265942	9.660138825100109	5.0	4177.230602845286	17.039114100188996	5.0	738.8449028332178	22.877158840027437	14.0	3.220656908774046
739.1708030156134	12.271223597140546	5.0	3646.224151655256	17.97602512987134	5.0	644.6577412435197	23.02140436997751	14.0	4.805354298029275
1119.1138279465065	13.057543067083884	5.0	3289.569906334233	18.681825088766598	5.0	596.7860273310904	23.2878695907491	14.0	5.862468814165031
1512.2159542100953	14.20154929524567	5.0	2804.4160197899305	19.114856508292775	5.0	593.6506569846127	22.319479696988385	14.0	7.477929165862298
966.3135507005289	12.647421954506692	5.0	3537.8460822739494	18.890263562005615	5.0	572.0376619768949	22.63307390442476	14.0	7.719259113379032
1010.9603650506818	12.248994460378203	5.0	3769.86097061985	19.08843389405404	5.0	521.6696993067175	23.407472162169213	14.0	8.710379251907701
1037.7655677407581	12.324008485384438	5.0	3763.5567830624664	19.608539323887033	5.0	524.807337783583	23.212082514748676	14.0	11.945955120355512
1213.0637194367466	12.12686752422127	5.0	3894.7929788700953	20.242891717002127	5.0	424.42183921347714	24.447610229906086	14.0	14.100313046664587
1240.3837986029905	11.345143854358872	5.0	4117.862288122802	20.73186003388119	5.0	328.53425322729464	28.563224500919777	14.0	14.039476321629333
1299.8260302883355	12.053627626394656	5.0	3814.1544039296014	21.387258983689115	5.0	376.7495282674749	25.493699500956073	14.0	16.62511140455814
1118.4962348800025	12.567777599820486	5.0	3491.4325314673333	21.533256718829758	5.0	451.8945264760563	23.176592505640894	14.0	13.217219760609552
1151.604099597797	12.556081041440205	5.0	3202.0476463734976	21.70013858256816	5.0	449.139687051878	22.736158141115276	14.0	15.171233969996559
1134.8666558508846	13.089290340200485	5.0	2934.6205503040505	21.68655680094587	5.0	515.363650271997	21.64628160114145	14.0	14.24821394278613
1420.1194860642163	13.94675430449581	5.0	2463.9835048940154	22.279676329536166	5.0	539.4602335026215	21.50789844300239	14.0	18.593640166313445
1452.440828050704	14.778382167050937	5.0	2100.663187037875	22.39957954641992	5.0	641.1192826346887	20.56643008360022	14.0	12.325652486310052
1578.016030327586	14.998167804345048	5.0	2026.5660579728933	22.68993021834096	5.0	603.8406289351898	20.512475638553983	14.0	14.701611675431767
1558.7593074941512	14.71612405629705	5.0	2017.0946221506124	22.556630222980154	5.0	605.453510670812	20.68791597495055	14.0	12.292733662825556
1423.366123901555	15.033952854530352	5.0	2016.8827797778345	22.458000896980348	5.0	718.1549222020892	18.93952319201452	14.0	8.412492822568709
1172.8139292450567	14.624257520921622	5.0	2174.465604534505	22.093178222646547	5.0	759.0096682449234	19.47443374758916	14.0	9.61460199212205
1196.9191212394544	15.33969459286592	5.0	2159.9959948084143	22.22044420695259	5.0	760.6017407920182	18.61598085417564	14.0	7.167749697818181
1258.4580105873308	15.12688704278871	5.0	2101.706295729058	22.387330506277692	5.0	779.1874388677774	19.243672486255665	14.0	10.138179967996669
1106.595476138665	14.890272539497959	5.0	2184.046571703181	22.105018092919064	5.0	838.6564826018143	18.684941804005287	14.0	9.456241437780562
1191.8204037098856	14.905508401219878	5.0	2071.8139322211005	22.209056414309845	5.0	891.5475127506659	18.88567092469514	14.0	5.878269639422202
1211.9505964449402	14.535756876544328	5.0	2195.364730340565	22.370026013609525	5.0	875.3684721606827	18.5771840775853	14.0	5.290894297304782
1323.702443838716	15.284504183238873	5.0	2106.249954968506	22.581926349395925	5.0	930.1455662905204	19.04083645823578	14.0	3.870438178940198
1279.7042187585412	14.84771988283034	5.0	2211.190413358704	22.607951217039968	5.0	954.0629406308979	18.877271616462604	14.0	3.044625250683784
1449.5639500239586	14.509394258264617	5.0	2217.7678987008385	22.892348761881394	5.0	894.1082773891454	18.517747712052415	14.0	1.5783859640031608
1454.5725857284924	14.001336426971285	5.0	2199.763622785826	22.731938724089048	5.0	856.0782398639154	18.740684093157004	14.0	4.167715566265631
1261.1981049912113	14.233429107317239	5.0	1999.5183498356546	22.522812806661985	5.0	1029.9512578319038	19.106327742106444	14.0	1.2232834743430276
1358.0405391733045	14.565163877405123	5.0	1879.5610848425204	22.489171823732665	5.0	1029.5196812615147	19.160381326618687	14.0	0.4801628174979962
1488.8736081784393	15.32888644529888	5.0	1733.8237774408067	23.334125548329407	5.0	1027.8257841062157	18.32179336331818	14.0	0.5319089329431861
1176.3311961463116	14.681492794415405	5.0	1802.176620758955	22.42849085323161	5.0	1074.8446805132062	18.994449186397503	14.0	-3.0162343954365154
1078.4187226075264	13.598518358177529	5.0	1970.9237335036962	22.89702942325856	5.0	1012.5992582650273	18.77695991651356	14.0	1.6546397491588645
1032.2864004892035	12.71367157522462	5.0	2218.790512692691	22.959216060312713	5.0	939.4701290753344	18.670262069494406	14.0	3.6021812074077277
974.6353478142272	11.811851706768609	5.0	2395.0440018383465	22.84566824916102	5.0	938.3857333330325	19.925067721506178	14.0	1.9161061739106158
1106.5268449971536	12.65961728809762	5.0	2188.7595440960436	23.107019091952893	5.0	939.0917280697811	19.827364530035545	14.0	0.08971585977404266
1004.5887516676744	12.388812696593241	5.0	2270.9495251577328	22.935044427867496	5.0	970.0915948093674	19.878261278300172	14.0	0.7113452691502428
1142.487469270736	13.11140465785461	5.0	2155.7403146351317	23.271768145762007	5.0	961.4256362763841	19.682463359799726	14.0	0.6159544451905659
1228.9330290092373	12.4449191682135	5.0	2331.8102964907066	23.523353117071842	5.0	862.1788981981381	19.261815901210213	14.0	3.202576808906632
1216.6837244616133	11.92768552206161	5.0	2470.4709392234035	23.301828640981018	5.0	814.3711184626261	20.22169966697082	14.0	5.572907463483788
1236.402511613695	12.383788480754273	5.0	2444.855086052938	23.67822120140117	5.0	784.7157726553808	19.585013831691363	14.0	5.922740190250567
1218.99091867164	12.512083548867995	5.0	2398.76146157266	23.39861319659368	5.0	811.950852629356	19.637494283509735	14.0	6.428260897284464
1181.146812818273	12.874834045573818	5.0	2449.4704582172567	23.57640707682856	5.0	831.898831578931	19.02339315238114	14.0	5.440788532306904
1219.4519817931516	12.780173084479717	5.0	2622.602446342033	23.451799627159442	5.0	756.668363474222	19.702850167543033	14.0	3.693216568484172
1157.0995414953568	11.995053529963773	5.0	2722.5615217310374	22.739558255123015	5.0	737.6710544127247	20.486312629265502	14.0	5.016937559864437
1093.358682344291	12.13007860465211	5.0	2776.1042316250373	22.500857035803	5.0	726.5327544424307	20.682991276417372	14.0	7.4123515761748555
1192.6669302683624	10.559159728316212	5.0	2975.469219583362	22.10654391172456	5.0	607.1018386089055	23.196219901085495	14.0	8.117348927337165
1015.7875810076617	10.880784400593829	5.0	2895.0297529511645	21.915070310340372	5.0	641.8774837573956	21.524468694866332	14.0	7.11930748543812
1123.5933448736405	10.744377121316738	5.0	2854.24488892856	22.0183880569414	5.0	588.5192164022003	22.329100521758317	14.0	7.4950473193451534
1071.8908318695303	11.324693477237851	5.0	2808.9556811784055	22.12305268149532	5.0	543.5538383147962	21.586025842197646	14.0	12.229142197300288
1150.6713188648077	10.733995540346234	5.0	2831.0029662523752	22.103685903696025	5.0	565.7367758464238	22.521192806223468	14.0	10.187319637486961
1233.9923648527076	11.142846658294648	5.0	2737.7363450638886	22.285814794446296	5.0	495.66023917921706	22.101546537784827	14.0	13.924390938131802
1089.4768600596635	11.361331821961349	5.0	2619.8208270386017	22.411124386600907	5.0	540.9903843302153	21.263522243021832	14.0	9.80961850504716
1144.3342963236005	11.007412432365113	5.0	2555.90771008996	22.247941498537077	5.0	475.1247357048693	22.320393700374666	14.0	9.918384222772438
1251.0979934004376	10.817070296283319	5.0	2489.487142564615	22.026970674795816	5.0	394.33716386259266	25.673428364128608	14.0	14.12436771884069
1073.0709117208203	10.713641586133733	5.0	2298.378968544679	22.091508727087	5.0	486.01964793503805	23.88952323620384	14.0	8.081420247825688
1508.2200895724354	11.301134885707395	5.0	2683.1769314383555	22.415874762390416	5.0	214.395185357414	40.0	14.0	19.383973053941446
1412.0532326163568	10.54811991834807	5.0	2495.6954624816212	21.88245538695282	5.0	372.38181835204614	40.0	14.0	59.75017257161069
1169.3251441040413	10.63987429815013	5.0	2255.164205596338	21.85852224094099	5.0	497.08086074516996	24.17229068693166	14.0	12.099487130186999
1214.125774056806	10.642094994746556	5.0	2081.9833538739413	21.888428479786487	5.0	521.201263256492	24.3654034638346	14.0	32.06500670666117
1181.5741094382042	10.490001266405983	5.0	2107.803203718322	21.68232728307879	5.0	541.2326739515447	24.17601481646996	14.0	41.52401202175112
1348.2381191375193	10.855099590539876	5.0	2096.4618088545794	21.92726619800978	5.0	467.48417900027744	26.188789022635763	14.0	39.29156677025926
1299.7542515465948	10.916180954475422	5.0	1946.1199200459735	21.846570870241987	5.0	597.9429695138457	24.921095251547126	14.0	22.867572481308997
1228.2344723161282	11.001721997850764	5.0	1977.8797972369998	21.78997477104254	5.0	613.7870611691866	23.71749750804991	14.0	18.898004023167516
1276.4822360288854	11.087441868217065	5.0	1950.8875748501125	21.93561188805726	5.0	563.4605422084743	25.359862726020317	14.0	12.235731573396144
1270.9879993264271	11.262085500976019	5.0	1797.0556577082978	21.919030912384947	5.0	608.2026513597764	24.446289857479307	14.0	9.36178188630422
1176.1834363913392	11.232982504648197	5.0	1900.0960969652003	21.48795369466791	5.0	624.219868132432	24.00614351707469	14.0	5.453851317842645
1193.0991750771202	10.910427946995576	5.0	1759.8165960973336	21.590071534381238	5.0	669.4484178818007	24.7700926077354	14.0	1.0422610302271385
1223.3936789873487	10.652925724461017	5.0	1849.3020002898393	21.562908589374334	5.0	665.8222215237572	25.066149234812958	14.0	3.827129147076424
1258.546035091838	11.819071152164174	5.0	1537.0667586402835	21.963508763046256	5.0	784.8095397501771	23.084217207629123	14.0	2.2847382935539704
1260.6060218620466	11.683799937034362	5.0	1701.5861720643636	21.75794092324118	5.0	753.1838779690707	23.72369413485953	14.0	2.2927248277763255
1246.105442829793	11.126587010326231	5.0	1750.0212090097828	21.413960465778114	5.0	740.23298490699	23.757496834622607	14.0	11.363414371229053
1101.6232291069953	11.18055889157396	5.0	1710.7343086281926	20.92486726853824	5.0	855.8809353821374	23.90286242072199	14.0	3.6637362219795877
1097.793236827822	11.256207774006898	5.0	1628.9197112122217	21.15673518133181	5.0	891.0182041902707	23.78239192312272	14.0	4.700797358838603
1173.6837724182894	11.846937941209807	5.0	1492.900108170035	22.123164533135622	5.0	912.1445373290026	23.18949300368971	14.0	10.57776651079372
1248.7212577718126	11.389092365104146	5.0	1663.9234452739042	21.49503064744777	5.0	768.1757185785023	24.72930612107002	14.0	13.905662016435995
1132.1143506666751	12.492846708705901	5.0	1479.0278851056923	22.224545000162593	5.0	888.264928158693	22.642691014772687	14.0	6.809729787627099
1136.7601041286164	11.231746074016723	5.0	1659.6380294089836	21.45576904683452	5.0	764.2597247382234	23.87273974225807	14.0	16.266105490731313
