     1  0.25921E+02  0.26285E+05   538683  0.16489E+11  0.11645E+01
     2  0.25921E+02  0.26285E+05   805408  0.32602E+11  0.15400E+01
     3  0.25921E+02  0.26285E+05  1070635  0.47621E+11  0.16922E+01
     4  0.25921E+02  0.26285E+05  2132347  0.10321E+12  0.18415E+01
     5  0.25921E+02  0.26285E+05  1859654  0.82297E+11  0.16836E+01
     6  0.25921E+02  0.26285E+05  2646478  0.11707E+12  0.16829E+01
     7  0.25921E+02  0.26285E+05  2638295  0.11451E+12  0.16512E+01
     8  0.25921E+02  0.26285E+05  6309392  0.26793E+12  0.16155E+01
     9  0.25921E+02  0.26285E+05  4451304  0.18562E+12  0.15865E+01
    10  0.25921E+02  0.26285E+05  3654095  0.15106E+12  0.15727E+01
    11  0.25921E+02  0.26285E+05  4678910  0.18832E+12  0.15312E+01
    12  0.25921E+02  0.26285E+05  4406272  0.17647E+12  0.15237E+01
    13  0.25921E+02  0.26285E+05  5677990  0.22114E+12  0.14817E+01
    14  0.25921E+02  0.26285E+05  5658158  0.21888E+12  0.14717E+01
    15  0.25921E+02  0.26285E+05  5385565  0.20841E+12  0.14722E+01
    16  0.25921E+02  0.26285E+05  7149662  0.27263E+12  0.14507E+01
    17  0.25921E+02  0.26285E+05  7122570  0.26768E+12  0.14298E+01
    18  0.25921E+02  0.26285E+05  7095604  0.26556E+12  0.14238E+01
    19  0.25921E+02  0.26285E+05  7324239  0.26948E+12  0.13998E+01
    20  0.25921E+02  0.26285E+05  7051631  0.25726E+12  0.13879E+01
    21  0.25921E+02  0.26285E+05  9020971  0.32214E+12  0.13585E+01
    22  0.25921E+02  0.26285E+05  8743963  0.31162E+12  0.13558E+01
    23  0.25921E+02  0.26285E+05  8957101  0.31868E+12  0.13536E+01
    24  0.25921E+02  0.26285E+05  8928699  0.31657E+12  0.13489E+01
    25  0.25921E+02  0.26285E+05 10376426  0.36439E+12  0.13360E+01
    26  0.25921E+02  0.26285E+05 10088526  0.35363E+12  0.13336E+01
    27  0.25921E+02  0.26285E+05  9811778  0.34569E+12  0.13404E+01
    28  0.25921E+02  0.26285E+05 11234138  0.39018E+12  0.13213E+01
    29  0.25921E+02  0.26285E+05 10469242  0.36614E+12  0.13305E+01
    30  0.25921E+02  0.26285E+05 12117333  0.41858E+12  0.13142E+01
    31  0.25921E+02  0.26285E+05 11593777  0.40072E+12  0.13149E+01
    32  0.25921E+02  0.26285E+05 11317081  0.39315E+12  0.13216E+01
    33  0.25921E+02  0.26285E+05 12463183  0.42726E+12  0.13042E+01
    34  0.25921E+02  0.26285E+05 13375353  0.45794E+12  0.13025E+01
    35  0.25921E+02  0.26285E+05 13319379  0.45649E+12  0.13039E+01
    36  0.25921E+02  0.26285E+05 13516233  0.46477E+12  0.13082E+01
    37  0.25921E+02  0.26285E+05 13223581  0.45415E+12  0.13066E+01
    38  0.25921E+02  0.26285E+05 14575559  0.49815E+12  0.13002E+01
    39  0.25921E+02  0.26285E+05 13827685  0.47397E+12  0.13040E+01
    40  0.25921E+02  0.26285E+05 15393275  0.52454E+12  0.12964E+01
    41  0.25921E+02  0.26285E+05 14425731  0.49549E+12  0.13067E+01
    42  0.25921E+02  0.26285E+05 15282261  0.52100E+12  0.12970E+01
    43  0.25921E+02  0.26285E+05 15913357  0.54063E+12  0.12925E+01
    44  0.25921E+02  0.26285E+05 15173995  0.51388E+12  0.12884E+01
    45  0.25921E+02  0.26285E+05 16470110  0.55105E+12  0.12729E+01
    46  0.25921E+02  0.26285E+05 15747379  0.52282E+12  0.12631E+01
    47  0.25921E+02  0.26285E+05 17254160  0.56425E+12  0.12441E+01
    48  0.25921E+02  0.26285E+05 17192397  0.55747E+12  0.12336E+01
    49  0.25921E+02  0.26285E+05 17594227  0.56583E+12  0.12235E+01
    50  0.25921E+02  0.26285E+05 17720783  0.56734E+12  0.12180E+01
    51  0.25921E+02  0.26285E+05 17887788  0.56629E+12  0.12044E+01
    52  0.25921E+02  0.26285E+05 19130793  0.60514E+12  0.12034E+01
    53  0.25921E+02  0.26285E+05 17535099  0.55207E+12  0.11978E+01
    54  0.25921E+02  0.26285E+05 18550130  0.58370E+12  0.11971E+01
    55  0.25921E+02  0.26285E+05 19352290  0.60501E+12  0.11894E+01
    56  0.25921E+02  0.26285E+05 18638437  0.58120E+12  0.11863E+01
    57  0.25921E+02  0.26285E+05 20499279  0.64060E+12  0.11889E+01
    58  0.25921E+02  0.26285E+05 18281386  0.57083E+12  0.11879E+01
    59  0.25921E+02  0.26285E+05 21205931  0.65889E+12  0.11821E+01
    60  0.25921E+02  0.26285E+05 20476912  0.63562E+12  0.11809E+01
    61  0.25921E+02  0.26285E+05 19772547  0.61475E+12  0.11828E+01
    62  0.25921E+02  0.26285E+05 21363117  0.66368E+12  0.11819E+01
    63  0.25921E+02  0.26285E+05 19410833  0.60525E+12  0.11862E+01
    64  0.25921E+02  0.26285E+05 23315428  0.72185E+12  0.11778E+01
    65  0.25921E+02  0.26285E+05 21132030  0.65643E+12  0.11818E+01
    66  0.25921E+02  0.26285E+05 22313035  0.69146E+12  0.11790E+01
    67  0.25921E+02  0.26285E+05 21985526  0.67866E+12  0.11744E+01
    68  0.25921E+02  0.26285E+05 21712096  0.67076E+12  0.11753E+01
    69  0.25921E+02  0.26285E+05 23246776  0.70970E+12  0.11614E+01
    70  0.25921E+02  0.26285E+05 22141586  0.67797E+12  0.11649E+01
    71  0.25921E+02  0.26285E+05 22267703  0.67803E+12  0.11584E+01
    72  0.25921E+02  0.26285E+05 24596042  0.74670E+12  0.11550E+01
    73  0.25921E+02  0.26285E+05 22701536  0.69272E+12  0.11609E+01
    74  0.25921E+02  0.26285E+05 23991421  0.72595E+12  0.11512E+01
    75  0.25921E+02  0.26285E+05 23103934  0.70296E+12  0.11575E+01
    76  0.25921E+02  0.26285E+05 24609076  0.74527E+12  0.11521E+01
    77  0.25921E+02  0.26285E+05 25105621  0.76233E+12  0.11552E+01
    78  0.25921E+02  0.26285E+05 23613687  0.71933E+12  0.11589E+01
    79  0.25921E+02  0.26285E+05 24691285  0.74967E+12  0.11551E+01
    80  0.25921E+02  0.26285E+05 24399863  0.74384E+12  0.11598E+01
    81  0.25921E+02  0.26285E+05 26458423  0.80501E+12  0.11575E+01
    82  0.25921E+02  0.26285E+05 25163786  0.76660E+12  0.11590E+01
    83  0.25921E+02  0.26285E+05 25062886  0.76263E+12  0.11576E+01
    84  0.25921E+02  0.26285E+05 25159769  0.76710E+12  0.11599E+01
    85  0.25921E+02  0.26285E+05 26771659  0.81659E+12  0.11604E+01
    86  0.25921E+02  0.26285E+05 26274203  0.80026E+12  0.11587E+01
    87  0.25921E+02  0.26285E+05 25973823  0.79267E+12  0.11610E+01
    88  0.25921E+02  0.26285E+05 25670825  0.78413E+12  0.11621E+01
    89  0.25921E+02  0.26285E+05 27832824  0.85100E+12  0.11632E+01
    90  0.25921E+02  0.26285E+05 26408198  0.81060E+12  0.11678E+01
    91  0.25921E+02  0.26285E+05 27206208  0.83303E+12  0.11649E+01
    92  0.25921E+02  0.26285E+05 26729659  0.82073E+12  0.11681E+01
    93  0.25921E+02  0.26285E+05 27704642  0.85127E+12  0.11690E+01
    94  0.25921E+02  0.26285E+05 27049499  0.83464E+12  0.11739E+01
    95  0.25921E+02  0.26285E+05 27479979  0.84780E+12  0.11737E+01
    96  0.25921E+02  0.26285E+05 27738665  0.85765E+12  0.11763E+01
    97  0.25921E+02  0.26285E+05 28172998  0.86961E+12  0.11743E+01
    98  0.25921E+02  0.26285E+05 30365235  0.93705E+12  0.11740E+01
    99  0.25921E+02  0.26285E+05 27012011  0.84220E+12  0.11862E+01
   100  0.25921E+02  0.26285E+05 29041411  0.90381E+12  0.11840E+01
   101  0.25921E+02  0.26285E+05 26961433  0.84489E+12  0.11922E+01
   102  0.25921E+02  0.26285E+05 29854374  0.93128E+12  0.11867E+01
   103  0.25921E+02  0.26285E+05 30035439  0.93798E+12  0.11881E+01
   104  0.25921E+02  0.26285E+05 27656100  0.87406E+12  0.12024E+01
   105  0.25921E+02  0.26285E+05 29429402  0.92759E+12  0.11991E+01
   106  0.25921E+02  0.26285E+05 28986914  0.91876E+12  0.12058E+01
   107  0.25921E+02  0.26285E+05 29879478  0.94687E+12  0.12056E+01
   108  0.25921E+02  0.26285E+05 30244328  0.96136E+12  0.12093E+01
   109  0.25921E+02  0.26285E+05 29306255  0.94274E+12  0.12238E+01
   110  0.25921E+02  0.26285E+05 31150964  0.99444E+12  0.12145E+01
   111  0.25921E+02  0.26285E+05 28841336  0.92820E+12  0.12244E+01
   112  0.25921E+02  0.26285E+05 30196038  0.96640E+12  0.12176E+01
   113  0.25921E+02  0.26285E+05 30073282  0.97101E+12  0.12284E+01
   114  0.25921E+02  0.26285E+05 30479450  0.98969E+12  0.12353E+01
   115  0.25921E+02  0.26285E+05 31436434  0.10154E+13  0.12288E+01
   116  0.25921E+02  0.26285E+05 30695110  0.10008E+13  0.12404E+01
   117  0.25921E+02  0.26285E+05 30497155  0.99304E+12  0.12388E+01
   118  0.25921E+02  0.26285E+05 30212408  0.98860E+12  0.12449E+01
   119  0.25921E+02  0.26285E+05 30572968  0.10040E+13  0.12494E+01
   120  0.25921E+02  0.26285E+05 32018708  0.10507E+13  0.12484E+01
   121  0.25921E+02  0.26285E+05 31792150  0.10540E+13  0.12612E+01
   122  0.25921E+02  0.26285E+05 31404098  0.10397E+13  0.12596E+01
   123  0.25921E+02  0.26285E+05 32234702  0.10710E+13  0.12640E+01
   124  0.25921E+02  0.26285E+05 30798790  0.10271E+13  0.12688E+01
   125  0.25921E+02  0.26285E+05 31427134  0.10489E+13  0.12698E+01
   126  0.25921E+02  0.26285E+05 31180593  0.10498E+13  0.12809E+01
   127  0.25921E+02  0.26285E+05 33164465  0.11133E+13  0.12771E+01
   128  0.25921E+02  0.26285E+05 31309753  0.10573E+13  0.12847E+01
   129  0.25921E+02  0.26285E+05 32230502  0.10864E+13  0.12823E+01
   130  0.25921E+02  0.26285E+05 31479396  0.10610E+13  0.12823E+01
   131  0.25921E+02  0.26285E+05 31807570  0.10564E+13  0.12635E+01
   132  0.25921E+02  0.26285E+05 32963450  0.10915E+13  0.12597E+01
   133  0.25921E+02  0.26285E+05 32245177  0.10742E+13  0.12674E+01
   134  0.25921E+02  0.26285E+05 32995757  0.11015E+13  0.12701E+01
   135  0.25921E+02  0.26285E+05 31754172  0.10630E+13  0.12735E+01
   136  0.25921E+02  0.26285E+05 33556563  0.11231E+13  0.12733E+01
   137  0.25921E+02  0.26285E+05 32182532  0.10812E+13  0.12781E+01
   138  0.25921E+02  0.26285E+05 31901542  0.10750E+13  0.12820E+01
   139  0.25921E+02  0.26285E+05 33356727  0.11237E+13  0.12817E+01
   140  0.25921E+02  0.26285E+05 33459824  0.11286E+13  0.12832E+01
   141  0.25921E+02  0.26285E+05 32998623  0.11162E+13  0.12869E+01
   142  0.25921E+02  0.26285E+05 32413432  0.10988E+13  0.12897E+01
   143  0.25921E+02  0.26285E+05 31820827  0.10810E+13  0.12925E+01
   144  0.25921E+02  0.26285E+05 34226990  0.11635E+13  0.12933E+01
   145  0.25921E+02  0.26285E+05 33927330  0.11550E+13  0.12951E+01
   146  0.25921E+02  0.26285E+05 33293483  0.11406E+13  0.13034E+01
   147  0.25921E+02  0.26285E+05 32606263  0.11200E+13  0.13068E+01
   148  0.25921E+02  0.26285E+05 33848997  0.11632E+13  0.13073E+01
   149  0.25921E+02  0.26285E+05 34019754  0.11705E+13  0.13090E+01
   150  0.25921E+02  0.26285E+05 32355791  0.11207E+13  0.13177E+01
   151  0.25921E+02  0.26285E+05 34082507  0.11817E+13  0.13191E+01
   152  0.25921E+02  0.26285E+05 32178065  0.11224E+13  0.13270E+01
   153  0.25921E+02  0.26285E+05 34547851  0.12019E+13  0.13235E+01
   154  0.25921E+02  0.26285E+05 33301620  0.11676E+13  0.13339E+01
   155  0.25921E+02  0.26285E+05 32737261  0.11476E+13  0.13337E+01
   156  0.25921E+02  0.26285E+05 33994228  0.11969E+13  0.13395E+01
   157  0.25921E+02  0.26285E+05 34407437  0.12111E+13  0.13391E+01
   158  0.25921E+02  0.26285E+05 34183846  0.12105E+13  0.13471E+01
   159  0.25921E+02  0.26285E+05 32821755  0.11684E+13  0.13543E+01
   160  0.25921E+02  0.26285E+05 32789429  0.11683E+13  0.13556E+01
   161  0.25921E+02  0.26285E+05 34890269  0.12438E+13  0.13562E+01
   162  0.25921E+02  0.26285E+05 33354075  0.11962E+13  0.13643E+01
   163  0.25921E+02  0.26285E+05 34558947  0.12434E+13  0.13687E+01
   164  0.25921E+02  0.26285E+05 33095763  0.11944E+13  0.13730E+01
   165  0.25921E+02  0.26285E+05 34165993  0.12342E+13  0.13743E+01
   166  0.25921E+02  0.26285E+05 34095021  0.12376E+13  0.13809E+01
   167  0.25921E+02  0.26285E+05 32817278  0.11980E+13  0.13888E+01
   168  0.25921E+02  0.26285E+05 34084405  0.12467E+13  0.13915E+01
   169  0.25921E+02  0.26285E+05 34328373  0.12597E+13  0.13961E+01
   170  0.25921E+02  0.26285E+05 34463650  0.12680E+13  0.13998E+01
   171  0.25921E+02  0.26285E+05 34275333  0.12688E+13  0.14083E+01
   172  0.25921E+02  0.26285E+05 32017905  0.11909E+13  0.14150E+01
   173  0.25921E+02  0.26285E+05 34584909  0.12892E+13  0.14182E+01
   174  0.25921E+02  0.26285E+05 33916673  0.12664E+13  0.14205E+01
   175  0.25921E+02  0.26285E+05 33480033  0.12594E+13  0.14311E+01
   176  0.25921E+02  0.26285E+05 34123405  0.12854E+13  0.14331E+01
   177  0.25921E+02  0.26285E+05 33166808  0.12607E+13  0.14461E+01
   178  0.25921E+02  0.26285E+05 34769442  0.13200E+13  0.14443E+01
   179  0.25921E+02  0.26285E+05 33541284  0.12815E+13  0.14535E+01
   180  0.25921E+02  0.26285E+05 34154046  0.13128E+13  0.14623E+01
   181  0.25921E+02  0.26285E+05 33494067  0.12931E+13  0.14687E+01
   182  0.25921E+02  0.26285E+05 33982708  0.13167E+13  0.14741E+01
   183  0.25921E+02  0.26285E+05 33650778  0.13092E+13  0.14801E+01
   184  0.25921E+02  0.26285E+05 33356845  0.13054E+13  0.14888E+01
   185  0.25921E+02  0.26285E+05 33120397  0.13032E+13  0.14970E+01
   186  0.25921E+02  0.26285E+05 33721564  0.13306E+13  0.15011E+01
   187  0.25921E+02  0.26285E+05 34085883  0.13516E+13  0.15086E+01
   188  0.25921E+02  0.26285E+05 33671260  0.13417E+13  0.15159E+01
   189  0.25921E+02  0.26285E+05 33356664  0.13380E+13  0.15260E+01
   190  0.25921E+02  0.26285E+05 32782961  0.13173E+13  0.15287E+01
   191  0.25921E+02  0.26285E+05 34331980  0.13858E+13  0.15356E+01
   192  0.25921E+02  0.26285E+05 33021269  0.13402E+13  0.15440E+01
   193  0.25921E+02  0.26285E+05 33618300  0.13760E+13  0.15571E+01
   194  0.25921E+02  0.26285E+05 33262475  0.13647E+13  0.15609E+01
   195  0.25921E+02  0.26285E+05 33704204  0.13879E+13  0.15666E+01
   196  0.25921E+02  0.26285E+05 33404860  0.13875E+13  0.15802E+01
   197  0.25921E+02  0.26285E+05 33662173  0.14001E+13  0.15823E+01
   198  0.25921E+02  0.26285E+05 32445912  0.13626E+13  0.15977E+01
   199  0.25921E+02  0.26285E+05 33837700  0.14208E+13  0.15974E+01
   200  0.25921E+02  0.26285E+05 32321694  0.13687E+13  0.16110E+01
   201  0.25921E+02  0.26285E+05 32631497  0.13897E+13  0.16202E+01
   202  0.25921E+02  0.26285E+05 33387810  0.14251E+13  0.16238E+01
   203  0.25921E+02  0.26285E+05 32495254  0.13994E+13  0.16384E+01
   204  0.25921E+02  0.26285E+05 33553817  0.14482E+13  0.16420E+01
   205  0.25921E+02  0.26285E+05 31778698  0.13856E+13  0.16587E+01
   206  0.25921E+02  0.26285E+05 32937248  0.14424E+13  0.16661E+01
   207  0.25921E+02  0.26285E+05 32412917  0.14254E+13  0.16731E+01
   208  0.25921E+02  0.26285E+05 33092299  0.14664E+13  0.16858E+01
   209  0.25921E+02  0.26285E+05 33219187  0.14766E+13  0.16910E+01
   210  0.25921E+02  0.26285E+05 31389168  0.14084E+13  0.17070E+01
   211  0.25921E+02  0.26285E+05 32190778  0.14485E+13  0.17118E+01
   212  0.25921E+02  0.26285E+05 32738177  0.14813E+13  0.17214E+01
   213  0.25921E+02  0.26285E+05 31874865  0.14538E+13  0.17352E+01
   214  0.25921E+02  0.26285E+05 32815848  0.15007E+13  0.17398E+01
   215  0.25921E+02  0.26285E+05 30786029  0.14240E+13  0.17597E+01
   216  0.25921E+02  0.26285E+05 32717199  0.15154E+13  0.17621E+01
   217  0.25921E+02  0.26285E+05 32066149  0.14981E+13  0.17774E+01
   218  0.25921E+02  0.26285E+05 30663774  0.14444E+13  0.17920E+01
   219  0.25921E+02  0.26285E+05 32973035  0.15563E+13  0.17957E+01
   220  0.25921E+02  0.26285E+05 31047083  0.14801E+13  0.18136E+01
   221  0.25921E+02  0.26285E+05 32275069  0.15400E+13  0.18153E+01
   222  0.25921E+02  0.26285E+05 31177510  0.15001E+13  0.18304E+01
   223  0.25921E+02  0.26285E+05 30782201  0.14902E+13  0.18417E+01
   224  0.25921E+02  0.26285E+05 30630714  0.14914E+13  0.18523E+01
   225  0.25921E+02  0.26285E+05 31912413  0.15636E+13  0.18641E+01
   226  0.25921E+02  0.26285E+05 31453602  0.15466E+13  0.18707E+01
   227  0.25921E+02  0.26285E+05 30656366  0.15230E+13  0.18900E+01
   228  0.25921E+02  0.26285E+05 30829167  0.15355E+13  0.18948E+01
   229  0.25921E+02  0.26285E+05 30902902  0.15504E+13  0.19087E+01
   230  0.25921E+02  0.26285E+05 30641404  0.15514E+13  0.19261E+01
   231  0.25921E+02  0.26285E+05 30593913  0.15504E+13  0.19279E+01
   232  0.25921E+02  0.26285E+05 30239695  0.15494E+13  0.19493E+01
   233  0.25921E+02  0.26285E+05 30764043  0.15796E+13  0.19534E+01
   234  0.25921E+02  0.26285E+05 29979469  0.15518E+13  0.19693E+01
   235  0.25921E+02  0.26285E+05 29667974  0.15418E+13  0.19771E+01
   236  0.25921E+02  0.26285E+05 29756502  0.15509E+13  0.19828E+01
   237  0.25921E+02  0.26285E+05 29919082  0.15677E+13  0.19934E+01
   238  0.25921E+02  0.26285E+05 30195837  0.15855E+13  0.19976E+01
   239  0.25921E+02  0.26285E+05 29509691  0.15599E+13  0.20110E+01
   240  0.25921E+02  0.26285E+05 29100698  0.15456E+13  0.20206E+01
   241  0.25921E+02  0.26285E+05 29542718  0.15777E+13  0.20317E+01
   242  0.25921E+02  0.26285E+05 28802131  0.15525E+13  0.20507E+01
   243  0.25921E+02  0.26285E+05 29279102  0.15825E+13  0.20562E+01
   244  0.25921E+02  0.26285E+05 29437765  0.16034E+13  0.20721E+01
   245  0.25921E+02  0.26285E+05 28800963  0.15777E+13  0.20840E+01
   246  0.25921E+02  0.26285E+05 29278167  0.16161E+13  0.21000E+01
   247  0.25921E+02  0.26285E+05 27880839  0.15511E+13  0.21164E+01
   248  0.25921E+02  0.26285E+05 28573823  0.15960E+13  0.21250E+01
   249  0.25921E+02  0.26285E+05 27836492  0.15680E+13  0.21430E+01
   250  0.25921E+02  0.26285E+05 28835783  0.16326E+13  0.21540E+01
   251  0.25921E+02  0.26285E+05 27966040  0.15975E+13  0.21731E+01
   252  0.25921E+02  0.26285E+05 27930450  0.16051E+13  0.21863E+01
   253  0.25921E+02  0.26285E+05 27420328  0.15889E+13  0.22045E+01
   254  0.25921E+02  0.26285E+05 27645115  0.16144E+13  0.22217E+01
   255  0.25921E+02  0.26285E+05 27842238  0.16310E+13  0.22286E+01
   256  0.25921E+02  0.26285E+05 27362735  0.16124E+13  0.22418E+01
   257  0.25921E+02  0.26285E+05 27337306  0.16114E+13  0.22425E+01
   258  0.25921E+02  0.26285E+05 26917485  0.15892E+13  0.22461E+01
   259  0.25921E+02  0.26285E+05 26849038  0.15839E+13  0.22444E+01
   260  0.25921E+02  0.26285E+05 27112361  0.15965E+13  0.22401E+01
   261  0.25921E+02  0.26285E+05 25908318  0.15250E+13  0.22393E+01
   262  0.25921E+02  0.26285E+05 27108302  0.15929E+13  0.22355E+01
   263  0.25921E+02  0.26285E+05 26218227  0.15449E+13  0.22418E+01
   264  0.25921E+02  0.26285E+05 26205948  0.15461E+13  0.22446E+01
   265  0.25921E+02  0.26285E+05 25649610  0.15167E+13  0.22496E+01
   266  0.25921E+02  0.26285E+05 25120380  0.14896E+13  0.22559E+01
   267  0.25921E+02  0.26285E+05 26393996  0.15706E+13  0.22638E+01
   268  0.25921E+02  0.26285E+05 25739301  0.15344E+13  0.22679E+01
   269  0.25921E+02  0.26285E+05 25415535  0.15222E+13  0.22786E+01
   270  0.25921E+02  0.26285E+05 25039895  0.15036E+13  0.22844E+01
   271  0.25921E+02  0.26285E+05 24615596  0.14863E+13  0.22970E+01
   272  0.25921E+02  0.26285E+05 25203554  0.15312E+13  0.23113E+01
   273  0.25921E+02  0.26285E+05 24165554  0.14716E+13  0.23167E+01
   274  0.25921E+02  0.26285E+05 24688725  0.15118E+13  0.23296E+01
   275  0.25921E+02  0.26285E+05 24380587  0.15020E+13  0.23438E+01
   276  0.25921E+02  0.26285E+05 23952745  0.14844E+13  0.23577E+01
   277  0.25921E+02  0.26285E+05 24448088  0.15237E+13  0.23711E+01
   278  0.25921E+02  0.26285E+05 23395668  0.14640E+13  0.23805E+01
   279  0.25921E+02  0.26285E+05 23290640  0.14702E+13  0.24015E+01
   280  0.25921E+02  0.26285E+05 24180916  0.15348E+13  0.24147E+01
   281  0.25921E+02  0.26285E+05 23192634  0.14828E+13  0.24323E+01
   282  0.25921E+02  0.26285E+05 23178326  0.14891E+13  0.24442E+01
   283  0.25921E+02  0.26285E+05 22262763  0.14418E+13  0.24638E+01
   284  0.25921E+02  0.26285E+05 23108742  0.15113E+13  0.24881E+01
   285  0.25921E+02  0.26285E+05 22493413  0.14756E+13  0.24958E+01
   286  0.25921E+02  0.26285E+05 21993550  0.14578E+13  0.25216E+01
   287  0.25921E+02  0.26285E+05 22212612  0.14767E+13  0.25291E+01
   288  0.25921E+02  0.26285E+05 22136405  0.14816E+13  0.25463E+01
   289  0.25921E+02  0.26285E+05 22213889  0.15017E+13  0.25718E+01
   290  0.25921E+02  0.26285E+05 21233471  0.14407E+13  0.25814E+01
   291  0.25921E+02  0.26285E+05 21444677  0.14646E+13  0.25982E+01
   292  0.25921E+02  0.26285E+05 21299648  0.14497E+13  0.25893E+01
   293  0.25921E+02  0.26285E+05 21256351  0.14507E+13  0.25963E+01
   294  0.25921E+02  0.26285E+05 20814598  0.14278E+13  0.26097E+01
   295  0.25921E+02  0.26285E+05 20232247  0.13854E+13  0.26050E+01
   296  0.25921E+02  0.26285E+05 20207259  0.13912E+13  0.26191E+01
   297  0.25921E+02  0.26285E+05 20274951  0.13864E+13  0.26014E+01
   298  0.25921E+02  0.26285E+05 20267058  0.13952E+13  0.26189E+01
   299  0.25921E+02  0.26285E+05 19610724  0.13512E+13  0.26212E+01
   300  0.25921E+02  0.26285E+05 19216974  0.13263E+13  0.26256E+01
   301  0.25921E+02  0.26285E+05 20116125  0.13974E+13  0.26428E+01
   302  0.25921E+02  0.26285E+05 18964401  0.13181E+13  0.26442E+01
   303  0.25921E+02  0.26285E+05 19317452  0.13573E+13  0.26731E+01
   304  0.25921E+02  0.26285E+05 18109163  0.12724E+13  0.26730E+01
   305  0.25921E+02  0.26285E+05 19333746  0.13647E+13  0.26853E+01
   306  0.25921E+02  0.26285E+05 18449922  0.13136E+13  0.27087E+01
   307  0.25921E+02  0.26285E+05 17564726  0.12530E+13  0.27140E+01
   308  0.25921E+02  0.26285E+05 18348645  0.13234E+13  0.27439E+01
   309  0.25921E+02  0.26285E+05 17964558  0.12854E+13  0.27221E+01
   310  0.25921E+02  0.26285E+05 18034089  0.13064E+13  0.27560E+01
   311  0.25921E+02  0.26285E+05 17508957  0.12702E+13  0.27600E+01
   312  0.25921E+02  0.26285E+05 16974298  0.12334E+13  0.27643E+01
   313  0.25921E+02  0.26285E+05 17805968  0.13102E+13  0.27993E+01
   314  0.25921E+02  0.26285E+05 16882238  0.12409E+13  0.27964E+01
   315  0.25921E+02  0.26285E+05 17185409  0.12730E+13  0.28181E+01
   316  0.25921E+02  0.26285E+05 16589380  0.12301E+13  0.28210E+01
   317  0.25921E+02  0.26285E+05 16304363  0.11958E+13  0.27902E+01
   318  0.25921E+02  0.26285E+05 17328569  0.12707E+13  0.27898E+01
   319  0.25921E+02  0.26285E+05 16003489  0.11704E+13  0.27822E+01
   320  0.25921E+02  0.26285E+05 16510338  0.12151E+13  0.27998E+01
   321  0.25921E+02  0.26285E+05 15927568  0.11660E+13  0.27850E+01
   322  0.25921E+02  0.26285E+05 16099682  0.11890E+13  0.28096E+01
   323  0.25921E+02  0.26285E+05 15833162  0.11744E+13  0.28217E+01
   324  0.25921E+02  0.26285E+05 15527373  0.11441E+13  0.28032E+01
   325  0.25921E+02  0.26285E+05 15688769  0.11768E+13  0.28537E+01
   326  0.25921E+02  0.26285E+05 15604119  0.11614E+13  0.28315E+01
   327  0.25921E+02  0.26285E+05 15288972  0.11498E+13  0.28610E+01
   328  0.25921E+02  0.26285E+05 15122606  0.11404E+13  0.28688E+01
   329  0.25921E+02  0.26285E+05 14503400  0.10924E+13  0.28656E+01
   330  0.25921E+02  0.26285E+05 15405543  0.11782E+13  0.29096E+01
   331  0.25921E+02  0.26285E+05 14721090  0.11172E+13  0.28871E+01
   332  0.25921E+02  0.26285E+05 14533079  0.11210E+13  0.29345E+01
   333  0.25921E+02  0.26285E+05 14387092  0.11072E+13  0.29278E+01
   334  0.25921E+02  0.26285E+05 14189506  0.11007E+13  0.29510E+01
   335  0.25921E+02  0.26285E+05 14575510  0.11375E+13  0.29691E+01
   336  0.25921E+02  0.26285E+05 13859788  0.10768E+13  0.29558E+01
   337  0.25921E+02  0.26285E+05 14064340  0.11100E+13  0.30026E+01
   338  0.25921E+02  0.26285E+05 13835207  0.10916E+13  0.30018E+01
   339  0.25921E+02  0.26285E+05 13779086  0.10980E+13  0.30317E+01
   340  0.25921E+02  0.26285E+05 13660976  0.10940E+13  0.30466E+01
   341  0.25921E+02  0.26285E+05 13241699  0.10583E+13  0.30404E+01
   342  0.25921E+02  0.26285E+05 13625157  0.11046E+13  0.30841E+01
   343  0.25921E+02  0.26285E+05 13067488  0.10609E+13  0.30885E+01
   344  0.25921E+02  0.26285E+05 13267066  0.10885E+13  0.31215E+01
   345  0.25921E+02  0.26285E+05 12976114  0.10675E+13  0.31298E+01
   346  0.25921E+02  0.26285E+05 12543234  0.10384E+13  0.31495E+01
   347  0.25921E+02  0.26285E+05 12720067  0.10624E+13  0.31775E+01
   348  0.25921E+02  0.26285E+05 12576477  0.10500E+13  0.31762E+01
   349  0.25921E+02  0.26285E+05 12755804  0.10805E+13  0.32226E+01
   350  0.25921E+02  0.26285E+05 12308895  0.10373E+13  0.32059E+01
   351  0.25921E+02  0.26285E+05 12054588  0.10341E+13  0.32635E+01
   352  0.25921E+02  0.26285E+05 12304643  0.10565E+13  0.32664E+01
   353  0.25921E+02  0.26285E+05 11839107  0.10178E+13  0.32705E+01
   354  0.25921E+02  0.26285E+05 12048943  0.10616E+13  0.33519E+01
   355  0.25921E+02  0.26285E+05 11620817  0.10130E+13  0.33163E+01
   356  0.25921E+02  0.26285E+05 11718585  0.10430E+13  0.33859E+01
   357  0.25921E+02  0.26285E+05 11538724  0.10210E+13  0.33664E+01
   358  0.25921E+02  0.26285E+05 11166370  0.99617E+12  0.33940E+01
   359  0.25921E+02  0.26285E+05 11538270  0.10489E+13  0.34584E+01
   360  0.25921E+02  0.26285E+05 11133887  0.10055E+13  0.34358E+01
   361  0.25921E+02  0.26285E+05 11226501  0.10339E+13  0.35037E+01
   362  0.25921E+02  0.26285E+05 10937776  0.10067E+13  0.35016E+01
   363  0.25921E+02  0.26285E+05 10788311  0.10064E+13  0.35490E+01
   364  0.25921E+02  0.26285E+05 10664779  0.10024E+13  0.35759E+01
   365  0.25921E+02  0.26285E+05 10532838  0.99406E+12  0.35905E+01
   366  0.25921E+02  0.26285E+05 10567620  0.10079E+13  0.36286E+01
   367  0.25921E+02  0.26285E+05 10388389  0.99725E+12  0.36521E+01
   368  0.25921E+02  0.26285E+05 10184743  0.98589E+12  0.36827E+01
   369  0.25921E+02  0.26285E+05 10266364  0.10021E+13  0.37134E+01
   370  0.25921E+02  0.26285E+05  9901600  0.97469E+12  0.37450E+01
   371  0.25921E+02  0.26285E+05  9988890  0.99402E+12  0.37858E+01
   372  0.25921E+02  0.26285E+05  9502303  0.95801E+12  0.38355E+01
   373  0.25921E+02  0.26285E+05 10009756  0.10012E+13  0.38053E+01
   374  0.25921E+02  0.26285E+05  9569173  0.97574E+12  0.38792E+01
   375  0.25921E+02  0.26285E+05  9425581  0.96589E+12  0.38986E+01
   376  0.25921E+02  0.26285E+05  9330335  0.96855E+12  0.39492E+01
   377  0.25921E+02  0.26285E+05  9217835  0.96774E+12  0.39941E+01
   378  0.25921E+02  0.26285E+05  9142107  0.96138E+12  0.40007E+01
   379  0.25921E+02  0.26285E+05  8978214  0.95854E+12  0.40617E+01
   380  0.25921E+02  0.26285E+05  8863315  0.95214E+12  0.40868E+01
   381  0.25921E+02  0.26285E+05  8874752  0.96311E+12  0.41286E+01
   382  0.25921E+02  0.26285E+05  8665666  0.95212E+12  0.41800E+01
   383  0.25921E+02  0.26285E+05  8534151  0.94398E+12  0.42081E+01
   384  0.25921E+02  0.26285E+05  8306219  0.93337E+12  0.42750E+01
   385  0.25921E+02  0.26285E+05  8331269  0.94333E+12  0.43076E+01
   386  0.25921E+02  0.26285E+05  8453014  0.96646E+12  0.43497E+01
   387  0.25921E+02  0.26285E+05  8136001  0.94338E+12  0.44112E+01
   388  0.25921E+02  0.26285E+05  8061161  0.94064E+12  0.44393E+01
   389  0.25921E+02  0.26285E+05  7771179  0.91966E+12  0.45022E+01
   390  0.25921E+02  0.26285E+05  7876134  0.93860E+12  0.45337E+01
   391  0.25921E+02  0.26285E+05  7794928  0.94034E+12  0.45894E+01
   392  0.25921E+02  0.26285E+05  7574855  0.92688E+12  0.46552E+01
   393  0.25921E+02  0.26285E+05  7388933  0.91509E+12  0.47116E+01
   394  0.25921E+02  0.26285E+05  7392259  0.92583E+12  0.47647E+01
   395  0.25921E+02  0.26285E+05  7277356  0.92179E+12  0.48188E+01
   396  0.25921E+02  0.26285E+05  7022537  0.90407E+12  0.48977E+01
   397  0.25921E+02  0.26285E+05  7019638  0.91595E+12  0.49641E+01
   398  0.25921E+02  0.26285E+05  7001261  0.91901E+12  0.49938E+01
   399  0.25921E+02  0.26285E+05  6839516  0.91146E+12  0.50699E+01
   400  0.25921E+02  0.26285E+05  6871645  0.93110E+12  0.51549E+01
   401  0.25921E+02  0.26285E+05  6450518  0.88431E+12  0.52155E+01
   402  0.25921E+02  0.26285E+05  6586620  0.91798E+12  0.53022E+01
   403  0.25921E+02  0.26285E+05  6402956  0.90202E+12  0.53594E+01
   404  0.25921E+02  0.26285E+05  6350462  0.90878E+12  0.54442E+01
   405  0.25921E+02  0.26285E+05  6161043  0.89729E+12  0.55407E+01
   406  0.25921E+02  0.26285E+05  5962058  0.88168E+12  0.56260E+01
   407  0.25921E+02  0.26285E+05  6184986  0.92444E+12  0.56862E+01
   408  0.25921E+02  0.26285E+05  5725921  0.87120E+12  0.57884E+01
   409  0.25921E+02  0.26285E+05  5854519  0.90454E+12  0.58779E+01
   410  0.25921E+02  0.26285E+05  5607389  0.87970E+12  0.59684E+01
   411  0.25921E+02  0.26285E+05  5541895  0.88319E+12  0.60629E+01
   412  0.25921E+02  0.26285E+05  5572730  0.89878E+12  0.61358E+01
   413  0.25921E+02  0.26285E+05  5232019  0.85930E+12  0.62483E+01
   414  0.25921E+02  0.26285E+05  5207835  0.87171E+12  0.63680E+01
   415  0.25921E+02  0.26285E+05  5160531  0.87595E+12  0.64576E+01
   416  0.25921E+02  0.26285E+05  5018159  0.86966E+12  0.65931E+01
   417  0.25921E+02  0.26285E+05  5013417  0.88286E+12  0.66995E+01
   418  0.25921E+02  0.26285E+05  4722265  0.85242E+12  0.68674E+01
   419  0.25921E+02  0.26285E+05  4717391  0.86432E+12  0.69704E+01
   420  0.25921E+02  0.26285E+05  4670741  0.87101E+12  0.70945E+01
   421  0.25921E+02  0.26285E+05  4422436  0.84427E+12  0.72628E+01
   422  0.25921E+02  0.26285E+05  4453242  0.86334E+12  0.73755E+01
   423  0.25921E+02  0.26285E+05  4271625  0.85229E+12  0.75906E+01
   424  0.25921E+02  0.26285E+05  4306044  0.87048E+12  0.76906E+01
   425  0.25921E+02  0.26285E+05  4075691  0.85083E+12  0.79419E+01
   426  0.25921E+02  0.26285E+05  3901061  0.83356E+12  0.81290E+01
   427  0.25921E+02  0.26285E+05  3882065  0.84668E+12  0.82974E+01
   428  0.25921E+02  0.26285E+05  3802758  0.84912E+12  0.84948E+01
   429  0.25921E+02  0.26285E+05  3689748  0.82548E+12  0.85112E+01
   430  0.25921E+02  0.26285E+05  3604642  0.81682E+12  0.86208E+01
   431  0.25921E+02  0.26285E+05  3409822  0.78940E+12  0.88074E+01
   432  0.25921E+02  0.26285E+05  3426962  0.80221E+12  0.89056E+01
   433  0.25921E+02  0.26285E+05  3248843  0.78261E+12  0.91644E+01
   434  0.25921E+02  0.26285E+05  3204241  0.78617E+12  0.93342E+01
   435  0.25921E+02  0.26285E+05  3062382  0.77581E+12  0.96379E+01
   436  0.25921E+02  0.26285E+05  2959778  0.77478E+12  0.99588E+01
   437  0.25921E+02  0.26285E+05  2858853  0.76863E+12  0.10228E+02
   438  0.25921E+02  0.26285E+05  2730264  0.76165E+12  0.10613E+02
   439  0.25921E+02  0.26285E+05  2639778  0.76063E+12  0.10962E+02
   440  0.25921E+02  0.26285E+05  2523825  0.74710E+12  0.11262E+02
   441  0.25921E+02  0.26285E+05  2540224  0.77634E+12  0.11627E+02
   442  0.25921E+02  0.26285E+05  2340423  0.73844E+12  0.12003E+02
   443  0.25921E+02  0.26285E+05  2240412  0.67112E+12  0.11396E+02
   444  0.25921E+02  0.26285E+05  2081426  0.58927E+12  0.10771E+02
   445  0.25921E+02  0.26285E+05  2101148  0.58116E+12  0.10523E+02
   446  0.25921E+02  0.26285E+05  1894542  0.52723E+12  0.10587E+02
   447  0.25921E+02  0.26285E+05  1879464  0.52698E+12  0.10667E+02
