     1  0.21591E+02  0.14501E+03   539233  0.11200E+08  0.14322E+00
     2  0.21591E+02  0.14501E+03   806236  0.39903E+08  0.34130E+00
     3  0.21591E+02  0.14501E+03  1071743  0.86246E+08  0.55493E+00
     4  0.21591E+02  0.14501E+03  2134557  0.25233E+09  0.81519E+00
     5  0.21591E+02  0.14501E+03  1861574  0.26913E+09  0.99696E+00
     6  0.21591E+02  0.14501E+03  2649216  0.44532E+09  0.11592E+01
     7  0.21591E+02  0.14501E+03  2641024  0.47044E+09  0.12283E+01
     8  0.21591E+02  0.14501E+03  6315918  0.11931E+10  0.13027E+01
     9  0.21591E+02  0.14501E+03  4455888  0.87974E+09  0.13615E+01
    10  0.21591E+02  0.14501E+03  3657845  0.72331E+09  0.13636E+01
    11  0.21591E+02  0.14501E+03  4683695  0.95932E+09  0.14124E+01
    12  0.21591E+02  0.14501E+03  4410751  0.89675E+09  0.14020E+01
    13  0.21591E+02  0.14501E+03  5683728  0.11797E+10  0.14313E+01
    14  0.21591E+02  0.14501E+03  5663826  0.11731E+10  0.14283E+01
    15  0.21591E+02  0.14501E+03  5390902  0.11104E+10  0.14204E+01
    16  0.21591E+02  0.14501E+03  7156723  0.14881E+10  0.14338E+01
    17  0.21591E+02  0.14501E+03  7129579  0.14833E+10  0.14346E+01
    18  0.21591E+02  0.14501E+03  7102531  0.14699E+10  0.14271E+01
    19  0.21591E+02  0.14501E+03  7331343  0.15147E+10  0.14247E+01
    20  0.21591E+02  0.14501E+03  7058449  0.14538E+10  0.14203E+01
    21  0.21591E+02  0.14501E+03  9029588  0.18594E+10  0.14200E+01
    22  0.21591E+02  0.14501E+03  8752218  0.17964E+10  0.14154E+01
    23  0.21591E+02  0.14501E+03  8965411  0.18291E+10  0.14069E+01
    24  0.21591E+02  0.14501E+03  8936883  0.18165E+10  0.14017E+01
    25  0.21591E+02  0.14501E+03 10385806  0.21006E+10  0.13948E+01
    26  0.21591E+02  0.14501E+03 10097535  0.20219E+10  0.13808E+01
    27  0.21591E+02  0.14501E+03  9820425  0.19411E+10  0.13630E+01
    28  0.21591E+02  0.14501E+03 11243938  0.21667E+10  0.13288E+01
    29  0.21591E+02  0.14501E+03 10478245  0.19553E+10  0.12868E+01
    30  0.21591E+02  0.14501E+03 12127616  0.21742E+10  0.12363E+01
    31  0.21591E+02  0.14501E+03 11603549  0.19851E+10  0.11797E+01
    32  0.21591E+02  0.14501E+03 11326538  0.18273E+10  0.11125E+01
    33  0.21591E+02  0.14501E+03 12473474  0.19302E+10  0.10671E+01
    34  0.21591E+02  0.14501E+03 13386333  0.19545E+10  0.10068E+01
    35  0.21591E+02  0.14501E+03 13330195  0.19136E+10  0.98991E+00
    36  0.21591E+02  0.14501E+03 13527134  0.19281E+10  0.98291E+00
    37  0.21591E+02  0.14501E+03 13234133  0.19316E+10  0.10065E+01
    38  0.21591E+02  0.14501E+03 14587030  0.21649E+10  0.10234E+01
    39  0.21591E+02  0.14501E+03 13838483  0.21110E+10  0.10519E+01
    40  0.21591E+02  0.14501E+03 15405125  0.23797E+10  0.10652E+01
    41  0.21591E+02  0.14501E+03 14436838  0.22888E+10  0.10933E+01
    42  0.21591E+02  0.14501E+03 15293913  0.24274E+10  0.10945E+01
    43  0.21591E+02  0.14501E+03 15925414  0.25519E+10  0.11050E+01
    44  0.21591E+02  0.14501E+03 15185455  0.24659E+10  0.11198E+01
    45  0.21591E+02  0.14501E+03 16482422  0.26461E+10  0.11071E+01
    46  0.21591E+02  0.14501E+03 15759181  0.25845E+10  0.11309E+01
    47  0.21591E+02  0.14501E+03 17266977  0.28053E+10  0.11203E+01
    48  0.21591E+02  0.14501E+03 17205129  0.28052E+10  0.11244E+01
    49  0.21591E+02  0.14501E+03 17607266  0.28988E+10  0.11353E+01
    50  0.21591E+02  0.14501E+03 17733733  0.28712E+10  0.11165E+01
    51  0.21591E+02  0.14501E+03 17900876  0.29384E+10  0.11320E+01
    52  0.21591E+02  0.14501E+03 19144644  0.30983E+10  0.11160E+01
    53  0.21591E+02  0.14501E+03 17547904  0.28877E+10  0.11348E+01
    54  0.21591E+02  0.14501E+03 18563538  0.30171E+10  0.11208E+01
    55  0.21591E+02  0.14501E+03 19366248  0.31541E+10  0.11231E+01
    56  0.21591E+02  0.14501E+03 18651924  0.30663E+10  0.11336E+01
    57  0.21591E+02  0.14501E+03 20513954  0.33273E+10  0.11185E+01
    58  0.21591E+02  0.14501E+03 18294546  0.30208E+10  0.11387E+01
    59  0.21591E+02  0.14501E+03 21221019  0.34659E+10  0.11263E+01
    60  0.21591E+02  0.14501E+03 20491395  0.33470E+10  0.11264E+01
    61  0.21591E+02  0.14501E+03 19786548  0.32339E+10  0.11271E+01
    62  0.21591E+02  0.14501E+03 21378036  0.33840E+10  0.10916E+01
    63  0.21591E+02  0.14501E+03 19424509  0.30450E+10  0.10810E+01
    64  0.21591E+02  0.14501E+03 23331652  0.35434E+10  0.10473E+01
    65  0.21591E+02  0.14501E+03 21146735  0.31828E+10  0.10379E+01
    66  0.21591E+02  0.14501E+03 22328555  0.33192E+10  0.10251E+01
    67  0.21591E+02  0.14501E+03 22000679  0.32359E+10  0.10143E+01
    68  0.21591E+02  0.14501E+03 21727124  0.31797E+10  0.10092E+01
    69  0.21591E+02  0.14501E+03 23262740  0.33809E+10  0.10022E+01
    70  0.21591E+02  0.14501E+03 22156857  0.32192E+10  0.10019E+01
    71  0.21591E+02  0.14501E+03 22283089  0.32326E+10  0.10004E+01
    72  0.21591E+02  0.14501E+03 24612897  0.35273E+10  0.98827E+00
    73  0.21591E+02  0.14501E+03 22717238  0.32736E+10  0.99371E+00
    74  0.21591E+02  0.14501E+03 24007878  0.34498E+10  0.99090E+00
    75  0.21591E+02  0.14501E+03 23119841  0.33212E+10  0.99059E+00
    76  0.21591E+02  0.14501E+03 24626011  0.35343E+10  0.98970E+00
    77  0.21591E+02  0.14501E+03 25122866  0.35863E+10  0.98439E+00
    78  0.21591E+02  0.14501E+03 23629968  0.33829E+10  0.98723E+00
    79  0.21591E+02  0.14501E+03 24708261  0.35401E+10  0.98802E+00
    80  0.21591E+02  0.14501E+03 24416656  0.34844E+10  0.98410E+00
    81  0.21591E+02  0.14501E+03 26476641  0.38017E+10  0.99016E+00
    82  0.21591E+02  0.14501E+03 25181106  0.35876E+10  0.98248E+00
    83  0.21591E+02  0.14501E+03 25080174  0.36094E+10  0.99242E+00
    84  0.21591E+02  0.14501E+03 25177185  0.36140E+10  0.98985E+00
    85  0.21591E+02  0.14501E+03 26790121  0.38099E+10  0.98068E+00
    86  0.21591E+02  0.14501E+03 26292384  0.37837E+10  0.99239E+00
    87  0.21591E+02  0.14501E+03 25991820  0.37283E+10  0.98914E+00
    88  0.21591E+02  0.14501E+03 25688590  0.36956E+10  0.99205E+00
    89  0.21591E+02  0.14501E+03 27852054  0.39995E+10  0.99023E+00
    90  0.21591E+02  0.14501E+03 26426561  0.38120E+10  0.99474E+00
    91  0.21591E+02  0.14501E+03 27225046  0.39133E+10  0.99120E+00
    92  0.21591E+02  0.14501E+03 26748289  0.38737E+10  0.99867E+00
    93  0.21591E+02  0.14501E+03 27723883  0.39813E+10  0.99028E+00
    94  0.21591E+02  0.14501E+03 27068391  0.39263E+10  0.10003E+01
    95  0.21591E+02  0.14501E+03 27499207  0.39834E+10  0.99891E+00
    96  0.21591E+02  0.14501E+03 27758167  0.40177E+10  0.99810E+00
    97  0.21591E+02  0.14501E+03 28192872  0.41195E+10  0.10076E+01
    98  0.21591E+02  0.14501E+03 30386467  0.43827E+10  0.99461E+00
    99  0.21591E+02  0.14501E+03 27031093  0.39602E+10  0.10103E+01
   100  0.21591E+02  0.14501E+03 29061877  0.42423E+10  0.10066E+01
   101  0.21591E+02  0.14501E+03 26980507  0.39668E+10  0.10139E+01
   102  0.21591E+02  0.14501E+03 29875397  0.43786E+10  0.10107E+01
   103  0.21591E+02  0.14501E+03 30056547  0.43795E+10  0.10048E+01
   104  0.21591E+02  0.14501E+03 27675725  0.40937E+10  0.10200E+01
   105  0.21591E+02  0.14501E+03 29450171  0.43429E+10  0.10169E+01
   106  0.21591E+02  0.14501E+03 29007478  0.43054E+10  0.10235E+01
   107  0.21591E+02  0.14501E+03 29900616  0.44301E+10  0.10217E+01
   108  0.21591E+02  0.14501E+03 30265678  0.44728E+10  0.10191E+01
   109  0.21591E+02  0.14501E+03 29327134  0.43902E+10  0.10323E+01
   110  0.21591E+02  0.14501E+03 31172949  0.46281E+10  0.10238E+01
   111  0.21591E+02  0.14501E+03 28861836  0.43609E+10  0.10419E+01
   112  0.21591E+02  0.14501E+03 30217413  0.45216E+10  0.10319E+01
   113  0.21591E+02  0.14501E+03 30094636  0.45280E+10  0.10375E+01
   114  0.21591E+02  0.14501E+03 30501177  0.46293E+10  0.10466E+01
   115  0.21591E+02  0.14501E+03 31458764  0.47415E+10  0.10394E+01
   116  0.21591E+02  0.14501E+03 30717078  0.46895E+10  0.10528E+01
   117  0.21591E+02  0.14501E+03 30518942  0.46423E+10  0.10490E+01
   118  0.21591E+02  0.14501E+03 30234048  0.46235E+10  0.10545E+01
   119  0.21591E+02  0.14501E+03 30594865  0.47176E+10  0.10633E+01
   120  0.21591E+02  0.14501E+03 32041540  0.48996E+10  0.10545E+01
   121  0.21591E+02  0.14501E+03 31814983  0.49405E+10  0.10708E+01
   122  0.21591E+02  0.14501E+03 31426520  0.48476E+10  0.10637E+01
   123  0.21591E+02  0.14501E+03 32257585  0.50108E+10  0.10712E+01
   124  0.21591E+02  0.14501E+03 30820643  0.48166E+10  0.10777E+01
   125  0.21591E+02  0.14501E+03 31449385  0.49000E+10  0.10744E+01
   126  0.21591E+02  0.14501E+03 31202741  0.49175E+10  0.10868E+01
   127  0.21591E+02  0.14501E+03 33187994  0.52023E+10  0.10810E+01
   128  0.21591E+02  0.14501E+03 31331981  0.49569E+10  0.10910E+01
   129  0.21591E+02  0.14501E+03 32253330  0.50998E+10  0.10903E+01
   130  0.21591E+02  0.14501E+03 31501741  0.50128E+10  0.10973E+01
   131  0.21591E+02  0.14501E+03 31830115  0.51010E+10  0.11051E+01
   132  0.21591E+02  0.14501E+03 32986846  0.52544E+10  0.10984E+01
   133  0.21591E+02  0.14501E+03 32268066  0.51917E+10  0.11095E+01
   134  0.21591E+02  0.14501E+03 33019244  0.53345E+10  0.11141E+01
   135  0.21591E+02  0.14501E+03 31776766  0.51451E+10  0.11165E+01
   136  0.21591E+02  0.14501E+03 33580376  0.54572E+10  0.11207E+01
   137  0.21591E+02  0.14501E+03 32205442  0.52540E+10  0.11250E+01
   138  0.21591E+02  0.14501E+03 31924275  0.52341E+10  0.11306E+01
   139  0.21591E+02  0.14501E+03 33380488  0.54804E+10  0.11322E+01
   140  0.21591E+02  0.14501E+03 33483607  0.55021E+10  0.11331E+01
   141  0.21591E+02  0.14501E+03 33022122  0.54605E+10  0.11403E+01
   142  0.21591E+02  0.14501E+03 32436550  0.54018E+10  0.11484E+01
   143  0.21591E+02  0.14501E+03 31843526  0.53228E+10  0.11527E+01
   144  0.21591E+02  0.14501E+03 34251415  0.57137E+10  0.11503E+01
   145  0.21591E+02  0.14501E+03 33951474  0.57006E+10  0.11579E+01
   146  0.21591E+02  0.14501E+03 33317256  0.56057E+10  0.11603E+01
   147  0.21591E+02  0.14501E+03 32629551  0.55548E+10  0.11740E+01
   148  0.21591E+02  0.14501E+03 33873143  0.57535E+10  0.11713E+01
   149  0.21591E+02  0.14501E+03 34044035  0.57830E+10  0.11714E+01
   150  0.21591E+02  0.14501E+03 32378933  0.55621E+10  0.11846E+01
   151  0.21591E+02  0.14501E+03 34106923  0.58442E+10  0.11816E+01
   152  0.21591E+02  0.14501E+03 32201153  0.55895E+10  0.11970E+01
   153  0.21591E+02  0.14501E+03 34572630  0.59462E+10  0.11860E+01
   154  0.21591E+02  0.14501E+03 33325576  0.57912E+10  0.11984E+01
   155  0.21591E+02  0.14501E+03 32760801  0.57366E+10  0.12075E+01
   156  0.21591E+02  0.14501E+03 34018718  0.59417E+10  0.12044E+01
   157  0.21591E+02  0.14501E+03 34432144  0.60484E+10  0.12113E+01
   158  0.21591E+02  0.14501E+03 34208513  0.60315E+10  0.12159E+01
   159  0.21591E+02  0.14501E+03 32845508  0.58399E+10  0.12261E+01
   160  0.21591E+02  0.14501E+03 32813178  0.58623E+10  0.12320E+01
   161  0.21591E+02  0.14501E+03 34915579  0.61952E+10  0.12236E+01
   162  0.21591E+02  0.14501E+03 33378335  0.60128E+10  0.12422E+01
   163  0.21591E+02  0.14501E+03 34584120  0.62227E+10  0.12408E+01
   164  0.21591E+02  0.14501E+03 33119936  0.60174E+10  0.12529E+01
   165  0.21591E+02  0.14501E+03 34190926  0.62020E+10  0.12509E+01
   166  0.21591E+02  0.14501E+03 34119933  0.62182E+10  0.12567E+01
   167  0.21591E+02  0.14501E+03 32841298  0.60440E+10  0.12691E+01
   168  0.21591E+02  0.14501E+03 34109370  0.62720E+10  0.12680E+01
   169  0.21591E+02  0.14501E+03 34353575  0.63722E+10  0.12791E+01
   170  0.21591E+02  0.14501E+03 34488920  0.64001E+10  0.12797E+01
   171  0.21591E+02  0.14501E+03 34300525  0.64085E+10  0.12884E+01
   172  0.21591E+02  0.14501E+03 32041545  0.60497E+10  0.13020E+01
   173  0.21591E+02  0.14501E+03 34610451  0.65057E+10  0.12962E+01
   174  0.21591E+02  0.14501E+03 33941768  0.64149E+10  0.13033E+01
   175  0.21591E+02  0.14501E+03 33504898  0.63735E+10  0.13118E+01
   176  0.21591E+02  0.14501E+03 34148801  0.65286E+10  0.13184E+01
   177  0.21591E+02  0.14501E+03 33191587  0.64249E+10  0.13348E+01
   178  0.21591E+02  0.14501E+03 34795410  0.66807E+10  0.13240E+01
   179  0.21591E+02  0.14501E+03 33566454  0.65154E+10  0.13385E+01
   180  0.21591E+02  0.14501E+03 34179730  0.66576E+10  0.13432E+01
   181  0.21591E+02  0.14501E+03 33519353  0.65705E+10  0.13517E+01
   182  0.21591E+02  0.14501E+03 34008375  0.67018E+10  0.13589E+01
   183  0.21591E+02  0.14501E+03 33676264  0.66516E+10  0.13621E+01
   184  0.21591E+02  0.14501E+03 33382209  0.66414E+10  0.13719E+01
   185  0.21591E+02  0.14501E+03 33145686  0.66246E+10  0.13782E+01
   186  0.21591E+02  0.14501E+03 33747335  0.67590E+10  0.13811E+01
   187  0.21591E+02  0.14501E+03 34112033  0.68714E+10  0.13891E+01
   188  0.21591E+02  0.14501E+03 33697179  0.68359E+10  0.13989E+01
   189  0.21591E+02  0.14501E+03 33382440  0.68084E+10  0.14064E+01
   190  0.21591E+02  0.14501E+03 32808427  0.67232E+10  0.14131E+01
   191  0.21591E+02  0.14501E+03 34358660  0.70391E+10  0.14128E+01
   192  0.21591E+02  0.14501E+03 33047049  0.68310E+10  0.14254E+01
   193  0.21591E+02  0.14501E+03 33644636  0.69941E+10  0.14335E+01
   194  0.21591E+02  0.14501E+03 33288569  0.69500E+10  0.14397E+01
   195  0.21591E+02  0.14501E+03 33730706  0.70696E+10  0.14453E+01
   196  0.21591E+02  0.14501E+03 33431309  0.70620E+10  0.14567E+01
   197  0.21591E+02  0.14501E+03 33688829  0.71253E+10  0.14585E+01
   198  0.21591E+02  0.14501E+03 32471762  0.69417E+10  0.14742E+01
   199  0.21591E+02  0.14501E+03 33864683  0.72228E+10  0.14708E+01
   200  0.21591E+02  0.14501E+03 32347653  0.69726E+10  0.14864E+01
   201  0.21591E+02  0.14501E+03 32657797  0.70722E+10  0.14933E+01
   202  0.21591E+02  0.14501E+03 33414704  0.72603E+10  0.14983E+01
   203  0.21591E+02  0.14501E+03 32521603  0.71235E+10  0.15105E+01
   204  0.21591E+02  0.14501E+03 33581027  0.73681E+10  0.15131E+01
   205  0.21591E+02  0.14501E+03 31804670  0.70626E+10  0.15313E+01
   206  0.21591E+02  0.14501E+03 32964156  0.73253E+10  0.15324E+01
   207  0.21591E+02  0.14501E+03 32439462  0.72606E+10  0.15434E+01
   208  0.21591E+02  0.14501E+03 33119524  0.74445E+10  0.15500E+01
   209  0.21591E+02  0.14501E+03 33246542  0.75286E+10  0.15616E+01
   210  0.21591E+02  0.14501E+03 31415228  0.71742E+10  0.15748E+01
   211  0.21591E+02  0.14501E+03 32217523  0.73899E+10  0.15817E+01
   212  0.21591E+02  0.14501E+03 32765509  0.75395E+10  0.15868E+01
   213  0.21591E+02  0.14501E+03 31901592  0.74057E+10  0.16008E+01
   214  0.21591E+02  0.14501E+03 32843362  0.76418E+10  0.16045E+01
   215  0.21591E+02  0.14501E+03 30812085  0.72597E+10  0.16248E+01
   216  0.21591E+02  0.14501E+03 32744848  0.77194E+10  0.16257E+01
   217  0.21591E+02  0.14501E+03 32093452  0.76251E+10  0.16384E+01
   218  0.21591E+02  0.14501E+03 30690032  0.73664E+10  0.16552E+01
   219  0.21591E+02  0.14501E+03 33001256  0.79289E+10  0.16568E+01
   220  0.21591E+02  0.14501E+03 31073961  0.75458E+10  0.16746E+01
   221  0.21591E+02  0.14501E+03 32302986  0.78669E+10  0.16794E+01
   222  0.21591E+02  0.14501E+03 31204684  0.76678E+10  0.16945E+01
   223  0.21591E+02  0.14501E+03 30809126  0.76392E+10  0.17099E+01
   224  0.21591E+02  0.14501E+03 30657596  0.76486E+10  0.17204E+01
   225  0.21591E+02  0.14501E+03 31940656  0.79973E+10  0.17266E+01
   226  0.21591E+02  0.14501E+03 31481412  0.79540E+10  0.17423E+01
   227  0.21591E+02  0.14501E+03 30683722  0.78103E+10  0.17553E+01
   228  0.21591E+02  0.14501E+03 30856741  0.79181E+10  0.17695E+01
   229  0.21591E+02  0.14501E+03 30930697  0.79691E+10  0.17767E+01
   230  0.21591E+02  0.14501E+03 30669206  0.79781E+10  0.17938E+01
   231  0.21591E+02  0.14501E+03 30621609  0.80124E+10  0.18044E+01
   232  0.21591E+02  0.14501E+03 30267367  0.79825E+10  0.18187E+01
   233  0.21591E+02  0.14501E+03 30792192  0.81657E+10  0.18287E+01
   234  0.21591E+02  0.14501E+03 30007090  0.80316E+10  0.18457E+01
   235  0.21591E+02  0.14501E+03 29695447  0.80191E+10  0.18622E+01
   236  0.21591E+02  0.14501E+03 29784177  0.81180E+10  0.18796E+01
   237  0.21591E+02  0.14501E+03 29947133  0.82026E+10  0.18888E+01
   238  0.21591E+02  0.14501E+03 30224188  0.83334E+10  0.19013E+01
   239  0.21591E+02  0.14501E+03 29537600  0.82190E+10  0.19188E+01
   240  0.21591E+02  0.14501E+03 29128277  0.81343E+10  0.19257E+01
   241  0.21591E+02  0.14501E+03 29570832  0.81993E+10  0.19121E+01
   242  0.21591E+02  0.14501E+03 28829794  0.79274E+10  0.18962E+01
   243  0.21591E+02  0.14501E+03 29307190  0.79743E+10  0.18763E+01
   244  0.21591E+02  0.14501E+03 29466150  0.79896E+10  0.18698E+01
   245  0.21591E+02  0.14501E+03 28828766  0.77982E+10  0.18653E+01
   246  0.21591E+02  0.14501E+03 29306515  0.79214E+10  0.18639E+01
   247  0.21591E+02  0.14501E+03 27907896  0.75611E+10  0.18683E+01
   248  0.21591E+02  0.14501E+03 28601567  0.77601E+10  0.18710E+01
   249  0.21591E+02  0.14501E+03 27863653  0.75734E+10  0.18743E+01
   250  0.21591E+02  0.14501E+03 28863997  0.78719E+10  0.18807E+01
   251  0.21591E+02  0.14501E+03 27993581  0.76628E+10  0.18876E+01
   252  0.21591E+02  0.14501E+03 27958038  0.76716E+10  0.18922E+01
   253  0.21591E+02  0.14501E+03 27447531  0.75619E+10  0.18998E+01
   254  0.21591E+02  0.14501E+03 27672668  0.76677E+10  0.19108E+01
   255  0.21591E+02  0.14501E+03 27869979  0.77598E+10  0.19200E+01
   256  0.21591E+02  0.14501E+03 27390215  0.76504E+10  0.19261E+01
   257  0.21591E+02  0.14501E+03 27364685  0.76973E+10  0.19397E+01
   258  0.21591E+02  0.14501E+03 26944608  0.76165E+10  0.19493E+01
   259  0.21591E+02  0.14501E+03 26876195  0.76320E+10  0.19582E+01
   260  0.21591E+02  0.14501E+03 27139738  0.77615E+10  0.19721E+01
   261  0.21591E+02  0.14501E+03 25934659  0.74508E+10  0.19811E+01
   262  0.21591E+02  0.14501E+03 27135763  0.78415E+10  0.19927E+01
   263  0.21591E+02  0.14501E+03 26244956  0.76363E+10  0.20064E+01
   264  0.21591E+02  0.14501E+03 26232702  0.76768E+10  0.20180E+01
   265  0.21591E+02  0.14501E+03 25675849  0.75712E+10  0.20334E+01
   266  0.21591E+02  0.14501E+03 25146196  0.74425E+10  0.20410E+01
   267  0.21591E+02  0.14501E+03 26421140  0.79064E+10  0.20636E+01
   268  0.21591E+02  0.14501E+03 25765862  0.77201E+10  0.20662E+01
   269  0.21591E+02  0.14501E+03 25441838  0.76854E+10  0.20831E+01
   270  0.21591E+02  0.14501E+03 25065875  0.76352E+10  0.21005E+01
   271  0.21591E+02  0.14501E+03 24641258  0.75547E+10  0.21142E+01
   272  0.21591E+02  0.14501E+03 25229845  0.78004E+10  0.21320E+01
   273  0.21591E+02  0.14501E+03 24190964  0.75329E+10  0.21473E+01
   274  0.21591E+02  0.14501E+03 24714894  0.77046E+10  0.21497E+01
   275  0.21591E+02  0.14501E+03 24406569  0.75830E+10  0.21425E+01
   276  0.21591E+02  0.14501E+03 23978392  0.73809E+10  0.21227E+01
   277  0.21591E+02  0.14501E+03 24474305  0.75122E+10  0.21166E+01
   278  0.21591E+02  0.14501E+03 23420846  0.71804E+10  0.21142E+01
   279  0.21591E+02  0.14501E+03 23315800  0.71463E+10  0.21136E+01
   280  0.21591E+02  0.14501E+03 24207129  0.73808E+10  0.21026E+01
   281  0.21591E+02  0.14501E+03 23217787  0.71087E+10  0.21114E+01
   282  0.21591E+02  0.14501E+03 23203325  0.71297E+10  0.21189E+01
   283  0.21591E+02  0.14501E+03 22286636  0.68593E+10  0.21224E+01
   284  0.21591E+02  0.14501E+03 23133493  0.71382E+10  0.21278E+01
   285  0.21591E+02  0.14501E+03 22517450  0.69559E+10  0.21302E+01
   286  0.21591E+02  0.14501E+03 22017010  0.68739E+10  0.21529E+01
   287  0.21591E+02  0.14501E+03 22236323  0.69535E+10  0.21564E+01
   288  0.21591E+02  0.14501E+03 22160072  0.69359E+10  0.21583E+01
   289  0.21591E+02  0.14501E+03 22237574  0.70522E+10  0.21869E+01
   290  0.21591E+02  0.14501E+03 21256082  0.67529E+10  0.21908E+01
   291  0.21591E+02  0.14501E+03 21467440  0.68896E+10  0.22131E+01
   292  0.21591E+02  0.14501E+03 21322174  0.68475E+10  0.22146E+01
   293  0.21591E+02  0.14501E+03 21278727  0.68639E+10  0.22244E+01
   294  0.21591E+02  0.14501E+03 20836369  0.67965E+10  0.22493E+01
   295  0.21591E+02  0.14501E+03 20253204  0.66145E+10  0.22521E+01
   296  0.21591E+02  0.14501E+03 20228049  0.67265E+10  0.22931E+01
   297  0.21591E+02  0.14501E+03 20295760  0.67450E+10  0.22917E+01
   298  0.21591E+02  0.14501E+03 20287830  0.68283E+10  0.23210E+01
   299  0.21591E+02  0.14501E+03 19630768  0.66268E+10  0.23279E+01
   300  0.21591E+02  0.14501E+03 19236529  0.65192E+10  0.23370E+01
   301  0.21591E+02  0.14501E+03 20136564  0.69525E+10  0.23809E+01
   302  0.21591E+02  0.14501E+03 18983446  0.65458E+10  0.23778E+01
   303  0.21591E+02  0.14501E+03 19337512  0.67927E+10  0.24223E+01
   304  0.21591E+02  0.14501E+03 18128355  0.64087E+10  0.24378E+01
   305  0.21591E+02  0.14501E+03 19354550  0.68474E+10  0.24397E+01
   306  0.21591E+02  0.14501E+03 18470025  0.66243E+10  0.24732E+01
   307  0.21591E+02  0.14501E+03 17583928  0.63303E+10  0.24825E+01
   308  0.21591E+02  0.14501E+03 18368923  0.67198E+10  0.25227E+01
   309  0.21591E+02  0.14501E+03 17984416  0.65519E+10  0.25123E+01
   310  0.21591E+02  0.14501E+03 18054298  0.66756E+10  0.25498E+01
   311  0.21591E+02  0.14501E+03 17528602  0.65115E+10  0.25617E+01
   312  0.21591E+02  0.14501E+03 16993411  0.63481E+10  0.25761E+01
   313  0.21591E+02  0.14501E+03 17826184  0.67519E+10  0.26119E+01
   314  0.21591E+02  0.14501E+03 16901443  0.64038E+10  0.26128E+01
   315  0.21591E+02  0.14501E+03 17205089  0.66073E+10  0.26482E+01
   316  0.21591E+02  0.14501E+03 16608408  0.64186E+10  0.26650E+01
   317  0.21591E+02  0.14501E+03 16323124  0.63552E+10  0.26848E+01
   318  0.21591E+02  0.14501E+03 17348483  0.67562E+10  0.26855E+01
   319  0.21591E+02  0.14501E+03 16022011  0.63094E+10  0.27156E+01
   320  0.21591E+02  0.14501E+03 16529463  0.66116E+10  0.27583E+01
   321  0.21591E+02  0.14501E+03 15945924  0.63827E+10  0.27602E+01
   322  0.21591E+02  0.14501E+03 16118365  0.64875E+10  0.27755E+01
   323  0.21591E+02  0.14501E+03 15851731  0.64606E+10  0.28105E+01
   324  0.21591E+02  0.14501E+03 15545481  0.63309E+10  0.28084E+01
   325  0.21591E+02  0.14501E+03 15707218  0.65294E+10  0.28666E+01
   326  0.21591E+02  0.14501E+03 15622220  0.64565E+10  0.28500E+01
   327  0.21591E+02  0.14501E+03 15306727  0.64155E+10  0.28903E+01
   328  0.21591E+02  0.14501E+03 15140182  0.63833E+10  0.29074E+01
   329  0.21591E+02  0.14501E+03 14520116  0.61421E+10  0.29170E+01
   330  0.21591E+02  0.14501E+03 15423439  0.66479E+10  0.29723E+01
   331  0.21591E+02  0.14501E+03 14737984  0.63108E+10  0.29528E+01
   332  0.21591E+02  0.14501E+03 14549916  0.63704E+10  0.30192E+01
   333  0.21591E+02  0.14501E+03 14403731  0.62778E+10  0.30055E+01
   334  0.21591E+02  0.14501E+03 14205969  0.62934E+10  0.30550E+01
   335  0.21591E+02  0.14501E+03 14592426  0.64750E+10  0.30599E+01
   336  0.21591E+02  0.14501E+03 13875891  0.61951E+10  0.30788E+01
   337  0.21591E+02  0.14501E+03 14080862  0.64010E+10  0.31348E+01
   338  0.21591E+02  0.14501E+03 13851371  0.63007E+10  0.31368E+01
   339  0.21591E+02  0.14501E+03 13795272  0.63504E+10  0.31744E+01
   340  0.21591E+02  0.14501E+03 13677056  0.63380E+10  0.31956E+01
   341  0.21591E+02  0.14501E+03 13257220  0.61941E+10  0.32219E+01
   342  0.21591E+02  0.14501E+03 13641216  0.64323E+10  0.32517E+01
   343  0.21591E+02  0.14501E+03 13082836  0.62262E+10  0.32818E+01
   344  0.21591E+02  0.14501E+03 13282730  0.63619E+10  0.33028E+01
   345  0.21591E+02  0.14501E+03 12991399  0.63053E+10  0.33469E+01
   346  0.21591E+02  0.14501E+03 12558096  0.61272E+10  0.33645E+01
   347  0.21591E+02  0.14501E+03 12735203  0.62839E+10  0.34026E+01
   348  0.21591E+02  0.14501E+03 12591379  0.62670E+10  0.34322E+01
   349  0.21591E+02  0.14501E+03 12771036  0.63738E+10  0.34416E+01
   350  0.21591E+02  0.14501E+03 12323474  0.62530E+10  0.34990E+01
   351  0.21591E+02  0.14501E+03 12068929  0.61671E+10  0.35238E+01
   352  0.21591E+02  0.14501E+03 12319348  0.63515E+10  0.35553E+01
   353  0.21591E+02  0.14501E+03 11853267  0.61932E+10  0.36031E+01
   354  0.21591E+02  0.14501E+03 12063495  0.63207E+10  0.36131E+01
   355  0.21591E+02  0.14501E+03 11634837  0.61931E+10  0.36706E+01
   356  0.21591E+02  0.14501E+03 11732882  0.62835E+10  0.36931E+01
   357  0.21591E+02  0.14501E+03 11552859  0.62358E+10  0.37221E+01
   358  0.21591E+02  0.14501E+03 11180074  0.61399E+10  0.37871E+01
   359  0.21591E+02  0.14501E+03 11552672  0.63482E+10  0.37893E+01
   360  0.21591E+02  0.14501E+03 11147779  0.62112E+10  0.38422E+01
   361  0.21591E+02  0.14501E+03 11240570  0.63281E+10  0.38822E+01
   362  0.21591E+02  0.14501E+03 10951487  0.62227E+10  0.39183E+01
   363  0.21591E+02  0.14501E+03 10801949  0.62117E+10  0.39655E+01
   364  0.21591E+02  0.14501E+03 10678338  0.62051E+10  0.40071E+01
   365  0.21591E+02  0.14501E+03 10546292  0.61860E+10  0.40448E+01
   366  0.21591E+02  0.14501E+03 10581259  0.62541E+10  0.40759E+01
   367  0.21591E+02  0.14501E+03 10401820  0.62215E+10  0.41246E+01
   368  0.21591E+02  0.14501E+03 10198059  0.61595E+10  0.41651E+01
   369  0.21591E+02  0.14501E+03 10279857  0.62846E+10  0.42158E+01
   370  0.21591E+02  0.14501E+03  9914632  0.61365E+10  0.42681E+01
   371  0.21591E+02  0.14501E+03 10002272  0.62418E+10  0.43033E+01
   372  0.21591E+02  0.14501E+03  9515081  0.60295E+10  0.43698E+01
   373  0.21591E+02  0.14501E+03 10023214  0.63885E+10  0.43953E+01
   374  0.21591E+02  0.14501E+03  9582190  0.61900E+10  0.44547E+01
   375  0.21591E+02  0.14501E+03  9438464  0.61590E+10  0.44999E+01
   376  0.21591E+02  0.14501E+03  9343275  0.61853E+10  0.45651E+01
   377  0.21591E+02  0.14501E+03  9230676  0.61713E+10  0.46104E+01
   378  0.21591E+02  0.14501E+03  9155020  0.61873E+10  0.46605E+01
   379  0.21591E+02  0.14501E+03  8991007  0.61462E+10  0.47140E+01
   380  0.21591E+02  0.14501E+03  8876092  0.61515E+10  0.47792E+01
   381  0.21591E+02  0.14501E+03  8887668  0.61989E+10  0.48097E+01
   382  0.21591E+02  0.14501E+03  8678371  0.61643E+10  0.48982E+01
   383  0.21591E+02  0.14501E+03  8546886  0.61193E+10  0.49372E+01
   384  0.21591E+02  0.14501E+03  8318715  0.60577E+10  0.50216E+01
   385  0.21591E+02  0.14501E+03  8343943  0.61239E+10  0.50611E+01
   386  0.21591E+02  0.14501E+03  8465863  0.62925E+10  0.51256E+01
   387  0.21591E+02  0.14501E+03  8148598  0.61551E+10  0.52089E+01
   388  0.21591E+02  0.14501E+03  8073812  0.61557E+10  0.52576E+01
   389  0.21591E+02  0.14501E+03  7783502  0.60535E+10  0.53632E+01
   390  0.21591E+02  0.14501E+03  7888697  0.61501E+10  0.53761E+01
   391  0.21591E+02  0.14501E+03  7807391  0.62035E+10  0.54793E+01
   392  0.21591E+02  0.14501E+03  7587213  0.60906E+10  0.55357E+01
   393  0.21591E+02  0.14501E+03  7401051  0.60545E+10  0.56413E+01
   394  0.21591E+02  0.14501E+03  7404422  0.61523E+10  0.57297E+01
   395  0.21591E+02  0.14501E+03  7289530  0.60763E+10  0.57482E+01
   396  0.21591E+02  0.14501E+03  7034444  0.60204E+10  0.59018E+01
   397  0.21591E+02  0.14501E+03  7031684  0.60448E+10  0.59281E+01
   398  0.21591E+02  0.14501E+03  7013404  0.61552E+10  0.60521E+01
   399  0.21591E+02  0.14501E+03  6851513  0.61315E+10  0.61712E+01
   400  0.21591E+02  0.14501E+03  6883787  0.61698E+10  0.61806E+01
   401  0.21591E+02  0.14501E+03  6462163  0.59767E+10  0.63778E+01
   402  0.21591E+02  0.14501E+03  6598597  0.61161E+10  0.63917E+01
   403  0.21591E+02  0.14501E+03  6414830  0.61080E+10  0.65660E+01
   404  0.21591E+02  0.14501E+03  6362358  0.61324E+10  0.66467E+01
   405  0.21591E+02  0.14501E+03  6172797  0.60146E+10  0.67191E+01
   406  0.21591E+02  0.14501E+03  5973767  0.60081E+10  0.69355E+01
   407  0.21591E+02  0.14501E+03  6197019  0.62228E+10  0.69245E+01
   408  0.21591E+02  0.14501E+03  5737540  0.59376E+10  0.71363E+01
   409  0.21591E+02  0.14501E+03  5866399  0.61522E+10  0.72318E+01
   410  0.21591E+02  0.14501E+03  5618809  0.59982E+10  0.73615E+01
   411  0.21591E+02  0.14501E+03  5553385  0.60709E+10  0.75385E+01
   412  0.21591E+02  0.14501E+03  5583954  0.61481E+10  0.75926E+01
   413  0.21591E+02  0.14501E+03  5243012  0.59400E+10  0.78126E+01
   414  0.21591E+02  0.14501E+03  5218569  0.60046E+10  0.79346E+01
   415  0.21591E+02  0.14501E+03  5171353  0.60788E+10  0.81060E+01
   416  0.21591E+02  0.14501E+03  5028738  0.60336E+10  0.82738E+01
   417  0.21591E+02  0.14501E+03  5023833  0.60830E+10  0.83497E+01
   418  0.21591E+02  0.14501E+03  4732298  0.58887E+10  0.85810E+01
   419  0.21591E+02  0.14501E+03  4727033  0.59351E+10  0.86582E+01
   420  0.21591E+02  0.14501E+03  4680487  0.59616E+10  0.87834E+01
   421  0.21591E+02  0.14501E+03  4431436  0.57462E+10  0.89418E+01
   422  0.21591E+02  0.14501E+03  4462412  0.58349E+10  0.90168E+01
   423  0.21591E+02  0.14501E+03  4280501  0.56944E+10  0.91737E+01
   424  0.21591E+02  0.14501E+03  4314670  0.57891E+10  0.92524E+01
   425  0.21591E+02  0.14501E+03  4084084  0.55732E+10  0.94102E+01
   426  0.21591E+02  0.14501E+03  3908892  0.53965E+10  0.95203E+01
   427  0.21591E+02  0.14501E+03  3889877  0.54242E+10  0.96159E+01
   428  0.21591E+02  0.14501E+03  3810523  0.53915E+10  0.97569E+01
   429  0.21591E+02  0.14501E+03  3697036  0.52873E+10  0.98621E+01
   430  0.21591E+02  0.14501E+03  3611950  0.52377E+10  0.99997E+01
   431  0.21591E+02  0.14501E+03  3416588  0.50298E+10  0.10152E+02
   432  0.21591E+02  0.14501E+03  3433824  0.50925E+10  0.10227E+02
   433  0.21591E+02  0.14501E+03  3255432  0.49072E+10  0.10395E+02
   434  0.21591E+02  0.14501E+03  3210623  0.48975E+10  0.10519E+02
   435  0.21591E+02  0.14501E+03  3068607  0.47370E+10  0.10645E+02
   436  0.21591E+02  0.14501E+03  2965772  0.46502E+10  0.10812E+02
   437  0.21591E+02  0.14501E+03  2864578  0.45359E+10  0.10919E+02
   438  0.21591E+02  0.14501E+03  2735844  0.43929E+10  0.11073E+02
   439  0.21591E+02  0.14501E+03  2645029  0.43042E+10  0.11222E+02
   440  0.21591E+02  0.14501E+03  2528930  0.41507E+10  0.11318E+02
   441  0.21591E+02  0.14501E+03  2545561  0.42694E+10  0.11566E+02
   442  0.21591E+02  0.14501E+03  2345158  0.39302E+10  0.11557E+02
   443  0.21591E+02  0.14501E+03  2245093  0.38338E+10  0.11776E+02
   444  0.21591E+02  0.14501E+03  2085662  0.35950E+10  0.11886E+02
   445  0.21591E+02  0.14501E+03  2105559  0.36709E+10  0.12023E+02
   446  0.21591E+02  0.14501E+03  1898590  0.33684E+10  0.12235E+02
   447  0.21591E+02  0.14501E+03  1883463  0.33209E+10  0.12159E+02
