           1   20.60405       13.52942          538381   1062266.      0.1458359    
           2   20.60405       13.52942          804961   2705743.      0.2484463    
           3   20.60405       13.52942         1069978   4583446.      0.3166199    
           4   20.60405       13.52942         2130958  1.1404791E+07  0.3955792    
           5   20.60405       13.52942         1858084  1.1198711E+07  0.4454753    
           6   20.60405       13.52942         2643999  1.7939418E+07  0.5014967    
           7   20.60405       13.52942         2635535  1.9459368E+07  0.5457339    
           8   20.60405       13.52942         3151156  2.5157536E+07  0.5900913    
           9   20.60405       13.52942         1905436  1.7698016E+08   6.865169    
          10   20.60405       13.52942         1569075  1.5801109E+08   7.443288    
          11   20.60405       13.52942         2015580  2.2468595E+08   8.239425    
          12   20.60405       13.52942         1904949  2.2933458E+08   8.898302    
          13   20.60405       13.52942         2463991  3.1605526E+08   9.480798    
          14   20.60405       13.52942         2464336  3.3415728E+08   10.02241    
          15   20.60405       13.52942         2353782  3.3860010E+08   10.63266    
          16   20.60405       13.52942         3139027  4.8375264E+08   11.39067    
          17   20.60405       13.52942         3138356  4.9703107E+08   11.70583    
          18   20.60405       13.52942         3138238  5.0094704E+08   11.79850    
          19   20.60405       13.52942         3250263  5.2614790E+08   11.96493    
          20   20.60405       13.52942         3138294  5.0802586E+08   11.96501    
          21   20.60405       13.52942         4036329  6.7880640E+08   12.43026    
          22   20.60405       13.52942         3924789  6.6029274E+08   12.43487    
          23   20.60405       13.52942         4039415  7.1055994E+08   13.00179    
          24   20.60405       13.52942         4040895  7.2580838E+08   13.27594    
          25   20.60405       13.52942         4718419  8.8470726E+08   13.85875    
          26   20.60405       13.52942         4610011  9.0585254E+08   14.52367    
          27   20.60405       13.52942         4501287  9.1952160E+08   15.09893    
          28   20.60405       13.52942         5180020  1.0773894E+09   15.37313    
          29   20.60405       13.52942         4846486  1.0326140E+09   15.74824    
          30   20.60405       13.52942         5640198  1.2050515E+09   15.79182    
          31   20.60405       13.52942         5418872  1.1716163E+09   15.98076    
          32   20.60405       13.52942         5308733  1.1402673E+09   15.87584    
          33   20.60405       13.52942         5875657  1.2593175E+09   15.84163    
          34   20.60405       13.52942         6329251  1.3593373E+09   15.87435    
          35   20.60405       13.52942         6329608  1.3655162E+09   15.94561    
          36   20.60405       13.52942         6441993  1.3904552E+09   15.95356    
          37   20.60405       13.52942         6329412  1.3872461E+09   16.19986    
          38   20.60405       13.52942         7008371  1.5556218E+09   16.40620    
          39   20.60405       13.52942         6666761  1.4842678E+09   16.45578    
          40   20.60405       13.52942         7462376  1.7148763E+09   16.98543    
          41   20.60405       13.52942         7006472  1.6158184E+09   17.04567    
          42   20.60405       13.52942         7463688  1.7492119E+09   17.32247    
          43   20.60405       13.52942         7803955  1.8510463E+09   17.53168    
          44   20.60405       13.52942         7463025  1.7902198E+09   17.73015    
          45   20.60405       13.52942         8147720  1.9858583E+09   18.01495    
          46   20.60405       13.52942         7801964  1.9248794E+09   18.23562    
          47   20.60405       13.52942         8598296  2.1371159E+09   18.37116    
          48   20.60405       13.52942         8596795  2.1535127E+09   18.51535    
          49   20.60405       13.52942         8819569  2.2013576E+09   18.44863    
          50   20.60405       13.52942         8938108  2.2257101E+09   18.40535    
          51   20.60405       13.52942         9050024  2.2669361E+09   18.51444    
          52   20.60405       13.52942         9734829  2.4426360E+09   18.54605    
          53   20.60405       13.52942         8939471  2.2506332E+09   18.60861    
          54   20.60405       13.52942         9512936  2.4161864E+09   18.77314    
          55   20.60405       13.52942         9970733  2.5528540E+09   18.92430    
          56   20.60405       13.52942         9631427  2.4824950E+09   19.05104    
          57   20.60405       13.52942        10660890  2.7807427E+09   19.27917    
          58   20.60405       13.52942         9525359  2.5119281E+09   19.49157    
          59   20.60405       13.52942        11123177  2.9534116E+09   19.62529    
          60   20.60405       13.52942        10785606  2.8883346E+09   19.79356    
          61   20.60405       13.52942        10446805  2.8230075E+09   19.97329    
          62   20.60405       13.52942        11362631  3.0855199E+09   20.07107    
          63   20.60405       13.52942        10336275  2.8169423E+09   20.14350    
          64   20.60405       13.52942        12506353  3.4171484E+09   20.19548    
          65   20.60405       13.52942        11365791  3.1040271E+09   20.18584    
          66   20.60405       13.52942        12049650  3.3055875E+09   20.27660    
          67   20.60405       13.52942        11939524  3.2814195E+09   20.31401    
          68   20.60405       13.52942        11826327  3.2647081E+09   20.40401    
          69   20.60405       13.52942        12739757  3.5180593E+09   20.41094    
          70   20.60405       13.52942        12168886  3.3731748E+09   20.48845    
          71   20.60405       13.52942        12281534  3.4059461E+09   20.49775    
          72   20.60405       13.52942        13657899  3.7969165E+09   20.54793    
          73   20.60405       13.52942        12626307  3.5150180E+09   20.57653    
          74   20.60405       13.52942        13429704  3.7318986E+09   20.53924    
          75   20.60405       13.52942        12973056  3.6134129E+09   20.58715    
          76   20.60405       13.52942        13886915  3.8605455E+09   20.54773    
          77   20.60405       13.52942        14232092  3.9714429E+09   20.62531    
          78   20.60405       13.52942        13432046  3.7507374E+09   20.63932    
          79   20.60405       13.52942        14120459  3.9420275E+09   20.63440    
          80   20.60405       13.52942        14006394  3.9121152E+09   20.64459    
          81   20.60405       13.52942        15265168  4.2608730E+09   20.63089    
          82   20.60405       13.52942        14583925  4.0710528E+09   20.63257    
          83   20.60405       13.52942        14586453  4.0646633E+09   20.59661    
          84   20.60405       13.52942        14702970  4.0837647E+09   20.52942    
          85   20.60405       13.52942        15737426  4.3191255E+09   20.28538    
          86   20.60405       13.52942        15512067  4.2875425E+09   20.42959    
          87   20.60405       13.52942        15399691  4.2532731E+09   20.41419    
          88   20.60405       13.52942        15289380  4.2145165E+09   20.37412    
          89   20.60405       13.52942        16666690  4.5316797E+09   20.09698    
          90   20.60405       13.52942        15863597  4.3208038E+09   20.13186    
          91   20.60405       13.52942        16444128  4.4687181E+09   20.08598    
          92   20.60405       13.52942        16213118  4.4055173E+09   20.08405    
          93   20.60405       13.52942        16909053  4.5917281E+09   20.07141    
          94   20.60405       13.52942        16563628  4.4997002E+09   20.07932    
          95   20.60405       13.52942        16910478  4.5947694E+09   20.08301    
          96   20.60405       13.52942        17139560  4.6581274E+09   20.08781    
          97   20.60405       13.52942        17483161  4.7524910E+09   20.09196    
          98   20.60405       13.52942        18985831  5.1545175E+09   20.06686    
          99   20.60405       13.52942        16912309  4.6041134E+09   20.12167    
         100   20.60405       13.52942        18290204  4.9631703E+09   20.05680    
         101   20.60405       13.52942        17018800  4.6178186E+09   20.05529    
         102   20.60405       13.52942        18969106  5.1163392E+09   19.93579    
         103   20.60405       13.52942        19200860  5.1680840E+09   19.89436    
         104   20.60405       13.52942        17689190  4.7656202E+09   19.91281    
         105   20.60405       13.52942        18954295  5.0870789E+09   19.83727    
         106   20.60405       13.52942        18705631  5.0184468E+09   19.82978    
         107   20.60405       13.52942        19391887  5.1956859E+09   19.80358    
         108   20.60405       13.52942        19732682  5.2823900E+09   19.78633    
         109   20.60405       13.52942        19129999  5.1365427E+09   19.84618    
         110   20.60405       13.52942        20521408  5.4890301E+09   19.77013    
         111   20.60405       13.52942        19004114  5.1014733E+09   19.84125    
         112   20.60405       13.52942        20040903  5.3667282E+09   19.79308    
         113   20.60405       13.52942        20022633  5.3527885E+09   19.75968    
         114   20.60405       13.52942        20333531  5.4243108E+09   19.71754    
         115   20.60405       13.52942        21149840  5.6019369E+09   19.57727    
         116   20.60405       13.52942        20645563  5.4653629E+09   19.56650    
         117   20.60405       13.52942        20655492  5.4292982E+09   19.42805    
         118   20.60405       13.52942        20515060  5.3709814E+09   19.35093    
         119   20.60405       13.52942        20830210  5.4241715E+09   19.24690    
         120   20.60405       13.52942        21977494  5.6944389E+09   19.15110    
         121   20.60405       13.52942        21802007  5.6409830E+09   19.12402    
         122   20.60405       13.52942        21706723  5.5876664E+09   19.02642    
         123   20.60405       13.52942        22350554  5.7280722E+09   18.94267    
         124   20.60405       13.52942        21429241  5.4773734E+09   18.89237    
         125   20.60405       13.52942        21992237  5.5903918E+09   18.78858    
         126   20.60405       13.52942        21821275  5.5262182E+09   18.71841    
         127   20.60405       13.52942        23428323  5.8976266E+09   18.60617    
         128   20.60405       13.52942        22140414  5.5573612E+09   18.55256    
         129   20.60405       13.52942        22926688  5.7344886E+09   18.48734    
         130   20.60405       13.52942        22441684  5.5903109E+09   18.41202    
         131   20.60405       13.52942        22738323  5.6332698E+09   18.31146    
         132   20.60405       13.52942        23784885  5.8649825E+09   18.22580    
         133   20.60405       13.52942        23268600  5.7089275E+09   18.13449    
         134   20.60405       13.52942        23934731  5.8478008E+09   18.05864    
         135   20.60405       13.52942        23128806  5.6236708E+09   17.97164    
         136   20.60405       13.52942        24555978  5.9350149E+09   17.86428    
         137   20.60405       13.52942        23644611  5.6990966E+09   17.81537    
         138   20.60405       13.52942        23487041  5.6456822E+09   17.76680    
         139   20.60405       13.52942        24712415  5.9146056E+09   17.69015    
         140   20.60405       13.52942        24905476  5.9342198E+09   17.61123    
         141   20.60405       13.52942        24664307  5.8632515E+09   17.57076    
         142   20.60405       13.52942        24286269  5.7587917E+09   17.52635    
         143   20.60405       13.52942        23923548  5.6638500E+09   17.49875    
         144   20.60405       13.52942        25937127  6.1248276E+09   17.45392    
         145   20.60405       13.52942        25760412  6.0643758E+09   17.40020    
         146   20.60405       13.52942        25431685  5.9858319E+09   17.39684    
         147   20.60405       13.52942        24925158  5.8661729E+09   17.39554    
         148   20.60405       13.52942        26008478  6.1013647E+09   17.33936    
         149   20.60405       13.52942        26351897  6.1619553E+09   17.28334    
         150   20.60405       13.52942        25065628  5.8604140E+09   17.28107    
         151   20.60405       13.52942        26619862  6.1989939E+09   17.21220    
         152   20.60405       13.52942        25101860  5.8468383E+09   17.21616    
         153   20.60405       13.52942        27209133  6.3004718E+09   17.11510    
         154   20.60405       13.52942        26279929  6.0895800E+09   17.12711    
         155   20.60405       13.52942        25899388  5.9992177E+09   17.12088    
         156   20.60405       13.52942        27120487  6.2589363E+09   17.05784    
         157   20.60405       13.52942        27476739  6.3493908E+09   17.08000    
         158   20.60405       13.52942        27469778  6.3342812E+09   17.04367    
         159   20.60405       13.52942        26439574  6.1038925E+09   17.06371    
         160   20.60405       13.52942        26506314  6.1221801E+09   17.07174    
         161   20.60405       13.52942        28493249  6.5341588E+09   16.94996    
         162   20.60405       13.52942        27198786  6.2604380E+09   17.01281    
         163   20.60405       13.52942        28385767  6.4970593E+09   16.91754    
         164   20.60405       13.52942        27247065  6.2359803E+09   16.91632    
         165   20.60405       13.52942        28315024  6.4589251E+09   16.86026    
         166   20.60405       13.52942        28395338  6.4627748E+09   16.82259    
         167   20.60405       13.52942        27351780  6.2360371E+09   16.85171    
         168   20.60405       13.52942        28652328  6.4796856E+09   16.71533    
         169   20.60405       13.52942        28912796  6.5473480E+09   16.73772    
         170   20.60405       13.52942        29209506  6.6002580E+09   16.70159    
         171   20.60405       13.52942        29170875  6.5832612E+09   16.68064    
         172   20.60405       13.52942        27282998  6.1836355E+09   16.75224    
         173   20.60405       13.52942        29760679  6.6847514E+09   16.60211    
         174   20.60405       13.52942        29282322  6.6207514E+09   16.71178    
         175   20.60405       13.52942        29023176  6.5577815E+09   16.70064    
         176   20.60405       13.52942        29742470  6.7252198E+09   16.71285    
         177   20.60405       13.52942        28913192  6.5664486E+09   16.78632    
         178   20.60405       13.52942        30641305  6.9125350E+09   16.67443    
         179   20.60405       13.52942        29618108  6.7134244E+09   16.75359    
         180   20.60405       13.52942        30320029  6.8405750E+09   16.67570    
         181   20.60405       13.52942        29852346  6.7633341E+09   16.74570    
         182   20.60405       13.52942        30442024  6.8915773E+09   16.73270    
         183   20.60405       13.52942        30302162  6.8630697E+09   16.74040    
         184   20.60405       13.52942        30142178  6.8430720E+09   16.78021    
         185   20.60405       13.52942        30108151  6.7750047E+09   16.63208    
         186   20.60405       13.52942        30810661  6.9551770E+09   16.68508    
         187   20.60405       13.52942        31285465  7.0457375E+09   16.64581    
         188   20.60405       13.52942        31023187  7.0160282E+09   16.71575    
         189   20.60405       13.52942        30872747  6.9886648E+09   16.73169    
         190   20.60405       13.52942        30526748  6.8723451E+09   16.63970    
         191   20.60405       13.52942        32176626  7.2729180E+09   16.70664    
         192   20.60405       13.52942        31072324  7.0132762E+09   16.68277    
         193   20.60405       13.52942        31749451  7.1942093E+09   16.74819    
         194   20.60405       13.52942        31600710  7.1239757E+09   16.66274    
         195   20.60405       13.52942        32175487  7.2484531E+09   16.65103    
         196   20.60405       13.52942        32020031  7.2124201E+09   16.64869    
         197   20.60405       13.52942        32497021  7.2452649E+09   16.47903    
         198   20.60405       13.52942        31390671  7.0258760E+09   16.54325    
         199   20.60405       13.52942        33031995  7.3447864E+09   16.43484    
         200   20.60405       13.52942        31613032  7.0554358E+09   16.49600    
         201   20.60405       13.52942        32084305  7.1630766E+09   16.50167    
         202   20.60405       13.52942        33077558  7.3253002E+09   16.36865    
         203   20.60405       13.52942        32303323  7.1928663E+09   16.45795    
         204   20.60405       13.52942        33604777  7.4548475E+09   16.39679    
         205   20.60405       13.52942        31890810  7.1136451E+09   16.48723    
         206   20.60405       13.52942        33294213  7.4033787E+09   16.43547    
         207   20.60405       13.52942        32940021  7.3192699E+09   16.42347    
         208   20.60405       13.52942        33831361  7.5388974E+09   16.47060    
         209   20.60405       13.52942        34192945  7.5704945E+09   16.36473    
         210   20.60405       13.52942        32414346  7.2287380E+09   16.48338    
         211   20.60405       13.52942        33500359  7.4082852E+09   16.34516    
         212   20.60405       13.52942        34290332  7.6060872E+09   16.39497    
         213   20.60405       13.52942        33528052  7.4491709E+09   16.42179    
         214   20.60405       13.52942        34817531  7.6735852E+09   16.29001    
         215   20.60405       13.52942        32746272  7.2771420E+09   16.42555    
         216   20.60405       13.52942        35159597  7.7295063E+09   16.24908    
         217   20.60405       13.52942        34613890  7.6575990E+09   16.35171    
         218   20.60405       13.52942        33256838  7.3589407E+09   16.35518    
         219   20.60405       13.52942        36046293  7.9478605E+09   16.29711    
         220   20.60405       13.52942        34110739  7.5774766E+09   16.41929    
         221   20.60405       13.52942        35784370  7.8784215E+09   16.27297    
         222   20.60405       13.52942        34741428  7.6834196E+09   16.34662    
         223   20.60405       13.52942        34500847  7.6261187E+09   16.33784    
         224   20.60405       13.52942        34565516  7.6162801E+09   16.28624    
         225   20.60405       13.52942        36270118  8.0543447E+09   16.41354    
         226   20.60405       13.52942        36003719  7.9271066E+09   16.27378    
         227   20.60405       13.52942        35292126  7.8359434E+09   16.41098    
         228   20.60405       13.52942        35750573  7.9122268E+09   16.35825    
         229   20.60405       13.52942        36126819  7.9904998E+09   16.34802    
         230   20.60405       13.52942        36015695  8.0403548E+09   16.50078    
         231   20.60405       13.52942        36249623  8.0266189E+09   16.36629    
         232   20.60405       13.52942        36049923  8.0546980E+09   16.51452    
         233   20.60405       13.52942        37005756  8.2381491E+09   16.45437    
         234   20.60405       13.52942        36279970  8.1042115E+09   16.51068    
         235   20.60405       13.52942        36155934  8.0909716E+09   16.54025    
         236   20.60405       13.52942        36516443  8.1684029E+09   16.53368    
         237   20.60405       13.52942        37014688  8.3161262E+09   16.60611    
         238   20.60405       13.52942        37663676  8.4303140E+09   16.54406    
         239   20.60405       13.52942        37052894  8.3152548E+09   16.58725    
         240   20.60405       13.52942        36815509  8.2491228E+09   16.56143    
         241   20.60405       13.52942        37684929  8.4489989E+09   16.57137    
         242   20.60405       13.52942        37006379  8.3662090E+09   16.70987    
         243   20.60405       13.52942        37925852  8.5353600E+09   16.63441    
         244   20.60405       13.52942        38397241  8.6299617E+09   16.61230    
         245   20.60405       13.52942        37846626  8.5101389E+09   16.61998    
         246   20.60405       13.52942        38799438  8.6741309E+09   16.52424    
         247   20.60405       13.52942        37164136  8.3591194E+09   16.62484    
         248   20.60405       13.52942        38374680  8.5985987E+09   16.56166    
         249   20.60405       13.52942        37631068  8.4450427E+09   16.58732    
         250   20.60405       13.52942        39331529  8.7478927E+09   16.43931    
         251   20.60405       13.52942        38393460  8.5929431E+09   16.54267    
         252   20.60405       13.52942        38604474  8.6177905E+09   16.49982    
         253   20.60405       13.52942        38143163  8.5500964E+09   16.56820    
         254   20.60405       13.52942        38769652  8.6511770E+09   16.49318    
         255   20.60405       13.52942        39320063  8.7285330E+09   16.40771    
         256   20.60405       13.52942        38914736  8.6985554E+09   16.52167    
         257   20.60405       13.52942        39153599  8.7114086E+09   16.44514    
         258   20.60405       13.52942        38825152  8.7033774E+09   16.56897    
         259   20.60405       13.52942        39062235  8.7632630E+09   16.58173    
         260   20.60405       13.52942        39651874  8.8688015E+09   16.53188    
         261   20.60405       13.52942        38196364  8.6173348E+09   16.67523    
         262   20.60405       13.52942        40254474  9.0132726E+09   16.54967    
         263   20.60405       13.52942        39277616  8.8282593E+09   16.61311    
         264   20.60405       13.52942        39533420  8.8671058E+09   16.57824    
         265   20.60405       13.52942        38941739  8.7337820E+09   16.57708    
         266   20.60405       13.52942        38408359  8.6493194E+09   16.64474    
         267   20.60405       13.52942        40761845  9.0735800E+09   16.45303    
         268   20.60405       13.52942        40028716  8.9754900E+09   16.57324    
         269   20.60405       13.52942        39828340  8.9193277E+09   16.55240    
         270   20.60405       13.52942        39525878  8.8543795E+09   16.55761    
         271   20.60405       13.52942        39197721  8.7936061E+09   16.58163    
         272   20.60405       13.52942        40463024  9.0388900E+09   16.51117    
         273   20.60405       13.52942        39061404  8.7900713E+09   16.63281    
         274   20.60405       13.52942        40274596  9.0656594E+09   16.63754    
         275   20.60405       13.52942        40089660  9.0631035E+09   16.70958    
         276   20.60405       13.52942        39723623  9.0019379E+09   16.74974    
         277   20.60405       13.52942        40891250  9.2518482E+09   16.72319    
         278   20.60405       13.52942        39397962  8.9690051E+09   16.82641    
         279   20.60405       13.52942        39545554  8.9587292E+09   16.74441    
         280   20.60405       13.52942        41526335  9.3691259E+09   16.67618    
         281   20.60405       13.52942        40061862  9.0318817E+09   16.66357    
         282   20.60405       13.52942        40435597  9.0813635E+09   16.60000    
         283   20.60405       13.52942        39137625  8.7841382E+09   16.58921    
         284   20.60405       13.52942        40994301  9.1398390E+09   16.47920    
         285   20.60405       13.52942        40285045  8.9927158E+09   16.49939    
         286   20.60405       13.52942        39655166  8.8322509E+09   16.46238    
         287   20.60405       13.52942        40503751  9.0313001E+09   16.48071    
         288   20.60405       13.52942        40748161  9.0850181E+09   16.47930    
         289   20.60405       13.52942        41193907  9.1603692E+09   16.43618    
         290   20.60405       13.52942        39772697  8.8677192E+09   16.47965    
         291   20.60405       13.52942        40495896  9.0049085E+09   16.43574    
         292   20.60405       13.52942        40706309  9.0459853E+09   16.42537    
         293   20.60405       13.52942        41006775  9.1115868E+09   16.42326    
         294   20.60405       13.52942        40506976  8.9925181E+09   16.40864    
         295   20.60405       13.52942        39789577  8.8440586E+09   16.42870    
         296   20.60405       13.52942        40066966  8.8613530E+09   16.34687    
         297   20.60405       13.52942        40695101  8.9867991E+09   16.32240    
         298   20.60405       13.52942        41062687  9.0780754E+09   16.34058    
         299   20.60405       13.52942        40154027  8.9049098E+09   16.39160    
         300   20.60405       13.52942        39792290  8.8294328E+09   16.40042    
         301   20.60405       13.52942        42071891  9.2798843E+09   16.30315    
         302   20.60405       13.52942        40142705  8.9012716E+09   16.38953    
         303   20.60405       13.52942        41303856  9.1292488E+09   16.33674    
         304   20.60405       13.52942        39102000  8.6771364E+09   16.40206    
